Time	thumb tip right X	thumb tip right Y	thumb tip right Z	thumb tip right v(X)	thumb tip right v(Y)	thumb tip right v(Z)
0.00000000	0.00000000	0.00000000	0.00000000	0.00000000	0.00000000	0.00000000
0.01666660	0.01666660	0.01666660	0.01666660	0.01666660	0.01666660	0.01666660
0.000000	0.09023644	-0.04323098	0.07493376	0.00378778	-0.01897708	-0.02898832
0.016667	0.09026334	-0.04356685	0.07451850	0.01031649	-0.02267660	-0.04160793
0.033333	0.09042976	-0.04389741	0.07383914	0.01684520	-0.02637613	-0.05422755
0.050000	0.09076612	-0.04435207	0.07281465	0.01649003	-0.02714688	-0.05463499
0.066666	0.09120594	-0.04488699	0.07162813	0.01623261	-0.02722524	-0.05659439
0.083333	0.09154470	-0.04545362	0.07057120	0.01202957	-0.02573465	-0.05101131
0.100000	0.09167536	-0.04584112	0.06979744	0.00536723	-0.02296030	-0.03972025
0.116666	0.09162939	-0.04612011	0.06930687	-0.00153151	-0.01926977	-0.02526059
0.133333	0.09150714	-0.04638305	0.06899810	-0.00752039	-0.01410440	-0.00836826
0.149999	0.09134925	-0.04665398	0.06891852	-0.01225961	-0.00677158	0.01077045
0.166666	0.09116797	-0.04685650	0.06914052	-0.01584182	0.00347267	0.03126775
0.183333	0.09083183	-0.04672951	0.06989248	-0.01721460	0.01510321	0.04961492
0.199999	0.09046496	-0.04628773	0.07103500	-0.01688666	0.02629119	0.06230510
0.216666	0.09008759	-0.04560066	0.07242075	-0.01537739	0.03425100	0.06664776
0.233332	0.08994671	-0.04493490	0.07361152	-0.01206977	0.03662468	0.06153254
0.249999	0.08979256	-0.04428170	0.07460725	-0.00679522	0.03203475	0.04877043
0.266666	0.08969226	-0.04374567	0.07528301	-0.00141141	0.02272606	0.03220266
0.283332	0.08964027	-0.04334723	0.07569551	0.00207745	0.01155955	0.01457094
0.299999	0.08978282	-0.04332972	0.07577912	0.00499228	0.00035916	-0.00361194
0.316665	0.08997488	-0.04347315	0.07558282	0.00773426	-0.00916336	-0.02065726
0.333332	0.09009247	-0.04381924	0.07505213	0.00977636	-0.01661125	-0.03513190
0.349999	0.09021620	-0.04410670	0.07426704	0.01076293	-0.02194005	-0.04591059
0.366665	0.09038678	-0.04445807	0.07333850	0.01208076	-0.02607930	-0.05267172
0.383332	0.09064170	-0.04493176	0.07238077	0.01314634	-0.02886493	-0.05416903
0.399998	0.09091255	-0.04549103	0.07144312	0.01292223	-0.02959805	-0.05090499
0.416665	0.09115899	-0.04610790	0.07055293	0.01058728	-0.02732899	-0.04502583
0.433332	0.09130580	-0.04657118	0.06986424	0.00607355	-0.02209900	-0.03765356
0.449998	0.09139545	-0.04684717	0.06933311	0.00013970	-0.01516456	-0.02889902
0.466665	0.09134062	-0.04702028	0.06892762	-0.00571179	-0.00864129	-0.01845531
0.483331	0.09118893	-0.04704123	0.06866170	-0.01120687	-0.00334752	-0.00476176
0.499998	0.09090403	-0.04709101	0.06856947	-0.01666247	0.00310374	0.01414621
0.516665	0.09061709	-0.04705133	0.06886192	-0.02008547	0.01125802	0.03560304
0.533331	0.09022525	-0.04689837	0.06966961	-0.01946677	0.02078406	0.05539428
0.549998	0.08979027	-0.04640903	0.07101204	-0.01473835	0.02959887	0.06915694
0.566664	0.08949596	-0.04574452	0.07246428	-0.00872932	0.03620196	0.07440481
0.583331	0.08945618	-0.04494216	0.07383911	-0.00270792	0.03938027	0.06995967
0.599998	0.08964836	-0.04432777	0.07488883	0.00213814	0.03646602	0.05746250
0.616664	0.08974033	-0.04368702	0.07578610	0.00457829	0.02778925	0.04123972
0.633331	0.08979190	-0.04321533	0.07634170	0.00469869	0.01539318	0.02348399
0.649997	0.08978964	-0.04301278	0.07660127	0.00506772	0.00254651	0.00488943
0.666664	0.08987005	-0.04314128	0.07652674	0.00763788	-0.00965925	-0.01387371
0.683331	0.09002153	-0.04358218	0.07609195	0.00999544	-0.01862638	-0.02983273
0.699997	0.09025756	-0.04398639	0.07540066	0.01029689	-0.02246476	-0.04147666
0.716664	0.09054297	-0.04443922	0.07448801	0.00914160	-0.02196745	-0.04837070
0.733330	0.09065656	-0.04476207	0.07359767	0.00831514	-0.02128984	-0.05153043
0.749997	0.09068318	-0.04502780	0.07274403	0.00734064	-0.02247948	-0.05128158
0.766664	0.09073411	-0.04534428	0.07191809	0.00658992	-0.02370632	-0.04846197
0.783330	0.09092917	-0.04581010	0.07107888	0.00768281	-0.02379606	-0.04488970
0.799997	0.09110414	-0.04636364	0.07033176	0.00880103	-0.02157037	-0.03984788
0.816663	0.09123302	-0.04675762	0.06970678	0.00758617	-0.01677747	-0.03184797
0.833330	0.09138535	-0.04693754	0.06919754	0.00337807	-0.00964096	-0.02043725
0.849997	0.09144057	-0.04696083	0.06890212	-0.00246459	-0.00129160	-0.00532726
0.866663	0.09141193	-0.04692842	0.06888019	-0.00849072	0.00650414	0.01314042
0.883330	0.09114046	-0.04682054	0.06922347	-0.01289671	0.01331713	0.03223641
0.899996	0.09078182	-0.04652670	0.07001106	-0.01487220	0.01902487	0.04771818
0.916663	0.09046267	-0.04610946	0.07109555	-0.01448890	0.02530676	0.05822373
0.933330	0.09027800	-0.04559499	0.07228598	-0.01085308	0.03054175	0.06253581
0.949996	0.09016345	-0.04511902	0.07331266	-0.00478787	0.03164362	0.05874017
0.966663	0.09005792	-0.04444665	0.07432207	0.00085973	0.02802413	0.04800533
0.983329	0.09011602	-0.04391614	0.07512123	0.00535952	0.02112015	0.03308220
0.999996	0.09032598	-0.04356929	0.07558901	0.00932209	0.01157804	0.01539955
1.016663	0.09053110	-0.04355722	0.07567304	0.01218748	0.00032729	-0.00446496
1.033329	0.09078470	-0.04370806	0.07536064	0.01185437	-0.00879284	-0.02228545
1.049996	0.09095563	-0.04396582	0.07479188	0.01010180	-0.01365749	-0.03517623
1.066662	0.09117351	-0.04428933	0.07395965	0.00804383	-0.01470788	-0.04267494
1.083329	0.09120356	-0.04455404	0.07316368	0.00561929	-0.01459962	-0.04545755
1.099996	0.09132454	-0.04475087	0.07238032	0.00305445	-0.01356441	-0.04385470
1.116662	0.09132258	-0.04492610	0.07167190	0.00158001	-0.01203730	-0.03950869
1.133329	0.09135340	-0.04515500	0.07102151	0.00107587	-0.01031097	-0.03448735
1.149995	0.09131032	-0.04534673	0.07049599	0.00036378	-0.00880880	-0.02882086
1.166662	0.09135323	-0.04549766	0.07006874	-0.00021197	-0.00800291	-0.02192145
1.183329	0.09135264	-0.04553144	0.06974901	-0.00181374	-0.00669352	-0.01171195
1.199995	0.09135456	-0.04562714	0.06953928	-0.00483791	-0.00387998	0.00324474
1.216662	0.09126028	-0.04577398	0.06958961	-0.00861402	0.00097469	0.02177799
1.233328	0.09106600	-0.04580341	0.07009684	-0.01173177	0.00806193	0.03953566
1.249995	0.09077297	-0.04563273	0.07109594	-0.01415270	0.01709910	0.05318238
1.266662	0.09051149	-0.04517484	0.07233226	-0.01474234	0.02557005	0.05978929
1.283328	0.09026290	-0.04459447	0.07343333	-0.01269547	0.03014357	0.05725642
1.299995	0.09004273	-0.04397590	0.07436813	-0.00828191	0.02853017	0.04584077
1.316661	0.08989540	-0.04344376	0.07503954	-0.00268934	0.02056601	0.02887614
1.333328	0.08988997	-0.04313115	0.07546137	0.00376438	0.00849293	0.00995383
1.349995	0.09004921	-0.04308781	0.07545444	0.01006708	-0.00474894	-0.00931546
1.366661	0.09029844	-0.04336394	0.07506301	0.01459671	-0.01526535	-0.02650123
1.383328	0.09062794	-0.04382036	0.07438979	0.01547428	-0.02071897	-0.03910621
1.399994	0.09093855	-0.04432121	0.07352298	0.01267677	-0.02073037	-0.04582446
1.416661	0.09118565	-0.04466625	0.07268292	0.00831432	-0.01772629	-0.04805875
1.433328	0.09123902	-0.04486579	0.07186894	0.00495369	-0.01460454	-0.04633483
1.449994	0.09117971	-0.04495905	0.07113769	0.00326888	-0.01153008	-0.04078609
1.466661	0.09115303	-0.04516682	0.07041653	0.00237488	-0.00839330	-0.03250947
1.483327	0.09127905	-0.04540822	0.06987697	0.00101678	-0.00575671	-0.02237951
1.499994	0.09140997	-0.04550093	0.06960806	-0.00179612	-0.00364173	-0.01002807
1.516661	0.09139887	-0.04544111	0.06958199	-0.00614478	0.00083283	0.00656589
1.533327	0.09115338	-0.04534892	0.06976067	-0.00965528	0.00642582	0.02458608
1.549994	0.09084651	-0.04533200	0.07022301	-0.00963423	0.01112201	0.03962451
1.566660	0.09058563	-0.04507666	0.07119785	-0.00627550	0.01494216	0.04979515
1.583327	0.09058142	-0.04477914	0.07231069	-0.00151598	0.01966643	0.05473714
1.599994	0.09070686	-0.04432818	0.07335404	0.00252695	0.02328223	0.05243903
1.616660	0.09083714	-0.04395938	0.07413810	0.00428954	0.02279743	0.04194288
1.633327	0.09089278	-0.04347866	0.07477178	0.00361694	0.01732496	0.02537954
1.649993	0.09090379	-0.04315574	0.07517260	0.00352190	0.00788023	0.00486033
1.666660	0.09092183	-0.04303098	0.07515918	0.00585767	-0.00379823	-0.01783203
1.683326	0.09098124	-0.04329547	0.07462522	0.00953268	-0.01588900	-0.03976469
1.699993	0.09120554	-0.04373920	0.07362176	0.01131114	-0.02446870	-0.05513724
1.716660	0.09152982	-0.04433678	0.07234666	0.01002889	-0.02772721	-0.06059041
1.733326	0.09180969	-0.04485580	0.07114323	0.00559440	-0.02556927	-0.05661223
1.749993	0.09182136	-0.04526944	0.07025874	-0.00082605	-0.02067690	-0.04608635
1.766659	0.09167133	-0.04553845	0.06967860	-0.00653132	-0.01552927	-0.03251432
1.783326	0.09139837	-0.04568206	0.06931191	-0.00947807	-0.01213041	-0.01868729
1.799993	0.09121643	-0.04582995	0.06906368	-0.01008358	-0.00962406	-0.00435380
1.816659	0.09110151	-0.04598831	0.06902610	-0.01037106	-0.00573952	0.01247635
1.833326	0.09100873	-0.04617712	0.06928175	-0.01087350	0.00223611	0.03143446
1.849993	0.09081708	-0.04619613	0.06999002	-0.01128637	0.01277131	0.04818455
1.866659	0.09052191	-0.04588297	0.07112394	-0.01085733	0.02267018	0.05821091
1.883326	0.09028520	-0.04519289	0.07242823	-0.00862211	0.02916208	0.06002376
1.899992	0.09017558	-0.04451364	0.07351651	-0.00451883	0.03005438	0.05296184
1.916659	0.09017158	-0.04396531	0.07427011	0.00022296	0.02412802	0.03783401
1.933326	0.09026414	-0.04369798	0.07476596	0.00420289	0.01310076	0.01782901
1.949992	0.09033896	-0.04354987	0.07496002	0.00766824	0.00020556	-0.00394156
1.966659	0.09048992	-0.04364032	0.07476237	0.01106509	-0.01308390	-0.02649798
1.983325	0.09065816	-0.04394009	0.07409808	0.01416115	-0.02527251	-0.04729171
1.999992	0.09096257	-0.04451600	0.07301509	0.01608468	-0.03443814	-0.06214573
2.016659	0.09130620	-0.04529617	0.07165918	0.01533742	-0.03895857	-0.06858872
2.033325	0.09162255	-0.04608172	0.07034350	0.01159673	-0.03960881	-0.06635585
2.049992	0.09181719	-0.04672735	0.06924575	0.00529880	-0.03612099	-0.05636365
2.066658	0.09180756	-0.04723630	0.06841847	-0.00209839	-0.02877742	-0.04055356
2.083325	0.09167867	-0.04770862	0.06784660	-0.00985049	-0.01933117	-0.02112594
2.099992	0.09144113	-0.04802209	0.06759453	-0.01612674	-0.00996283	0.00110671
2.116658	0.09113134	-0.04809431	0.06775432	-0.01978025	0.00063151	0.02525705
2.133325	0.09070549	-0.04792691	0.06839093	-0.01998813	0.01342503	0.04785136
2.149991	0.09030267	-0.04766420	0.06950133	-0.01644271	0.02643970	0.06415590
2.166658	0.08998031	-0.04712553	0.07092523	-0.00908870	0.03599349	0.07096282
2.183325	0.08991018	-0.04636779	0.07232253	-0.00024814	0.04096480	0.06785613
2.199991	0.09001886	-0.04542980	0.07346657	0.00740643	0.04050102	0.05598854
2.216658	0.09034251	-0.04471783	0.07423835	0.01191349	0.03342450	0.03863335
2.233324	0.09059425	-0.04419658	0.07472838	0.01239904	0.02088363	0.01930226
2.249991	0.09084102	-0.04401775	0.07487816	0.01033273	0.00552504	-0.00042662
2.266658	0.09093264	-0.04404980	0.07474631	0.00808510	-0.00879718	-0.02041721
2.283324	0.09099609	-0.04434137	0.07424346	0.00773619	-0.02049953	-0.03911086
2.299991	0.09108041	-0.04486434	0.07338810	0.00813145	-0.02837150	-0.05322712
2.316657	0.09124501	-0.04544612	0.07221770	0.00812310	-0.03184413	-0.06094585
2.333324	0.09149921	-0.04608140	0.07099226	0.00720411	-0.03114663	-0.06234973
2.349991	0.09162097	-0.04659624	0.06993112	0.00583793	-0.02773136	-0.05803441
2.366657	0.09163976	-0.04699104	0.06907343	0.00381605	-0.02266779	-0.04902863
2.383324	0.09162325	-0.04732932	0.06832325	0.00140824	-0.01662229	-0.03715470
2.399990	0.09165812	-0.04755565	0.06773834	-0.00167762	-0.01033441	-0.02233443
2.416657	0.09170927	-0.04772205	0.06738682	-0.00660240	-0.00334121	-0.00304059
2.433324	0.09162430	-0.04771477	0.06743069	-0.01286102	0.00522051	0.01991068
2.449990	0.09131185	-0.04757363	0.06796662	-0.01899287	0.01591517	0.04256053
2.466657	0.09081843	-0.04726225	0.06901237	-0.02216896	0.02632416	0.06018480
2.483323	0.09032822	-0.04670458	0.07035532	-0.01943402	0.03283616	0.06839735
2.499990	0.08995525	-0.04593299	0.07172564	-0.01118150	0.03420778	0.06516397
2.516656	0.08983427	-0.04521615	0.07287177	-0.00139073	0.03090137	0.05266218
2.533323	0.09000225	-0.04473513	0.07362404	0.00668711	0.02353123	0.03488078
2.549990	0.09030904	-0.04452754	0.07396598	0.01188056	0.01366850	0.01445966
2.566656	0.09056653	-0.04439841	0.07402787	0.01454955	0.00265445	-0.00717069
2.583323	0.09075800	-0.04438674	0.07378914	0.01539121	-0.00765265	-0.02685032
2.599989	0.09094382	-0.04451505	0.07318991	0.01586216	-0.01664615	-0.04171351
2.616656	0.09126924	-0.04497836	0.07216346	0.01635178	-0.02357815	-0.05134260
2.633323	0.09159295	-0.04552336	0.07107611	0.01605584	-0.02786441	-0.05629156
2.649989	0.09192236	-0.04612036	0.07010664	0.01452806	-0.02896274	-0.05621605
2.666656	0.09210678	-0.04652176	0.06928539	0.01242542	-0.02754759	-0.05183386
2.683322	0.09224039	-0.04694002	0.06844742	0.00959974	-0.02470138	-0.04517573
2.699989	0.09237522	-0.04731225	0.06765233	0.00482151	-0.02075688	-0.03611210
2.716656	0.09253401	-0.04773767	0.06702005	-0.00241385	-0.01403386	-0.02101154
2.733322	0.09252977	-0.04798523	0.06671235	-0.01145770	-0.00316856	0.00171707
2.749989	0.09224028	-0.04804084	0.06682017	-0.01911827	0.01018312	0.02746269
2.766655	0.09166405	-0.04765637	0.06759883	-0.02177482	0.02263214	0.04926388
2.783322	0.09108165	-0.04706150	0.06886126	-0.01879770	0.03314386	0.06357613
2.799989	0.09076849	-0.04630930	0.07029042	-0.01232186	0.03957008	0.06857020
2.816655	0.09081092	-0.04569811	0.07145308	-0.00567479	0.04025816	0.06436042
2.833322	0.09091820	-0.04491531	0.07242548	-0.00133206	0.03498529	0.05313183
2.849988	0.09094074	-0.04434010	0.07317501	0.00055220	0.02563397	0.03823799
2.866655	0.09080472	-0.04382600	0.07382108	0.00175842	0.01294434	0.02111127
2.883322	0.09076363	-0.04383036	0.07407682	0.00554795	-0.00305207	0.00039119
2.899988	0.09089383	-0.04399842	0.07396841	0.01229485	-0.01784937	-0.02219615
2.916655	0.09118928	-0.04453422	0.07333976	0.01954787	-0.02748789	-0.04221296
2.933321	0.09166473	-0.04519774	0.07228477	0.02370080	-0.03014156	-0.05535673
2.949988	0.09213938	-0.04580942	0.07108274	0.02313195	-0.02801247	-0.06050559
2.966655	0.09260818	-0.04624956	0.06995851	0.01804866	-0.02302293	-0.05806462
2.983321	0.09287643	-0.04647124	0.06907514	0.01050245	-0.01805156	-0.04986385
2.999988	0.09294418	-0.04665333	0.06835345	0.00289102	-0.01418611	-0.03837843
3.016654	0.09285090	-0.04690967	0.06775136	-0.00408442	-0.01143080	-0.02476423
3.033321	0.09269549	-0.04713101	0.06740236	-0.01102605	-0.00715691	-0.00727437
3.049988	0.09254654	-0.04731349	0.06731201	-0.01774098	0.00075775	0.01514966
3.066654	0.09226076	-0.04727182	0.06769862	-0.02326189	0.01256525	0.03892132
3.083321	0.09173144	-0.04695255	0.06863682	-0.02700030	0.02584049	0.05808883
3.099988	0.09113937	-0.04638746	0.07002040	-0.02764631	0.03583900	0.06783993
3.116654	0.09058215	-0.04552719	0.07149648	-0.02319323	0.03884866	0.06605227
3.133321	0.09024701	-0.04469730	0.07264961	-0.01471987	0.03476742	0.05431487
3.149987	0.09008239	-0.04409448	0.07336304	-0.00603954	0.02632573	0.03736679
3.166654	0.09014586	-0.04384060	0.07371740	0.00114277	0.01546410	0.01942221
3.183321	0.09028459	-0.04382719	0.07384581	0.00736094	0.00459427	0.00160717
3.199987	0.09039780	-0.04376641	0.07385926	0.01378855	-0.00569214	-0.01704744
3.216654	0.09059788	-0.04388744	0.07351947	0.02044936	-0.01508013	-0.03581635
3.233320	0.09096008	-0.04412431	0.07274385	0.02683099	-0.02372984	-0.05145667
3.249987	0.09156928	-0.04473566	0.07150222	0.02998081	-0.03020805	-0.05969846
3.266654	0.09225272	-0.04541904	0.07018259	0.02687163	-0.03185896	-0.05776581
3.283320	0.09281161	-0.04606489	0.06914586	0.01699089	-0.02744056	-0.04539359
3.299987	0.09301748	-0.04649502	0.06855512	0.00346148	-0.01787422	-0.02443845
3.316653	0.09284544	-0.04666692	0.06836105	-0.00981283	-0.00568463	0.00180834
3.333320	0.09241851	-0.04662970	0.06855103	-0.01966503	0.00777300	0.02891343
3.349987	0.09198440	-0.04642770	0.06920250	-0.02494651	0.02150708	0.05149847
3.366653	0.09153128	-0.04596722	0.07044819	-0.02623308	0.03353631	0.06608032
3.383320	0.09114028	-0.04529336	0.07195363	-0.02377792	0.04044191	0.07170013
3.399986	0.09067582	-0.04433594	0.07333363	-0.01843274	0.04091231	0.06833898
3.416653	0.09031755	-0.04350590	0.07434814	-0.01166196	0.03557294	0.05717580
3.433320	0.09020037	-0.04298212	0.07511187	-0.00464553	0.02483789	0.04183037
3.449986	0.09028376	-0.04275428	0.07572103	0.00198264	0.01127505	0.02588044
3.466653	0.09045321	-0.04271962	0.07609297	0.00802826	-0.00242074	0.00864751
3.483319	0.09057969	-0.04284743	0.07613387	0.01321731	-0.01369312	-0.01136013
3.499986	0.09072815	-0.04312083	0.07582247	0.01791045	-0.02371010	-0.03235901
3.516653	0.09110594	-0.04371567	0.07501425	0.02194026	-0.03140416	-0.04911904
3.533319	0.09156497	-0.04426144	0.07391033	0.02344390	-0.03480506	-0.05860944
3.549986	0.09213283	-0.04509672	0.07262053	0.02132026	-0.03424573	-0.06131200
3.566652	0.09248947	-0.04559360	0.07160816	0.01648742	-0.03198355	-0.05817753
3.583319	0.09263277	-0.04607249	0.07076490	0.01088825	-0.02849462	-0.05059613
3.599985	0.09268354	-0.04641834	0.07001303	0.00547497	-0.02260711	-0.04060285
3.616652	0.09271076	-0.04684992	0.06933615	0.00091300	-0.01609555	-0.03109497
3.633319	0.09280473	-0.04719977	0.06882755	-0.00392852	-0.00924146	-0.02099869
3.649985	0.09274738	-0.04723718	0.06863498	-0.00961546	-0.00321222	-0.00759321
3.666652	0.09252088	-0.04710344	0.06857857	-0.01595787	0.00375133	0.01017243
3.683318	0.09212085	-0.04694153	0.06878449	-0.02122917	0.01087916	0.02886795
3.699985	0.09165929	-0.04684401	0.06940362	-0.02164004	0.01690827	0.04477496
3.716652	0.09123313	-0.04657754	0.07047940	-0.01589945	0.02314826	0.05710993
3.733318	0.09090654	-0.04606820	0.07172623	-0.00536023	0.03070698	0.06311446
3.749985	0.09091407	-0.04544985	0.07284479	0.00540713	0.03716651	0.05959091
3.766651	0.09119859	-0.04471394	0.07386026	0.01248376	0.03779699	0.04703869
3.783318	0.09169641	-0.04399282	0.07459682	0.01427429	0.03044336	0.02990962
3.799985	0.09200423	-0.04338639	0.07498188	0.01134724	0.01698573	0.01035750
3.816651	0.09207907	-0.04316574	0.07492941	0.00641688	0.00024814	-0.01142808
3.833318	0.09199869	-0.04344263	0.07455262	0.00332562	-0.01722278	-0.03272200
3.849984	0.09195332	-0.04398064	0.07382564	0.00344442	-0.03055909	-0.04837827
3.866651	0.09205218	-0.04469724	0.07274894	0.00414187	-0.03506958	-0.05544964
3.883318	0.09227660	-0.04543952	0.07152452	0.00276321	-0.03071930	-0.05431603
3.899984	0.09239586	-0.04597921	0.07054935	-0.00132639	-0.02184180	-0.04548840
3.916651	0.09232232	-0.04624552	0.06991670	-0.00715836	-0.01263594	-0.02997295
3.933317	0.09202173	-0.04617245	0.06962021	-0.01343576	-0.00498243	-0.00952274
3.949984	0.09171660	-0.04612738	0.06955540	-0.01817528	0.00174136	0.01332810
3.966651	0.09140910	-0.04614859	0.06985629	-0.01997550	0.00783197	0.03572147
3.983317	0.09106416	-0.04612597	0.07069548	-0.01905650	0.01420155	0.05454789
3.999984	0.09069959	-0.04582389	0.07197838	-0.01775093	0.02213230	0.06726620
4.016651	0.09038348	-0.04528090	0.07341495	-0.01619524	0.02993743	0.07118671
4.033317	0.09019692	-0.04462039	0.07468258	-0.01300340	0.03272442	0.06443240
4.049984	0.08998275	-0.04398188	0.07570042	-0.00856012	0.02802063	0.04903519
4.066650	0.08983098	-0.04343374	0.07643402	-0.00393579	0.01711558	0.02804499
4.083317	0.08979809	-0.04325553	0.07674346	0.00202806	0.00152860	0.00339271
4.099983	0.08987050	-0.04334775	0.07666421	0.00999596	-0.01502602	-0.02213930
4.116650	0.09008869	-0.04382257	0.07600937	0.01702498	-0.02814477	-0.04349111
4.133317	0.09047169	-0.04454894	0.07492246	0.01995378	-0.03432543	-0.05677604
4.149983	0.09098094	-0.04528015	0.07363348	0.01860086	-0.03371301	-0.06154636
4.166650	0.09138301	-0.04592166	0.07250630	0.01504412	-0.02868185	-0.05851486
4.183316	0.09150083	-0.04622379	0.07166944	0.00950653	-0.02262233	-0.04843556
4.199983	0.09149154	-0.04644607	0.07096240	0.00138198	-0.01593540	-0.03168633
4.216650	0.09151845	-0.04666667	0.07041346	-0.00786069	-0.00826448	-0.00968956
4.233316	0.09145401	-0.04691102	0.07025142	-0.01601471	0.00168598	0.01602440
4.249983	0.09111254	-0.04691606	0.07075123	-0.02107789	0.01423018	0.04188837
4.266649	0.09049044	-0.04654758	0.07190435	-0.02252793	0.02736132	0.06188123
4.283316	0.08991306	-0.04577826	0.07339305	-0.02067056	0.03863538	0.07067437
4.299983	0.08968133	-0.04495014	0.07480310	-0.01421535	0.04316483	0.06383377
4.316649	0.08963294	-0.04412701	0.07587009	-0.00277163	0.03759583	0.04175713
4.333316	0.08961174	-0.04344130	0.07649792	0.00976421	0.02408050	0.01097181
4.349982	0.08974515	-0.04308784	0.07639827	0.01957089	0.00619200	-0.02022803
4.366649	0.09022678	-0.04318534	0.07562502	0.02677243	-0.01310993	-0.04565321
4.383316	0.09093274	-0.04365177	0.07438079	0.03100255	-0.02965961	-0.06134170
4.399982	0.09156977	-0.04442827	0.07307183	0.02888911	-0.03829662	-0.06459538
4.416649	0.09204500	-0.04524669	0.07194980	0.01944460	-0.03815391	-0.05771079
4.433315	0.09231211	-0.04602287	0.07104890	0.00658969	-0.03306972	-0.04472154
4.449982	0.09228913	-0.04640748	0.07048246	-0.00622260	-0.02633664	-0.02785176
4.466649	0.09201588	-0.04665003	0.07008095	-0.01832496	-0.01730970	-0.00661346
4.483315	0.09157690	-0.04688228	0.07003503	-0.02741091	-0.00645662	0.01683089
4.499982	0.09102520	-0.04712078	0.07045736	-0.03056535	0.00507701	0.03929769
4.516648	0.09036295	-0.04698477	0.07149569	-0.02737198	0.01860701	0.05768840
4.533315	0.08982456	-0.04649577	0.07281287	-0.02069038	0.03259799	0.06760456
4.549982	0.08955042	-0.04567056	0.07418276	-0.01205766	0.04265080	0.06525673
4.566648	0.08958064	-0.04475925	0.07531609	-0.00249532	0.04374533	0.05080825
4.583315	0.08962951	-0.04392194	0.07611903	0.00683526	0.03473581	0.02796080
4.599981	0.08977481	-0.04330893	0.07638878	0.01502054	0.01766912	0.00089944
4.616648	0.08999135	-0.04314687	0.07615857	0.02140080	-0.00238496	-0.02489510
4.633315	0.09049215	-0.04344161	0.07538475	0.02574625	-0.02053461	-0.04460442
4.649981	0.09109328	-0.04412587	0.07429639	0.02641763	-0.03249923	-0.05523659
4.666648	0.09162281	-0.04490345	0.07314982	0.02273297	-0.03681099	-0.05817757
4.683314	0.09197403	-0.04558982	0.07215928	0.01516873	-0.03500522	-0.05533587
4.699981	0.09207988	-0.04608271	0.07139153	0.00731214	-0.03021332	-0.04910593
4.716648	0.09209546	-0.04647810	0.07061455	0.00107456	-0.02578576	-0.04087744
4.733314	0.09200431	-0.04684030	0.06994267	-0.00388464	-0.02063612	-0.02946731
4.749981	0.09196631	-0.04721896	0.06938489	-0.00924628	-0.01353279	-0.01229630
4.766647	0.09184028	-0.04754973	0.06920451	-0.01467413	-0.00414695	0.01053576
4.783314	0.09156238	-0.04751058	0.06958453	-0.01761045	0.00866668	0.03522708
4.799981	0.09107811	-0.04724101	0.07051423	-0.01701507	0.02364924	0.05611103
4.816647	0.09064032	-0.04668302	0.07184252	-0.01292416	0.03630282	0.06803909
4.833314	0.09048810	-0.04588362	0.07325295	-0.00728841	0.04298773	0.06930573
4.849980	0.09057254	-0.04500531	0.07445323	-0.00151873	0.04319430	0.06074501
4.866647	0.09072004	-0.04415879	0.07539111	0.00285016	0.03634074	0.04531767
4.883314	0.09070987	-0.04360571	0.07599464	0.00568791	0.02436232	0.02632565
4.899980	0.09072220	-0.04330556	0.07629734	0.00821463	0.01075950	0.00595389
4.916647	0.09084440	-0.04334031	0.07624796	0.01238351	-0.00165508	-0.01448440
4.933313	0.09115756	-0.04353565	0.07580422	0.01737631	-0.01139569	-0.03297498
4.949980	0.09153944	-0.04380764	0.07503275	0.02053042	-0.01802495	-0.04718986
4.966647	0.09197000	-0.04416296	0.07399400	0.02020367	-0.02109186	-0.05557645
4.983313	0.09231070	-0.04456285	0.07291742	0.01685328	-0.02287151	-0.05866003
4.999980	0.09258931	-0.04499753	0.07191707	0.01229034	-0.02494476	-0.05699154
5.016646	0.09270108	-0.04535516	0.07101905	0.00682617	-0.02525496	-0.05018023
5.033313	0.09276631	-0.04579575	0.07017627	0.00050899	-0.02330439	-0.03848941
5.049980	0.09276459	-0.04628766	0.06949315	-0.00760800	-0.01978487	-0.02137167
5.066646	0.09262707	-0.04658823	0.06919289	-0.01708153	-0.01311270	0.00151247
5.083313	0.09231298	-0.04680516	0.06937571	-0.02605478	-0.00145302	0.02790581
5.099979	0.09167786	-0.04675734	0.07014786	-0.03137787	0.01339121	0.05235890
5.116646	0.09096096	-0.04645431	0.07138453	-0.03176951	0.02721337	0.06933694
5.133313	0.09032210	-0.04579268	0.07288149	-0.02751924	0.03629638	0.07614453
5.149979	0.08996986	-0.04487807	0.07433455	-0.02023977	0.03946210	0.07256876
5.166646	0.08979823	-0.04410172	0.07551888	-0.01275004	0.03653649	0.06071845
5.183312	0.08968594	-0.04357029	0.07641696	-0.00652659	0.02876398	0.04368095
5.199979	0.08959059	-0.04322731	0.07698469	-0.00100539	0.01874881	0.02398504
5.216646	0.08954074	-0.04305981	0.07725464	0.00601033	0.00820584	0.00206140
5.233312	0.08964967	-0.04288236	0.07716043	0.01436630	-0.00259212	-0.02095413
5.249979	0.08998417	-0.04299261	0.07663103	0.02264662	-0.01303851	-0.04217369
5.266645	0.09053288	-0.04331825	0.07562488	0.02795700	-0.02237513	-0.05769376
5.283312	0.09113059	-0.04390079	0.07433798	0.02871555	-0.02947786	-0.06498571
5.299979	0.09169716	-0.04452690	0.07302507	0.02439982	-0.03214847	-0.06405681
5.316645	0.09203115	-0.04507994	0.07199229	0.01555695	-0.03156699	-0.05727880
5.333312	0.09225252	-0.04559671	0.07118729	0.00368373	-0.02952476	-0.04652534
5.349978	0.09220958	-0.04598514	0.07055634	-0.00929244	-0.02747033	-0.03211213
5.366645	0.09196472	-0.04645192	0.06997645	-0.02109923	-0.02272511	-0.01358630
5.383312	0.09144785	-0.04688217	0.06973676	-0.02935343	-0.01424287	0.00804405
5.399978	0.09076455	-0.04723316	0.07003734	-0.03192721	-0.00292062	0.03037621
5.416645	0.09009951	-0.04713470	0.07095821	-0.02850227	0.01057493	0.05047267
5.433311	0.08962090	-0.04674330	0.07214238	-0.01981006	0.02299227	0.06385735
5.449978	0.08939274	-0.04612885	0.07338621	-0.00991028	0.03222689	0.06808223
5.466645	0.08940315	-0.04546925	0.07456065	-0.00375272	0.03713584	0.06377115
5.483311	0.08953868	-0.04489800	0.07561426	-0.00177231	0.03824905	0.05298543
5.499978	0.08958738	-0.04421330	0.07649687	0.00039902	0.03386058	0.03542493
5.516644	0.08940986	-0.04358713	0.07704546	0.00572643	0.02407529	0.01204328
5.533311	0.08930928	-0.04305669	0.07713050	0.01323351	0.01065313	-0.01387389
5.549978	0.08962592	-0.04304137	0.07656837	0.02101210	-0.00495771	-0.03723096
5.566644	0.09032570	-0.04341435	0.07555038	0.02755388	-0.02102303	-0.05405299
5.583311	0.09101316	-0.04397986	0.07431608	0.02868951	-0.03259430	-0.06073778
5.599977	0.09144335	-0.04464870	0.07319888	0.02190789	-0.03585610	-0.05770542
5.616644	0.09172538	-0.04537956	0.07223362	0.01051564	-0.03312068	-0.04914453
5.633311	0.09179353	-0.04594282	0.07159754	-0.00040308	-0.02802728	-0.03813453
5.649977	0.09168874	-0.04632893	0.07106062	-0.00912785	-0.02236148	-0.02485233
5.666644	0.09140408	-0.04651328	0.07069425	-0.01581597	-0.01595917	-0.00831935
5.683311	0.09103774	-0.04676265	0.07053284	-0.02160617	-0.00831719	0.01082849
5.699977	0.09066212	-0.04696944	0.07084261	-0.02712533	0.00218703	0.03178613
5.716644	0.09024829	-0.04697484	0.07167214	-0.03007629	0.01592708	0.05118607
5.733310	0.08965093	-0.04660913	0.07283116	-0.02833978	0.02998908	0.06432757
5.749977	0.08899174	-0.04579189	0.07417277	-0.02277536	0.03909954	0.06733817
5.766644	0.08855685	-0.04482935	0.07541557	-0.01470117	0.04054099	0.06029969
5.783310	0.08852342	-0.04403335	0.07641485	-0.00449287	0.03298489	0.04456083
5.799976	0.08866324	-0.04359953	0.07705072	0.00632568	0.01909547	0.02264367
5.816643	0.08884075	-0.04346196	0.07726607	0.01453677	0.00269278	-0.00247900
5.833310	0.08906478	-0.04361143	0.07699556	0.01940258	-0.01213835	-0.02716206
5.849977	0.08947491	-0.04389614	0.07628038	0.02316983	-0.02281384	-0.04746493
5.866643	0.08994572	-0.04448033	0.07514975	0.02564653	-0.02899837	-0.06080674
5.883309	0.09043608	-0.04506918	0.07390495	0.02454201	-0.03087576	-0.06625858
5.899976	0.09088646	-0.04567324	0.07268693	0.02012216	-0.02951615	-0.06496251
5.916643	0.09120273	-0.04611716	0.07165104	0.01416763	-0.02572232	-0.05825223
5.933310	0.09134117	-0.04644724	0.07076710	0.00753901	-0.02357902	-0.04878548
5.949976	0.09138749	-0.04679115	0.06998251	-0.00000019	-0.02431838	-0.03702778
5.966642	0.09133246	-0.04708096	0.06944833	-0.00914901	-0.02611264	-0.02095682
5.983309	0.09121984	-0.04765813	0.06908560	-0.01901630	-0.02438879	0.00076376
5.999976	0.09083053	-0.04820416	0.06919787	-0.02769619	-0.01612895	0.02569589
6.016643	0.09017324	-0.04862041	0.06986967	-0.03240952	-0.00167397	0.04882769
6.033309	0.08942201	-0.04851489	0.07108613	-0.03175938	0.01661276	0.06634713
6.049975	0.08878727	-0.04788368	0.07258085	-0.02468182	0.03273668	0.07552736
6.066642	0.08850927	-0.04704124	0.07394024	-0.01293758	0.04214449	0.07531308
6.083309	0.08841487	-0.04610732	0.07517695	-0.00105966	0.04333063	0.06660216
6.099976	0.08859383	-0.04543431	0.07622645	0.00613059	0.03940481	0.05309733
6.116642	0.08884910	-0.04488769	0.07705566	0.00944827	0.03292924	0.03696851
6.133308	0.08907416	-0.04443179	0.07757317	0.01203628	0.02444085	0.01758158
6.149975	0.08914611	-0.04400414	0.07771453	0.01417587	0.01358995	-0.00483127
6.166642	0.08932360	-0.04371609	0.07747663	0.01617371	-0.00004452	-0.02737868
6.183309	0.08967750	-0.04381705	0.07678330	0.01817830	-0.01374647	-0.04558574
6.199975	0.09012283	-0.04430613	0.07569548	0.01921114	-0.02469117	-0.05763192
6.216641	0.09049146	-0.04502120	0.07448152	0.01629940	-0.03066552	-0.06314694
6.233308	0.09072577	-0.04563191	0.07337341	0.01050268	-0.03069532	-0.06156618
6.249975	0.09085035	-0.04607148	0.07239293	0.00468342	-0.02667717	-0.05402657
6.266641	0.09079430	-0.04641879	0.07153308	-0.00030216	-0.02165775	-0.04276758
6.283308	0.09074859	-0.04671289	0.07084585	-0.00629502	-0.01827638	-0.02963298
6.299974	0.09065986	-0.04702999	0.07043213	-0.01337813	-0.01458390	-0.01361864
6.316641	0.09048475	-0.04726199	0.07035693	-0.02013255	-0.00928806	0.00566179
6.333308	0.09001797	-0.04747897	0.07054891	-0.02511362	-0.00071094	0.02707593
6.349974	0.08940680	-0.04739650	0.07119157	-0.02719573	0.01225923	0.04746989
6.366641	0.08882866	-0.04719546	0.07218204	-0.02560797	0.02755966	0.06301302
6.383307	0.08847301	-0.04655655	0.07357723	-0.01996853	0.04079077	0.07070313
6.399974	0.08823842	-0.04563722	0.07499173	-0.01187534	0.04731931	0.06825408
6.416641	0.08810129	-0.04456808	0.07620228	-0.00359302	0.04679594	0.05601127
6.433307	0.08806074	-0.04367992	0.07705090	0.00336410	0.03888993	0.03570765
6.449974	0.08820409	-0.04321862	0.07743344	0.00984680	0.02476799	0.01103957
6.466640	0.08847050	-0.04293266	0.07744475	0.01643299	0.00740667	-0.01479736
6.483307	0.08878798	-0.04294446	0.07695378	0.02252137	-0.00878464	-0.03769409
6.499974	0.08919093	-0.04321807	0.07605061	0.02597223	-0.02226039	-0.05399971
6.516640	0.08969065	-0.04377238	0.07481621	0.02587690	-0.03132444	-0.06105064
6.533307	0.09025837	-0.04451535	0.07356404	0.02183305	-0.03352262	-0.05837255
6.549973	0.09064901	-0.04522232	0.07256159	0.01386462	-0.02947072	-0.04847360
6.566640	0.09081543	-0.04569618	0.07191996	0.00407686	-0.02095037	-0.03464612
6.583307	0.09070162	-0.04588654	0.07155179	-0.00368276	-0.01271348	-0.02095927
6.599973	0.09044609	-0.04590182	0.07134342	-0.00797185	-0.00754326	-0.00843394
6.616640	0.09022927	-0.04587855	0.07127004	-0.01128369	-0.00573580	0.00394096
6.633307	0.09014598	-0.04605192	0.07133888	-0.01565671	-0.00376492	0.01779183
6.649973	0.09001788	-0.04620293	0.07173499	-0.02067667	0.00063150	0.03230711
6.666640	0.08959856	-0.04633447	0.07242571	-0.02438883	0.00873858	0.04550237
6.683306	0.08892825	-0.04601908	0.07344761	-0.02506873	0.01942013	0.05451012
6.699973	0.08833698	-0.04556317	0.07451008	-0.02156259	0.02933674	0.05671587
6.716640	0.08805472	-0.04484870	0.07556731	-0.01462641	0.03407757	0.05067648
6.733306	0.08803979	-0.04419418	0.07640757	-0.00611941	0.03243474	0.03644507
6.749973	0.08807395	-0.04358615	0.07698301	0.00347076	0.02434051	0.01461437
6.766639	0.08806306	-0.04325933	0.07711253	0.01379063	0.01027204	-0.01249728
6.783306	0.08821303	-0.04309277	0.07671629	0.02385130	-0.00756850	-0.03919304
6.799973	0.08877471	-0.04342053	0.07566332	0.03149574	-0.02414396	-0.05869393
6.816639	0.08960657	-0.04400437	0.07424425	0.03457165	-0.03429628	-0.06702454
6.833306	0.09041471	-0.04500252	0.07280251	0.03053968	-0.03711505	-0.06472703
6.849972	0.09084456	-0.04570475	0.07180256	0.01929421	-0.03443743	-0.05462434
6.866639	0.09100656	-0.04617137	0.07114027	0.00511678	-0.02800109	-0.03985138
6.883306	0.09088774	-0.04637621	0.07066632	-0.00666640	-0.01940862	-0.02287673
6.899972	0.09063158	-0.04668400	0.07026963	-0.01507363	-0.01200625	-0.00508899
6.916639	0.09029328	-0.04693387	0.07020134	-0.02135330	-0.00456376	0.01399687
6.933305	0.08993974	-0.04702507	0.07062040	-0.02481120	0.00551541	0.03442178
6.949972	0.08946426	-0.04684492	0.07150819	-0.02376607	0.01978592	0.05329883
6.966639	0.08895271	-0.04639574	0.07265678	-0.01871981	0.03353989	0.06523304
6.983305	0.08854827	-0.04565145	0.07396383	-0.01246115	0.04205681	0.06667373
6.999972	0.08851845	-0.04468446	0.07520455	-0.00596164	0.04413699	0.05784687
7.016638	0.08863380	-0.04381750	0.07621305	0.00011735	0.03900670	0.04124833
7.033305	0.08870181	-0.04321843	0.07675239	0.00504794	0.02612152	0.01903814
7.049972	0.08871018	-0.04286350	0.07683819	0.00862013	0.00835934	-0.00607471
7.066638	0.08878104	-0.04288461	0.07650384	0.01229500	-0.00889972	-0.02992098
7.083305	0.08909491	-0.04322396	0.07576220	0.01657809	-0.02304619	-0.04850623
7.099971	0.08949317	-0.04388000	0.07467715	0.01972951	-0.03279874	-0.06003434
7.116638	0.08989981	-0.04455865	0.07343923	0.01900472	-0.03666957	-0.06365887
7.133305	0.09024033	-0.04524322	0.07225799	0.01400510	-0.03507863	-0.05980340
7.149971	0.09044062	-0.04581551	0.07129220	0.00743929	-0.02979138	-0.05009776
7.166638	0.09049567	-0.04625938	0.07056655	0.00159909	-0.02466061	-0.03758375
7.183304	0.09038091	-0.04659505	0.07006454	-0.00639370	-0.02057680	-0.02044336
7.199971	0.09025481	-0.04680256	0.06979609	-0.01715674	-0.01631253	0.00171532
7.216638	0.09009960	-0.04712924	0.06976115	-0.02730753	-0.00959966	0.02602733
7.233304	0.08945373	-0.04734947	0.07050849	-0.03328963	0.00122400	0.04793920
7.249971	0.08864111	-0.04737864	0.07168902	-0.03519143	0.01606072	0.06426793
7.266637	0.08778803	-0.04696915	0.07321725	-0.03138816	0.03273182	0.07170118
7.283304	0.08741707	-0.04612248	0.07447887	-0.02006170	0.04630521	0.06776755
7.299971	0.08722935	-0.04509200	0.07554802	-0.00480296	0.05286270	0.05524553
7.316637	0.08728187	-0.04401479	0.07637548	0.00925228	0.04857917	0.03770780
7.333304	0.08757214	-0.04318708	0.07688266	0.02000653	0.03613386	0.01769151
7.349970	0.08803422	-0.04262771	0.07708790	0.02839159	0.01891714	-0.00456454
7.366637	0.08863220	-0.04258863	0.07681665	0.03265640	0.00027483	-0.02593479
7.383304	0.08927530	-0.04273558	0.07610566	0.03215158	-0.01633580	-0.04363536
7.399970	0.08985710	-0.04325799	0.07508124	0.02797063	-0.02824906	-0.05561810
7.416637	0.09031380	-0.04384528	0.07395320	0.02129005	-0.03441547	-0.06087372
7.433303	0.09055018	-0.04456871	0.07289906	0.01333901	-0.03576514	-0.05945617
7.449970	0.09070883	-0.04520417	0.07191811	0.00524828	-0.03346371	-0.05200724
7.466637	0.09071114	-0.04572429	0.07104117	-0.00222382	-0.02958576	-0.03956751
7.483303	0.09063842	-0.04613141	0.07040235	-0.00992280	-0.02451335	-0.02269195
7.499970	0.09041847	-0.04649969	0.07010427	-0.01894385	-0.01881033	-0.00209832
7.516636	0.09006826	-0.04681123	0.07027580	-0.02759620	-0.01118826	0.02068438
7.533303	0.08951048	-0.04702349	0.07085889	-0.03309327	-0.00132219	0.04236998
7.549970	0.08876719	-0.04698947	0.07180457	-0.03331105	0.01099978	0.05901938
7.566636	0.08806790	-0.04667014	0.07305316	-0.02834127	0.02444933	0.06738034
7.583302	0.08761143	-0.04611969	0.07437851	-0.01923364	0.03549290	0.06677569
7.599969	0.08746268	-0.04533515	0.07561794	-0.00790879	0.04044744	0.05780176
7.616636	0.08750351	-0.04449188	0.07650395	0.00295115	0.03819486	0.04205665
7.633303	0.08762757	-0.04376461	0.07706082	0.01191457	0.03011790	0.02150742
7.649969	0.08788111	-0.04334372	0.07724449	0.01868811	0.01784661	-0.00141014
7.666636	0.08824211	-0.04323979	0.07706510	0.02328174	0.00330105	-0.02407229
7.683302	0.08875851	-0.04331048	0.07645099	0.02560339	-0.01143980	-0.04405103
7.699969	0.08926151	-0.04360424	0.07544287	0.02528104	-0.02339007	-0.05772919
7.716636	0.08968577	-0.04410492	0.07418790	0.02194220	-0.03097813	-0.06266142
7.733302	0.09001693	-0.04483819	0.07294550	0.01582696	-0.03491345	-0.05932649
7.749969	0.09023888	-0.04553114	0.07197380	0.00894826	-0.03575293	-0.05001364
7.766635	0.09034739	-0.04608081	0.07132100	0.00155949	-0.03297042	-0.03583423
7.783302	0.09028321	-0.04656369	0.07085419	-0.00749800	-0.02747902	-0.01840811
7.799969	0.09013665	-0.04700883	0.07057461	-0.01703124	-0.02188432	0.00007898
7.816635	0.08978804	-0.04735848	0.07067513	-0.02400352	-0.01390180	0.01902230
7.833302	0.08921158	-0.04757074	0.07121105	-0.02730936	0.00039291	0.03828314
7.849968	0.08860134	-0.04761720	0.07211042	-0.02588923	0.01879061	0.05432471
7.866635	0.08812968	-0.04719103	0.07323207	-0.01811679	0.03648368	0.06317686
7.883302	0.08787019	-0.04621355	0.07448582	-0.00558140	0.04959109	0.06289034
7.899968	0.08790351	-0.04503945	0.07562629	0.00681414	0.05490450	0.05397066
7.916635	0.08819707	-0.04393379	0.07654522	0.01712080	0.04866355	0.03667667
7.933301	0.08869141	-0.04320417	0.07701946	0.02523727	0.03317079	0.01299759
7.949968	0.08912463	-0.04275122	0.07709303	0.03002775	0.01440678	-0.01214375
7.966634	0.08966520	-0.04278506	0.07657126	0.03003159	-0.00410439	-0.03421794
7.983301	0.09022232	-0.04303773	0.07566565	0.02744727	-0.02015658	-0.05038039
7.999968	0.09076212	-0.04353282	0.07456052	0.02331151	-0.03083351	-0.05861514
8.016634	0.09105599	-0.04422047	0.07346056	0.01562214	-0.03594627	-0.05908487
8.033301	0.09128179	-0.04495582	0.07246621	0.00555640	-0.03852286	-0.05424670
8.049968	0.09130532	-0.04557599	0.07163603	-0.00371040	-0.03833060	-0.04516817
8.066634	0.09112714	-0.04615695	0.07090523	-0.01128913	-0.03415488	-0.03168622
8.083301	0.09079739	-0.04675317	0.07040229	-0.01894929	-0.02662025	-0.01390399
8.099967	0.09044031	-0.04728367	0.07021177	-0.02521722	-0.01607223	0.00594670
8.116634	0.09002457	-0.04749096	0.07054569	-0.02704303	-0.00086667	0.02553060
8.133301	0.08944859	-0.04738919	0.07129503	-0.02407903	0.01528992	0.04181994
8.149967	0.08889455	-0.04691205	0.07222737	-0.01841437	0.02655602	0.05180022
8.166634	0.08864646	-0.04612390	0.07324433	-0.01125426	0.03146708	0.05396514
8.183300	0.08865509	-0.04548441	0.07417138	-0.00350644	0.03242541	0.05049782
8.199966	0.08878315	-0.04502599	0.07501549	0.00259054	0.02959984	0.04221769
8.216634	0.08882722	-0.04472478	0.07565902	0.00730536	0.02466847	0.02811588
8.233300	0.08889469	-0.04427265	0.07613952	0.01254940	0.01977955	0.00796459
8.249967	0.08904596	-0.04388762	0.07621020	0.01913704	0.01434995	-0.01526727
8.266633	0.08948345	-0.04361892	0.07573580	0.02493287	0.00429105	-0.03703956
8.283299	0.09007266	-0.04362137	0.07469985	0.02769824	-0.00987088	-0.05299496
8.299967	0.09070340	-0.04384972	0.07347040	0.02491283	-0.02328483	-0.05949935
8.316633	0.09108941	-0.04453019	0.07231248	0.01549634	-0.03338736	-0.05574480
8.333300	0.09131989	-0.04526060	0.07145581	0.00119597	-0.03785361	-0.04291131
8.349966	0.09118929	-0.04603694	0.07084914	-0.01377495	-0.03536501	-0.02456369
8.366632	0.09082359	-0.04661611	0.07053860	-0.02614404	-0.02651126	-0.00361854
8.383300	0.09013075	-0.04697879	0.07063429	-0.03324515	-0.01369646	0.01737467
8.399966	0.08943563	-0.04712530	0.07112870	-0.03294764	0.00222790	0.03700554
8.416633	0.08875887	-0.04697030	0.07204145	-0.02617738	0.01834076	0.05245919
8.433299	0.08840259	-0.04653057	0.07311686	-0.01634962	0.03127368	0.06053695
8.449965	0.08828852	-0.04574782	0.07432118	-0.00723555	0.03866182	0.05935212
8.466633	0.08838692	-0.04487440	0.07539549	0.00090354	0.04031512	0.04925762
8.483299	0.08844729	-0.04416380	0.07620860	0.00845436	0.03446300	0.03122402
8.499966	0.08851808	-0.04365100	0.07661013	0.01597381	0.02112587	0.00760551
8.516632	0.08877785	-0.04333114	0.07654382	0.02197330	0.00532214	-0.01652020
8.533298	0.08931445	-0.04339312	0.07595294	0.02472936	-0.00840459	-0.03717296
8.549966	0.08998177	-0.04377751	0.07501400	0.02991129	-0.01853837	-0.05096162
8.566632	0.09044372	-0.04432803	0.07392819	0.02468268	-0.02620026	-0.05987608
8.583299	0.09065797	-0.04479916	0.07286485	0.01945407	-0.03386215	-0.06879056
