Time	thumb tip right X	thumb tip right Y	thumb tip right Z	thumb tip right v(X)	thumb tip right v(Y)	thumb tip right v(Z)
0.00000000	0.00000000	0.00000000	0.00000000	0.00000000	0.00000000	0.00000000
0.01666660	0.01666660	0.01666660	0.01666660	0.01666660	0.01666660	0.01666660
0.000000	0.09388322	-0.05575656	0.07779686	-0.00123747	0.00653724	-0.04417523
0.016667	0.09391333	-0.05562724	0.07710414	-0.00146874	0.00617358	-0.03749162
0.033333	0.09383236	-0.05555164	0.07641416	-0.00170001	0.00580991	-0.03080801
0.050000	0.09376592	-0.05547432	0.07585064	-0.00068106	0.00496211	-0.02436964
0.066666	0.09377650	-0.05534413	0.07556991	-0.00072152	0.00247230	-0.01659299
0.083333	0.09383376	-0.05527482	0.07545001	-0.00027716	-0.00022752	-0.00944935
0.100000	0.09383066	-0.05531900	0.07541603	-0.00097219	-0.00256409	-0.00198272
0.116666	0.09379862	-0.05545570	0.07532849	-0.00419577	-0.00413883	0.00742558
0.133333	0.09372196	-0.05559900	0.07537372	-0.01028516	-0.00455050	0.02024916
0.149999	0.09359265	-0.05562592	0.07576909	-0.01806252	-0.00378511	0.03564823
0.166666	0.09324505	-0.05565180	0.07657409	-0.02528867	-0.00150225	0.05077424
0.183333	0.09266255	-0.05566697	0.07773024	-0.03035323	0.00208962	0.06287108
0.199999	0.09196963	-0.05569829	0.07894831	-0.03229508	0.00681340	0.07125916
0.216666	0.09139332	-0.05557092	0.08013961	-0.03070158	0.01172374	0.07557762
0.233332	0.09094635	-0.05527709	0.08138109	-0.02607181	0.01585359	0.07601113
0.249999	0.09060285	-0.05486021	0.08272855	-0.02055217	0.01840189	0.07442355
0.266666	0.09026635	-0.05452549	0.08407052	-0.01540011	0.01896413	0.07322966
0.283332	0.09004846	-0.05423933	0.08522250	-0.00986640	0.01862472	0.07354081
0.299999	0.08988582	-0.05401281	0.08627529	-0.00441352	0.01782605	0.07495712
0.316665	0.08989381	-0.05370098	0.08748643	-0.00086662	0.01740682	0.07780918
0.333332	0.09000394	-0.05334397	0.08891205	0.00001516	0.01779701	0.08166134
0.349999	0.09008028	-0.05306192	0.09041621	-0.00164692	0.01861233	0.08383423
0.366665	0.09001951	-0.05278292	0.09186469	-0.00628001	0.01799386	0.08199102
0.383332	0.08984618	-0.05249594	0.09319809	-0.01206462	0.01612500	0.07664175
0.399998	0.08958466	-0.05214861	0.09443510	-0.01617867	0.01414331	0.06944885
0.416665	0.08923823	-0.05192819	0.09553639	-0.01735724	0.01266892	0.06190608
0.433332	0.08887561	-0.05179540	0.09651361	-0.01661188	0.01057834	0.05392472
0.449998	0.08860056	-0.05168410	0.09732632	-0.01480783	0.00750088	0.04448648
0.466665	0.08842552	-0.05149776	0.09803830	-0.01176038	0.00486802	0.03340440
0.483331	0.08826926	-0.05140511	0.09854507	-0.00845547	0.00278981	0.02226876
0.499998	0.08811642	-0.05141351	0.09880158	-0.00622335	0.00038875	0.01250160
0.516665	0.08804366	-0.05148704	0.09881335	-0.00458186	-0.00263653	0.00277446
0.533331	0.08800022	-0.05153431	0.09876672	-0.00173156	-0.00499966	-0.00718310
0.549998	0.08797667	-0.05159503	0.09868547	0.00174274	-0.00712731	-0.01674886
0.566664	0.08797991	-0.05173440	0.09835711	0.00433063	-0.00994735	-0.02585563
0.583331	0.08813126	-0.05191275	0.09780125	0.00672075	-0.01295084	-0.03566842
0.599998	0.08830219	-0.05218992	0.09703091	0.01012758	-0.01525004	-0.04642621
0.616664	0.08846007	-0.05249265	0.09622392	0.01451129	-0.01641733	-0.05618922
0.633331	0.08866023	-0.05277714	0.09526489	0.01783944	-0.01650027	-0.06423835
0.649997	0.08900476	-0.05306392	0.09406425	0.02023795	-0.01421249	-0.06996336
0.666664	0.08950248	-0.05328596	0.09277571	0.02210112	-0.01089642	-0.07368222
0.683331	0.08987989	-0.05350968	0.09141171	0.02324460	-0.00786222	-0.07448405
0.699997	0.09023845	-0.05351374	0.09024158	0.02288485	-0.00580557	-0.07290661
0.716664	0.09054368	-0.05357755	0.08904254	0.02167565	-0.00462202	-0.07103196
0.733330	0.09095868	-0.05359812	0.08793291	0.02091241	-0.00480177	-0.07053951
0.749997	0.09134131	-0.05374491	0.08676592	0.02051932	-0.00596654	-0.07113116
0.766664	0.09166095	-0.05385587	0.08555215	0.01908492	-0.00723175	-0.07112747
0.783330	0.09194825	-0.05399356	0.08431930	0.01626323	-0.00905601	-0.07139912
0.799997	0.09222882	-0.05409891	0.08311875	0.01367802	-0.01062979	-0.07069065
0.816663	0.09242287	-0.05429363	0.08200099	0.01226866	-0.01111221	-0.06779519
0.833330	0.09259196	-0.05455131	0.08082549	0.01118802	-0.00975067	-0.06224698
0.849997	0.09271627	-0.05479175	0.07976829	0.01007360	-0.00747166	-0.05529161
0.866663	0.09294777	-0.05486428	0.07887170	0.00870894	-0.00463961	-0.04711114
0.883330	0.09309369	-0.05482664	0.07823396	0.00701088	-0.00178466	-0.03780447
0.899996	0.09323032	-0.05479651	0.07770459	0.00427937	-0.00020886	-0.02924730
0.916663	0.09322510	-0.05482338	0.07729585	0.00088506	-0.00026634	-0.02194387
0.933330	0.09322674	-0.05484893	0.07698143	-0.00200779	-0.00075361	-0.01436709
0.949996	0.09313484	-0.05488158	0.07675676	-0.00449637	-0.00109667	-0.00550537
0.966663	0.09306412	-0.05486714	0.07669813	-0.00608547	-0.00045406	0.00516227
0.983329	0.09293731	-0.05487742	0.07687977	-0.00800210	0.00071047	0.01818768
0.999996	0.09278780	-0.05490234	0.07725307	-0.01137708	0.00206235	0.03407030
1.016663	0.09264053	-0.05483087	0.07794926	-0.01715712	0.00419380	0.05238759
1.033329	0.09234861	-0.05477282	0.07889481	-0.02390983	0.00760059	0.06964130
1.049996	0.09189647	-0.05461099	0.08029450	-0.02911505	0.01148681	0.08162706
1.066662	0.09122341	-0.05440360	0.08198266	-0.02998506	0.01552994	0.08710889
1.083329	0.09056025	-0.05409496	0.08362247	-0.02578567	0.01967140	0.08857476
1.099996	0.09012765	-0.05371892	0.08501791	-0.01829538	0.02264080	0.08755503
1.116662	0.08999413	-0.05329788	0.08623156	-0.01095933	0.02301618	0.08629017
1.133329	0.09003753	-0.05284000	0.08765438	-0.00760085	0.02140503	0.08939928
1.149995	0.09002794	-0.05246531	0.08921582	-0.00937555	0.02035939	0.09942269
1.166662	0.08982924	-0.05224557	0.09088236	-0.01490375	0.02025586	0.11086918
1.183329	0.08946039	-0.05199232	0.09281960	-0.02088317	0.02062154	0.11616001
1.199995	0.08900236	-0.05160925	0.09503050	-0.02454894	0.02048907	0.11159517
1.216662	0.08853121	-0.05114204	0.09717642	-0.02439948	0.01861963	0.09603081
1.233328	0.08811241	-0.05074158	0.09879194	-0.02102663	0.01312073	0.07052387
1.249995	0.08775099	-0.05060392	0.09961119	-0.01539233	0.00475852	0.04067095
1.266662	0.08755914	-0.05062153	0.09983784	-0.00860855	-0.00393159	0.01414312
1.283328	0.08746102	-0.05086534	0.09965336	-0.00208606	-0.01028395	-0.00463577
1.299995	0.08753791	-0.05110146	0.09941158	0.00265942	-0.01355598	-0.01617058
1.316661	0.08766364	-0.05137971	0.09910916	0.00499884	-0.01412660	-0.02325715
1.333328	0.08780643	-0.05159923	0.09871224	0.00556460	-0.01268725	-0.02810299
1.349995	0.08788498	-0.05181242	0.09816622	0.00478638	-0.01047425	-0.03274186
1.366661	0.08791938	-0.05197500	0.09751244	0.00410693	-0.00817511	-0.03779270
1.383328	0.08797316	-0.05208345	0.09687987	0.00483098	-0.00735753	-0.04333812
1.399994	0.08802830	-0.05214307	0.09617525	0.00726654	-0.00765694	-0.04901448
1.416661	0.08816098	-0.05223286	0.09533542	0.01014073	-0.00845654	-0.05491770
1.433328	0.08837727	-0.05243424	0.09431548	0.01264801	-0.00875691	-0.06015351
1.449994	0.08865159	-0.05264222	0.09319146	0.01473720	-0.00889979	-0.06308503
1.466661	0.08892364	-0.05281623	0.09206887	0.01617677	-0.00890944	-0.06332266
1.483327	0.08917408	-0.05286475	0.09101979	0.01705504	-0.00850921	-0.06222333
1.499994	0.08945435	-0.05299001	0.09004474	0.01721400	-0.00827971	-0.06143896
1.516661	0.08976361	-0.05315364	0.08908839	0.01620329	-0.00926699	-0.06107832
1.533327	0.09008713	-0.05334702	0.08804469	0.01465997	-0.01089944	-0.06096753
1.549994	0.09032837	-0.05351925	0.08696566	0.01332862	-0.01159732	-0.06116948
1.566660	0.09045574	-0.05372059	0.08593602	0.01252626	-0.01150065	-0.06127475
1.583327	0.09062026	-0.05393031	0.08496034	0.01199925	-0.01048698	-0.06064447
1.599994	0.09083185	-0.05412412	0.08398134	0.01214397	-0.00886423	-0.05918910
1.616660	0.09111580	-0.05426935	0.08295777	0.01234887	-0.00686851	-0.05710990
1.633327	0.09131473	-0.05432796	0.08196685	0.01160328	-0.00528315	-0.05461439
1.649993	0.09149395	-0.05438039	0.08108707	0.01049020	-0.00387491	-0.05212007
1.666660	0.09161944	-0.05442337	0.08030204	0.01003363	-0.00259833	-0.04950811
1.683327	0.09175819	-0.05451684	0.07953916	0.01052704	-0.00163371	-0.04657123
1.699993	0.09195305	-0.05452689	0.07871726	0.01079158	-0.00108494	-0.04275622
1.716660	0.09217076	-0.05451190	0.07796627	0.01015280	-0.00087371	-0.03766451
1.733326	0.09238739	-0.05447961	0.07734957	0.00828437	-0.00084045	-0.03145018
1.749993	0.09250116	-0.05451412	0.07694688	0.00530096	-0.00126249	-0.02437538
1.766660	0.09253659	-0.05457764	0.07664719	0.00217468	-0.00114026	-0.01731704
1.783326	0.09252787	-0.05461478	0.07638951	0.00040852	-0.00018207	-0.01041532
1.799993	0.09247720	-0.05462157	0.07623364	0.00038374	0.00138395	-0.00317012
1.816659	0.09247654	-0.05453932	0.07619414	0.00039570	0.00215457	0.00457765
1.833326	0.09252081	-0.05447167	0.07637511	-0.00067421	0.00209478	0.01296816
1.849993	0.09258340	-0.05440688	0.07670476	-0.00325618	0.00177323	0.02299903
1.866659	0.09251988	-0.05444675	0.07711565	-0.00703911	0.00190713	0.03566857
1.883326	0.09233360	-0.05444711	0.07771359	-0.01235497	0.00268609	0.04935199
1.899992	0.09204289	-0.05440744	0.07861104	-0.01811340	0.00411441	0.06180009
1.916659	0.09174404	-0.05426859	0.07992788	-0.02199744	0.00642021	0.07115050
1.933326	0.09129315	-0.05414387	0.08134434	-0.02273341	0.00909001	0.07634763
1.949992	0.09083936	-0.05400221	0.08269347	-0.02083042	0.01157518	0.07709828
1.966659	0.09042831	-0.05381175	0.08388267	-0.01733489	0.01370100	0.07469386
1.983325	0.09022976	-0.05353143	0.08504974	-0.01330638	0.01584069	0.07210016
1.999992	0.09012908	-0.05322351	0.08625706	-0.01026880	0.01793437	0.07044020
2.016659	0.09003245	-0.05290669	0.08745211	-0.00912819	0.01890985	0.06852878
2.033325	0.08985763	-0.05260335	0.08861993	-0.00899020	0.02003462	0.06659453
2.049992	0.08965250	-0.05224508	0.08969338	-0.00903111	0.02193892	0.06557934
2.066658	0.08945663	-0.05194417	0.09066245	-0.00902891	0.02415827	0.06558839
2.083325	0.08939639	-0.05145458	0.09176601	-0.00972729	0.02521493	0.06602168
2.099992	0.08925757	-0.05101430	0.09289856	-0.01171918	0.02412448	0.06630824
2.116658	0.08910873	-0.05050018	0.09411579	-0.01487350	0.02030759	0.06450254
2.133325	0.08874752	-0.05020331	0.09519208	-0.01770712	0.01407100	0.05836890
2.149992	0.08838163	-0.05003649	0.09615654	-0.01769449	0.00838061	0.04831419
2.166658	0.08800443	-0.05003592	0.09691188	-0.01512664	0.00404818	0.03586135
2.183325	0.08776754	-0.05007943	0.09737721	-0.01088750	0.00130171	0.02300596
2.199991	0.08771709	-0.05000409	0.09762461	-0.00661357	-0.00113035	0.01040142
2.216658	0.08766200	-0.04998585	0.09764449	-0.00253745	-0.00308085	-0.00102193
2.233325	0.08765782	-0.05002461	0.09754542	-0.00007592	-0.00630229	-0.01121950
2.249991	0.08761790	-0.05022814	0.09728625	0.00169807	-0.01058816	-0.02014399
2.266658	0.08769439	-0.05042895	0.09686618	0.00430899	-0.01374591	-0.02746194
2.283324	0.08776071	-0.05072740	0.09630115	0.00722922	-0.01517391	-0.03494348
2.299991	0.08791763	-0.05100116	0.09564824	0.00974670	-0.01554361	-0.04392075
2.316658	0.08812769	-0.05125727	0.09496207	0.01167596	-0.01522260	-0.05298595
2.333324	0.08834380	-0.05149465	0.09401400	0.01388138	-0.01455354	-0.06072680
2.349991	0.08858003	-0.05173383	0.09281664	0.01603885	-0.01428872	-0.06699429
2.366657	0.08882511	-0.05195088	0.09155246	0.01819290	-0.01403300	-0.07101572
2.383324	0.08916607	-0.05221059	0.09031882	0.01991138	-0.01337480	-0.07076906
2.399990	0.08955067	-0.05242929	0.08919143	0.02065797	-0.01262199	-0.06722734
2.416657	0.08994041	-0.05265279	0.08805627	0.02001886	-0.01218944	-0.06346091
2.433324	0.09027604	-0.05280252	0.08706288	0.01934097	-0.01143764	-0.06144831
2.449990	0.09053931	-0.05299162	0.08611170	0.01851898	-0.01113114	-0.06119611
2.466657	0.09078272	-0.05319667	0.08514218	0.01700352	-0.01112495	-0.06117823
2.483323	0.09115167	-0.05335909	0.08408364	0.01482601	-0.01103214	-0.06138368
2.499990	0.09140862	-0.05358544	0.08295399	0.01234551	-0.01066520	-0.06080592
2.516657	0.09162457	-0.05372257	0.08196504	0.00937488	-0.01104123	-0.05977025
2.533323	0.09165194	-0.05390592	0.08099674	0.00667634	-0.01069742	-0.05748958
2.549990	0.09171720	-0.05407250	0.08013824	0.00507387	-0.00867884	-0.05499679
2.566656	0.09178746	-0.05430496	0.07915465	0.00459822	-0.00560664	-0.05307621
2.583323	0.09191310	-0.05438174	0.07830823	0.00518354	-0.00220201	-0.05086454
2.599990	0.09199595	-0.05434444	0.07743486	0.00598452	0.00119059	-0.04710805
2.616656	0.09207350	-0.05420827	0.07669099	0.00613126	0.00384288	-0.04070202
2.633323	0.09216530	-0.05413891	0.07600842	0.00499772	0.00430914	-0.03252281
2.649989	0.09231998	-0.05406234	0.07549973	0.00307293	0.00339779	-0.02298066
2.666656	0.09237104	-0.05403654	0.07522898	0.00099749	0.00285986	-0.01367992
2.683323	0.09234977	-0.05400622	0.07512761	-0.00138134	0.00267462	-0.00572725
2.699989	0.09222549	-0.05397590	0.07516301	-0.00291010	0.00218353	0.00007130
2.716656	0.09217490	-0.05388768	0.07522140	-0.00343414	0.00105232	0.00544297
2.733322	0.09209990	-0.05387525	0.07528180	-0.00468830	-0.00051594	0.01280805
2.749989	0.09212734	-0.05387517	0.07544968	-0.00759415	-0.00164733	0.02269855
2.766656	0.09200364	-0.05400160	0.07586262	-0.01137269	-0.00105611	0.03456308
2.783322	0.09175063	-0.05405332	0.07662780	-0.01539780	0.00087778	0.04694264
2.799989	0.09136007	-0.05404280	0.07759121	-0.01922067	0.00349398	0.05978660
2.816655	0.09101227	-0.05386040	0.07869048	-0.02126296	0.00658573	0.07113153
2.833322	0.09065754	-0.05372357	0.07987132	-0.02132912	0.00944750	0.07848853
2.849989	0.09031431	-0.05355913	0.08136272	-0.02073892	0.01160647	0.08296307
2.866655	0.08994529	-0.05340365	0.08288500	-0.02049477	0.01312267	0.08657476
2.883322	0.08963010	-0.05313495	0.08433953	-0.01943078	0.01545361	0.09014300
2.899988	0.08928353	-0.05284766	0.08574072	-0.01719906	0.01723213	0.09220451
2.916655	0.08899073	-0.05253569	0.08724119	-0.01469283	0.01774029	0.09351403
2.933322	0.08877029	-0.05218509	0.08898112	-0.01314060	0.01740759	0.09373434
2.949988	0.08862895	-0.05193635	0.09060992	-0.01324611	0.01764224	0.09228587
2.966655	0.08847313	-0.05166570	0.09216844	-0.01512392	0.01777771	0.08762708
2.983321	0.08820727	-0.05140617	0.09348554	-0.01752942	0.01870815	0.08136160
2.999988	0.08781523	-0.05103534	0.09479842	-0.01918834	0.02050527	0.07410605
3.016655	0.08741108	-0.05070360	0.09598069	-0.01921468	0.02140860	0.06448481
3.033321	0.08708569	-0.05028265	0.09713595	-0.01751419	0.01931442	0.05166920
3.049988	0.08686059	-0.04992784	0.09792940	-0.01401940	0.01398239	0.03613848
3.066654	0.08666442	-0.04965178	0.09838928	-0.00960928	0.00752053	0.02123282
3.083321	0.08648526	-0.04965180	0.09844089	-0.00567990	0.00097013	0.00879336
3.099988	0.08642817	-0.04979021	0.09837432	-0.00238524	-0.00300878	0.00031423
3.116654	0.08645800	-0.04994079	0.09834646	0.00032518	-0.00421593	-0.00578927
3.133321	0.08652536	-0.05004524	0.09828325	0.00262437	-0.00350341	-0.01105071
3.149987	0.08658658	-0.04996414	0.09815259	0.00481101	-0.00298641	-0.01712523
3.166654	0.08660650	-0.04999328	0.09773600	0.00749077	-0.00338103	-0.02460221
3.183321	0.08674201	-0.05003366	0.09721883	0.01065408	-0.00548814	-0.03369360
3.199987	0.08695731	-0.05021952	0.09661093	0.01355799	-0.00890840	-0.04419833
3.216654	0.08728519	-0.05037274	0.09587598	0.01575551	-0.01192718	-0.05436654
3.233320	0.08759602	-0.05058318	0.09491046	0.01699443	-0.01422104	-0.06325848
3.249987	0.08783817	-0.05085208	0.09361920	0.01771956	-0.01525032	-0.06923822
3.266654	0.08811218	-0.05114270	0.09231167	0.01835160	-0.01531389	-0.07186736
3.283320	0.08840543	-0.05144829	0.09105171	0.01914501	-0.01409529	-0.07106686
3.299987	0.08878689	-0.05165760	0.08998629	0.01965154	-0.01265156	-0.06790051
3.316653	0.08915523	-0.05181924	0.08891295	0.02040048	-0.01098989	-0.06405226
3.333320	0.08946501	-0.05195580	0.08783555	0.02213833	-0.00895711	-0.06041231
3.349987	0.08976761	-0.05214109	0.08680010	0.02362995	-0.00777173	-0.05807710
3.366653	0.09017074	-0.05227549	0.08588280	0.02396888	-0.00751120	-0.05572014
3.383320	0.09070488	-0.05234294	0.08505858	0.02240056	-0.00743398	-0.05261189
3.399987	0.09114467	-0.05245147	0.08416028	0.01949910	-0.00651168	-0.04905013
3.416653	0.09142209	-0.05257983	0.08331860	0.01536063	-0.00547679	-0.04547685
3.433320	0.09150630	-0.05273841	0.08256022	0.01106766	-0.00448264	-0.04189419
3.449986	0.09165104	-0.05275879	0.08194947	0.00820919	-0.00313522	-0.03823851
3.466653	0.09178199	-0.05277169	0.08141298	0.00710431	-0.00149103	-0.03493174
3.483320	0.09194732	-0.05276169	0.08082410	0.00708292	-0.00033660	-0.03181906
3.499986	0.09203207	-0.05278651	0.08027373	0.00700164	-0.00024449	-0.02912008
3.516653	0.09210849	-0.05279292	0.07977681	0.00625568	-0.00069872	-0.02682250
3.533319	0.09222936	-0.05278607	0.07941920	0.00404706	-0.00151389	-0.02428616
3.549986	0.09235235	-0.05280092	0.07908107	0.00107624	-0.00223369	-0.02097146
3.566653	0.09238444	-0.05285812	0.07869197	-0.00159290	-0.00262524	-0.01688781
3.583319	0.09225038	-0.05294024	0.07837805	-0.00251931	-0.00196268	-0.01174108
3.599986	0.09207878	-0.05300104	0.07820002	-0.00168008	-0.00022676	-0.00379743
3.616652	0.09203634	-0.05298869	0.07821551	-0.00061427	0.00238911	0.00748812
3.633319	0.09216781	-0.05289684	0.07840137	-0.00215818	0.00547218	0.02155212
3.649986	0.09229026	-0.05277691	0.07882626	-0.00878740	0.00742289	0.03568462
3.666652	0.09217241	-0.05261376	0.07956148	-0.01869902	0.00845635	0.04872349
3.683319	0.09167257	-0.05244036	0.08061559	-0.02688486	0.01032520	0.06091142
3.699985	0.09089942	-0.05233194	0.08172195	-0.02944962	0.01411008	0.07137532
3.716652	0.09023150	-0.05212423	0.08298737	-0.02761181	0.01709166	0.07596095
3.733319	0.08988319	-0.05178828	0.08433425	-0.02275666	0.01853056	0.07493004
3.749985	0.08979027	-0.05126684	0.08580193	-0.01677728	0.01968598	0.07237590
3.766652	0.08953403	-0.05097415	0.08689397	-0.01242847	0.02098114	0.07092400
3.783318	0.08927347	-0.05072022	0.08788512	-0.01211089	0.02126835	0.07058980
3.799985	0.08901855	-0.05045614	0.08890819	-0.01445623	0.02106381	0.07278159
3.816651	0.08892672	-0.04998178	0.09026843	-0.01700527	0.02243552	0.07861754
3.833318	0.08865868	-0.04953756	0.09169995	-0.02019272	0.02412279	0.08397553
3.849985	0.08824142	-0.04916014	0.09320897	-0.02363285	0.02478321	0.08528464
3.866651	0.08771648	-0.04878738	0.09466085	-0.02558487	0.02401127	0.08216771
3.883318	0.08720796	-0.04839297	0.09602819	-0.02418509	0.02387518	0.07655692
3.899984	0.08683917	-0.04794644	0.09724818	-0.02173082	0.02315622	0.06773134
3.916651	0.08656143	-0.04756380	0.09833782	-0.01839615	0.02105887	0.05627931
3.933318	0.08634289	-0.04717079	0.09924489	-0.01430398	0.01650204	0.04281989
3.949984	0.08601829	-0.04695602	0.09984118	-0.01027987	0.00963664	0.02808549
3.966651	0.08585888	-0.04677784	0.10017298	-0.00708642	0.00212100	0.01401776
3.983317	0.08580278	-0.04686929	0.10020924	-0.00433819	-0.00386392	0.00347876
3.999984	0.08586510	-0.04705125	0.10007866	-0.00258015	-0.00807773	-0.00334719
4.016651	0.08584291	-0.04729465	0.09992783	-0.00293170	-0.01213239	-0.00970222
4.033317	0.08576671	-0.04743342	0.09982897	-0.00354809	-0.01539490	-0.01626606
4.049984	0.08563205	-0.04763531	0.09964830	-0.00253306	-0.01733047	-0.02283109
4.066650	0.08553411	-0.04801178	0.09911501	-0.00001159	-0.01828290	-0.02958965
4.083317	0.08558018	-0.04844124	0.09846049	0.00233718	-0.02001234	-0.03816411
4.099984	0.08574247	-0.04876964	0.09773186	0.00620628	-0.02058287	-0.04648592
4.116650	0.08587074	-0.04901535	0.09705522	0.01151771	-0.01933270	-0.05263570
4.133317	0.08595389	-0.04936077	0.09606794	0.01574485	-0.01856370	-0.05828873
4.149983	0.08627854	-0.04967626	0.09499615	0.01888018	-0.01865139	-0.06355132
4.166650	0.08673336	-0.05000612	0.09382526	0.02159571	-0.01863392	-0.06715317
4.183317	0.08718609	-0.05031695	0.09266905	0.02372125	-0.01720461	-0.06640316
4.199983	0.08755934	-0.05057253	0.09157626	0.02443681	-0.01479948	-0.06265315
4.216650	0.08784613	-0.05087600	0.09046174	0.02432535	-0.01176954	-0.05758718
4.233316	0.08830532	-0.05100201	0.08961546	0.02399421	-0.00897154	-0.05348756
4.249983	0.08875691	-0.05113126	0.08879890	0.02369153	-0.00685058	-0.05019338
4.266650	0.08920936	-0.05115850	0.08807912	0.02349304	-0.00564866	-0.04759368
4.283316	0.08953507	-0.05124412	0.08722991	0.02345184	-0.00558921	-0.04611280
4.299983	0.08982136	-0.05137146	0.08642159	0.02311500	-0.00672453	-0.04564285
4.316649	0.09024740	-0.05147934	0.08569317	0.01990323	-0.01013156	-0.04844450
4.333316	0.09070957	-0.05162037	0.08500168	0.01637886	-0.01231804	-0.05138719
4.349983	0.09104537	-0.05183889	0.08419532	0.01183410	-0.01324117	-0.05430713
4.366649	0.09099868	-0.05222893	0.08302771	0.00667195	-0.01348113	-0.05675357
4.383316	0.09106301	-0.05240724	0.08206085	0.00402199	-0.01148854	-0.05601384
4.399982	0.09096974	-0.05262515	0.08102300	0.00420203	-0.00765178	-0.05140243
4.416649	0.09115994	-0.05266552	0.08029464	0.00736970	-0.00232716	-0.04304735
4.433316	0.09134083	-0.05265883	0.07966908	0.01025670	0.00170842	-0.03476753
4.449982	0.09147528	-0.05265048	0.07907850	0.01239990	0.00447201	-0.02745256
4.466649	0.09181482	-0.05240088	0.07884200	0.01181700	0.00486840	-0.02255173
4.483315	0.09190324	-0.05238445	0.07842005	0.00847462	0.00281166	-0.02061535
4.499982	0.09222398	-0.05222306	0.07825857	0.00234277	-0.00143521	-0.02197263
4.516649	0.09217194	-0.05235530	0.07786719	-0.00343875	-0.00525000	-0.02302485
4.533315	0.09199075	-0.05253777	0.07736722	-0.00491889	-0.00599081	-0.01967036
4.549982	0.09170201	-0.05274110	0.07690117	-0.00196618	-0.00412248	-0.01221423
4.566648	0.09154775	-0.05284532	0.07662962	0.00232116	-0.00117165	-0.00296180
4.583315	0.09186939	-0.05269339	0.07687556	0.00429811	0.00113192	0.00592718
4.599982	0.09223334	-0.05254275	0.07726435	0.00266132	0.00245524	0.01370137
4.616648	0.09226013	-0.05255914	0.07747095	-0.00421913	0.00111813	0.01828395
4.633315	0.09205083	-0.05256087	0.07775214	-0.01301983	-0.00110835	0.02151230
4.649981	0.09151547	-0.05267758	0.07798832	-0.01746241	0.00004888	0.02876487
4.666648	0.09115449	-0.05269141	0.07853840	-0.01865391	0.00384893	0.04016788
4.683315	0.09087337	-0.05265305	0.07928002	-0.02060347	0.00725049	0.05209113
4.699981	0.09078805	-0.05237672	0.08034956	-0.02419385	0.00903292	0.06172112
4.716648	0.09040380	-0.05210689	0.08158457	-0.02703920	0.00971276	0.06853716
4.733315	0.08969551	-0.05196132	0.08278216	-0.02765100	0.00975251	0.07164053
4.749981	0.08896083	-0.05193258	0.08395283	-0.02570949	0.00820029	0.06932491
4.766648	0.08861876	-0.05181431	0.08518485	-0.01878943	0.00770432	0.06551210
4.783314	0.08850933	-0.05162284	0.08625361	-0.01040515	0.00936422	0.06361551
4.799981	0.08851495	-0.05146986	0.08719200	-0.00592841	0.01166272	0.06323266
4.816648	0.08848633	-0.05126390	0.08813310	-0.00652483	0.01371385	0.06402034
4.833314	0.08834272	-0.05104984	0.08924539	-0.00992477	0.01609362	0.06658354
4.849981	0.08812196	-0.05075457	0.09046659	-0.01381619	0.02010255	0.07140564
4.866647	0.08784254	-0.05038542	0.09169047	-0.01601784	0.02534780	0.07753746
4.883314	0.08751271	-0.04998627	0.09290948	-0.01656602	0.02961996	0.08308139
4.899981	0.08722457	-0.04937014	0.09434846	-0.01621681	0.03000188	0.08540612
4.916647	0.08697756	-0.04874828	0.09593310	-0.01476059	0.02609845	0.08107673
4.933314	0.08675379	-0.04821869	0.09753366	-0.01259846	0.01779714	0.06742914
4.949980	0.08653698	-0.04803694	0.09867774	-0.00981968	0.00699884	0.04707132
4.966647	0.08637861	-0.04809907	0.09919652	-0.00667500	-0.00286960	0.02548243
4.983314	0.08627569	-0.04835464	0.09912529	-0.00320115	-0.00938494	0.00690891
4.999980	0.08630049	-0.04857501	0.09896389	0.00022240	-0.01147951	-0.00531139
5.016647	0.08632625	-0.04878325	0.09882876	0.00305907	-0.00993815	-0.01000177
5.033313	0.08642870	-0.04892184	0.09870001	0.00417406	-0.00748539	-0.01107027
5.049980	0.08650612	-0.04903377	0.09847875	0.00384101	-0.00588382	-0.01333313
5.066647	0.08661570	-0.04904779	0.09827294	0.00408770	-0.00527119	-0.01752454
5.083313	0.08662210	-0.04914701	0.09795238	0.00537230	-0.00607953	-0.02328208
5.099980	0.08665572	-0.04921936	0.09756993	0.00713687	-0.00822048	-0.03103000
5.116646	0.08680524	-0.04940158	0.09699307	0.00891633	-0.01089819	-0.04005210
5.133313	0.08703870	-0.04960151	0.09625401	0.01177528	-0.01310214	-0.04937337
5.149980	0.08727751	-0.04986452	0.09529184	0.01477061	-0.01513714	-0.05858471
5.166646	0.08746957	-0.05013808	0.09424813	0.01609980	-0.01759171	-0.06728072
5.183313	0.08777194	-0.05040816	0.09304903	0.01672833	-0.01951326	-0.07296707
5.199979	0.08811413	-0.05074172	0.09177136	0.01869228	-0.01894122	-0.07314335
5.216646	0.08839684	-0.05117588	0.09034450	0.01987462	-0.01777436	-0.07067679
5.233313	0.08873083	-0.05148574	0.08917482	0.01920723	-0.01649736	-0.06706585
5.249979	0.08911274	-0.05165374	0.08825052	0.01742780	-0.01560653	-0.06390668
5.266646	0.08939707	-0.05185081	0.08729909	0.01687351	-0.01403389	-0.06255905
5.283312	0.08966444	-0.05205451	0.08633231	0.01655466	-0.01272650	-0.06421462
5.299979	0.08977462	-0.05245101	0.08508476	0.01649945	-0.01113144	-0.06576344
5.316646	0.09017425	-0.05255233	0.08393980	0.01718539	-0.00846494	-0.06466519
5.333312	0.09043711	-0.05269938	0.08278493	0.01810960	-0.00500949	-0.06068094
5.349978	0.09083945	-0.05263488	0.08186873	0.01765035	-0.00246962	-0.05496613
5.366645	0.09108905	-0.05266452	0.08105887	0.01508927	-0.00204793	-0.04985092
5.383312	0.09133376	-0.05269898	0.08028867	0.01276886	-0.00207568	-0.04591949
5.399979	0.09150877	-0.05276486	0.07956412	0.01090889	-0.00199028	-0.04350154
5.416645	0.09161779	-0.05284343	0.07882184	0.00939343	-0.00135448	-0.04075078
5.433311	0.09179750	-0.05283480	0.07814419	0.00757470	-0.00055617	-0.03637258
5.449978	0.09195711	-0.05278387	0.07754051	0.00600638	0.00051087	-0.03129342
5.466645	0.09202690	-0.05279962	0.07705284	0.00549002	0.00169738	-0.02526141
5.483312	0.09208570	-0.05275045	0.07676008	0.00524009	0.00226862	-0.01910132
5.499978	0.09206553	-0.05277148	0.07643340	0.00399166	0.00155828	-0.01373375
5.516644	0.09227045	-0.05264033	0.07632583	0.00209247	0.00055462	-0.00855710
5.533311	0.09233513	-0.05263035	0.07615839	-0.00023827	-0.00066633	-0.00357428
5.549978	0.09229615	-0.05270423	0.07613922	-0.00316353	-0.00238071	0.00121292
5.566645	0.09215192	-0.05276088	0.07624189	-0.00676299	-0.00477729	0.00532927
5.583311	0.09194352	-0.05288478	0.07634988	-0.01000293	-0.00571389	0.01105391
5.599977	0.09184939	-0.05293553	0.07660177	-0.01451248	-0.00572231	0.01879863
5.616644	0.09163085	-0.05309895	0.07681052	-0.02009500	-0.00460569	0.03086169
5.633311	0.09130380	-0.05316048	0.07739004	-0.02596765	-0.00192447	0.04647158
5.649978	0.09069939	-0.05322581	0.07823300	-0.02936446	0.00358583	0.06330247
5.666644	0.09004560	-0.05314209	0.07959297	-0.02891235	0.01100289	0.07665728
5.683311	0.08948327	-0.05292916	0.08112891	-0.02509537	0.01607004	0.08206959
5.699977	0.08920269	-0.05246612	0.08273948	-0.01797620	0.01770826	0.08060614
5.716644	0.08900599	-0.05201456	0.08403726	-0.01077340	0.01558372	0.07483490
5.733311	0.08889563	-0.05178377	0.08508181	-0.00579907	0.01151319	0.06965672
5.749977	0.08885796	-0.05172921	0.08606689	-0.00460120	0.00684279	0.06730188
5.766644	0.08881763	-0.05179860	0.08713521	-0.00600042	0.00516802	0.06964987
5.783310	0.08880696	-0.05168759	0.08841751	-0.00901192	0.00792838	0.07600010
5.799977	0.08856329	-0.05157703	0.08969702	-0.01230293	0.01501453	0.08512997
5.816644	0.08829382	-0.05124475	0.09113803	-0.01691039	0.02263084	0.09494350
5.833310	0.08794257	-0.05084001	0.09275107	-0.02227204	0.02800953	0.10352094
5.849977	0.08765178	-0.05016719	0.09465834	-0.02500544	0.03196051	0.10888878
5.866643	0.08714320	-0.04959694	0.09668264	-0.02338829	0.03404285	0.10647548
5.883310	0.08658192	-0.04904260	0.09858790	-0.01906917	0.03206560	0.09345543
5.899976	0.08621573	-0.04851015	0.10018639	-0.01416234	0.02510140	0.07133881
5.916643	0.08619553	-0.04800794	0.10117207	-0.00799205	0.01683410	0.04605569
5.933310	0.08624545	-0.04777769	0.10157781	-0.00233577	0.00850729	0.02241900
5.949976	0.08621671	-0.04784585	0.10156237	0.00070781	0.00089385	0.00361891
5.966643	0.08616129	-0.04799188	0.10142267	0.00144426	-0.00464456	-0.00928085
5.983309	0.08618411	-0.04812117	0.10121303	0.00332774	-0.00570560	-0.01723609
5.999976	0.08629202	-0.04818828	0.10090359	0.00714167	-0.00392552	-0.02242198
6.016643	0.08641254	-0.04826168	0.10043134	0.01167436	-0.00258016	-0.02738789
6.033309	0.08664927	-0.04824061	0.09991166	0.01456967	-0.00318836	-0.03350648
6.049976	0.08693468	-0.04825726	0.09934703	0.01517376	-0.00552226	-0.04109105
6.066642	0.08731706	-0.04833280	0.09869684	0.01416018	-0.00849142	-0.04934651
6.083309	0.08752929	-0.04855238	0.09779871	0.01244125	-0.01181900	-0.05872996
6.099976	0.08766083	-0.04883800	0.09666575	0.01077127	-0.01544545	-0.06883977
6.116642	0.08774122	-0.04908991	0.09542542	0.01025193	-0.01783473	-0.07629399
6.133309	0.08791891	-0.04938118	0.09403524	0.01257663	-0.01759147	-0.07837837
6.149975	0.08816081	-0.04975002	0.09260593	0.01639280	-0.01633327	-0.07722886
6.166642	0.08846211	-0.05004550	0.09130553	0.01926493	-0.01645914	-0.07550658
6.183309	0.08886085	-0.05025160	0.09018249	0.01967922	-0.01789886	-0.07416859
6.199975	0.08925074	-0.05042819	0.08905922	0.01840334	-0.01942704	-0.07304712
6.216642	0.08956023	-0.05081782	0.08781075	0.01558522	-0.02093007	-0.07310993
6.233308	0.08975190	-0.05130190	0.08646087	0.01257723	-0.02158889	-0.07257774
6.249975	0.08990023	-0.05172808	0.08525303	0.01253714	-0.01901362	-0.06827445
6.266642	0.09002052	-0.05202909	0.08407081	0.01590646	-0.01279752	-0.06092253
6.283309	0.09025906	-0.05216695	0.08316486	0.01903784	-0.00615141	-0.05442217
6.299975	0.09072100	-0.05216029	0.08239860	0.01925156	-0.00186519	-0.05112728
6.316641	0.09123874	-0.05207941	0.08170106	0.01765817	-0.00014849	-0.05002865
6.333308	0.09151869	-0.05203176	0.08086608	0.01466250	-0.00042139	-0.04997221
6.349975	0.09155933	-0.05210371	0.07987772	0.00960849	-0.00232008	-0.04974907
6.366642	0.09162150	-0.05217239	0.07899133	0.00411337	-0.00508802	-0.04827575
6.383308	0.09175321	-0.05226840	0.07824787	0.00125725	-0.00664088	-0.04376533
6.399974	0.09180037	-0.05237798	0.07759649	0.00091136	-0.00639965	-0.03639873
6.416641	0.09170455	-0.05255282	0.07700151	0.00128985	-0.00523309	-0.02832160
6.433308	0.09164613	-0.05264509	0.07652002	0.00205138	-0.00330276	-0.02084327
6.449974	0.09171119	-0.05267014	0.07630499	0.00363452	-0.00069268	-0.01385404
6.466641	0.09189153	-0.05262161	0.07620261	0.00444112	0.00132822	-0.00720038
6.483307	0.09201987	-0.05256047	0.07615446	0.00267902	0.00141128	-0.00242767
6.499974	0.09206844	-0.05250217	0.07612004	-0.00186027	-0.00012184	0.00049636
6.516641	0.09195724	-0.05252204	0.07615505	-0.00790398	-0.00233079	0.00385934
6.533307	0.09177546	-0.05260018	0.07622223	-0.01421591	-0.00505958	0.00893332
6.549974	0.09147616	-0.05273243	0.07637752	-0.01919307	-0.00673515	0.01662265
6.566640	0.09111125	-0.05284790	0.07666825	-0.02242079	-0.00580682	0.02708841
6.583307	0.09064037	-0.05302912	0.07716434	-0.02434904	-0.00250048	0.03941671
6.599974	0.09023165	-0.05305207	0.07795329	-0.02504970	0.00179431	0.05079670
6.616640	0.08980124	-0.05297649	0.07898369	-0.02447932	0.00648194	0.05958536
6.633307	0.08942650	-0.05274309	0.08016296	-0.02306091	0.01127711	0.06532226
6.649973	0.08901922	-0.05252630	0.08128174	-0.02237660	0.01483422	0.06778658
6.666640	0.08867250	-0.05227046	0.08239892	-0.02250565	0.01697745	0.06760982
6.683307	0.08834092	-0.05196136	0.08351893	-0.02250002	0.01867034	0.06744255
6.699973	0.08794405	-0.05162964	0.08464947	-0.02162003	0.02098984	0.06884334
6.716640	0.08753555	-0.05127290	0.08576173	-0.02096538	0.02262294	0.07099385
6.733306	0.08717860	-0.05087518	0.08695833	-0.01999379	0.02357325	0.07390261
6.749973	0.08690879	-0.05043870	0.08821825	-0.01750167	0.02395124	0.07621796
6.766640	0.08662145	-0.05004109	0.08954819	-0.01380375	0.02317924	0.07623055
6.783306	0.08636797	-0.04963920	0.09091941	-0.01024377	0.02075260	0.07311451
6.799973	0.08622414	-0.04930281	0.09213474	-0.00765777	0.01757856	0.06842436
6.816639	0.08618734	-0.04902292	0.09321215	-0.00567655	0.01464993	0.06318919
6.833306	0.08617010	-0.04885197	0.09410588	-0.00415368	0.01312928	0.05902694
6.849973	0.08606688	-0.04869068	0.09505122	-0.00276969	0.01414213	0.05755220
6.866639	0.08596437	-0.04850976	0.09597621	-0.00113186	0.01706877	0.05668562
6.883306	0.08593208	-0.04818046	0.09697690	0.00160523	0.02021155	0.05360394
6.899972	0.08602563	-0.04774018	0.09797508	0.00446780	0.02067257	0.04628915
6.916639	0.08616724	-0.04728789	0.09873284	0.00607787	0.01745902	0.03608152
6.933306	0.08633896	-0.04695391	0.09925295	0.00590368	0.01047301	0.02409717
6.949972	0.08640543	-0.04689801	0.09941000	0.00444764	0.00193835	0.01195637
6.966639	0.08645909	-0.04697758	0.09950951	0.00374512	-0.00382684	0.00227359
6.983305	0.08645204	-0.04723351	0.09945701	0.00390237	-0.00550218	-0.00454498
6.999972	0.08649670	-0.04740569	0.09930360	0.00473769	-0.00498461	-0.01000893
7.016639	0.08665562	-0.04737324	0.09913271	0.00559336	-0.00479206	-0.01617986
7.033305	0.08675671	-0.04733777	0.09880827	0.00729363	-0.00546094	-0.02323022
7.049972	0.08690261	-0.04737109	0.09842999	0.00984714	-0.00775616	-0.03100553
7.066638	0.08696123	-0.04766254	0.09781730	0.01166550	-0.01257164	-0.03978369
7.083305	0.08722131	-0.04793157	0.09705050	0.01196680	-0.01914162	-0.04956250
7.099972	0.08755519	-0.04820299	0.09619236	0.01296820	-0.02376791	-0.05757515
7.116638	0.08776972	-0.04864206	0.09509916	0.01621886	-0.02520312	-0.06307232
7.133305	0.08790078	-0.04921199	0.09392043	0.01930133	-0.02586822	-0.06864590
7.149971	0.08817311	-0.04970755	0.09278933	0.02074477	-0.02663509	-0.07466480
7.166638	0.08871030	-0.05006080	0.09157186	0.02109216	-0.02572537	-0.07875504
7.183305	0.08924465	-0.05037878	0.09022763	0.02044775	-0.02274461	-0.07987885
7.199971	0.08950578	-0.05086408	0.08866905	0.01642174	-0.02096289	-0.07910250
7.216638	0.08964544	-0.05123233	0.08729981	0.01038466	-0.02144936	-0.07622254
7.233305	0.08975644	-0.05150313	0.08615389	0.00786323	-0.02066769	-0.06886372
7.249971	0.08982223	-0.05180603	0.08508822	0.00982668	-0.01755770	-0.05892803
7.266638	0.08994511	-0.05218133	0.08411707	0.01331182	-0.01417440	-0.04994182
7.283304	0.09022429	-0.05245340	0.08336706	0.01427317	-0.01282174	-0.04431921
7.299971	0.09060305	-0.05256250	0.08275861	0.01310659	-0.01224344	-0.04138747
7.316638	0.09096246	-0.05257954	0.08228971	0.01009524	-0.01154819	-0.03997741
7.333304	0.09093747	-0.05288852	0.08149424	0.00541510	-0.01150026	-0.03919122
7.349971	0.09096321	-0.05314177	0.08077028	-0.00033576	-0.01254575	-0.03831573
7.366637	0.09084524	-0.05343395	0.08003339	-0.00303624	-0.01211656	-0.03540202
7.383304	0.09086628	-0.05351894	0.07956666	-0.00121769	-0.00893796	-0.02937556
7.399971	0.09071838	-0.05367789	0.07914813	0.00277688	-0.00515519	-0.02275334
7.416637	0.09078603	-0.05374581	0.07880890	0.00555454	-0.00308455	-0.01792837
7.433304	0.09096762	-0.05375851	0.07857572	0.00586717	-0.00293539	-0.01626070
7.449970	0.09127800	-0.05371584	0.07839106	0.00529575	-0.00271143	-0.01527435
7.466637	0.09130126	-0.05379662	0.07814692	0.00417067	-0.00245730	-0.01340380
7.483304	0.09123356	-0.05389366	0.07783672	0.00268822	-0.00249104	-0.01040746
7.499970	0.09113704	-0.05398284	0.07759402	0.00043482	-0.00334629	-0.00680639
7.516637	0.09130037	-0.05393905	0.07758559	-0.00069544	-0.00320594	-0.00076734
7.533303	0.09137864	-0.05396587	0.07767098	-0.00126564	-0.00212210	0.00883031
7.549970	0.09129553	-0.05408267	0.07779752	-0.00411870	-0.00115097	0.02019626
7.566637	0.09113047	-0.05411944	0.07814680	-0.01112372	-0.00026867	0.03208654
7.583303	0.09097009	-0.05410972	0.07880604	-0.01946532	0.00269403	0.04493128
7.599970	0.09068164	-0.05399959	0.07975957	-0.02830465	0.00725403	0.05769004
7.616636	0.09010110	-0.05390132	0.08086666	-0.03794279	0.01145248	0.06877260
7.633303	0.08931185	-0.05365920	0.08208652	-0.04546955	0.01550463	0.07881714
7.649970	0.08838556	-0.05333681	0.08343445	-0.04715834	0.02021520	0.09008414
7.666636	0.08745214	-0.05298559	0.08495677	-0.04343427	0.02442569	0.10148317
7.683303	0.08676776	-0.05252795	0.08676675	-0.03835697	0.02670919	0.10943930
7.699969	0.08629246	-0.05201804	0.08886758	-0.03201486	0.02923530	0.11216342
7.716636	0.08593051	-0.05151416	0.09090882	-0.02645704	0.03040067	0.10749547
7.733303	0.08540408	-0.05103577	0.09270708	-0.02341753	0.02757044	0.09535544
7.749969	0.08507799	-0.05045527	0.09418152	-0.02144394	0.02198254	0.07879840
7.766636	0.08467442	-0.05008864	0.09526277	-0.01757245	0.01662598	0.06187807
7.783302	0.08445852	-0.04993209	0.09614525	-0.01227358	0.01212915	0.04608620
7.799969	0.08423118	-0.04993789	0.09674492	-0.00769123	0.00782903	0.03154648
7.816636	0.08420826	-0.04982187	0.09720934	-0.00281201	0.00530906	0.01840275
7.833302	0.08421800	-0.04963584	0.09739449	0.00186694	0.00418376	0.00717971
7.849969	0.08425672	-0.04956065	0.09734720	0.00593035	0.00227974	-0.00227296
7.866635	0.08440159	-0.04954307	0.09717869	0.00829577	-0.00165106	-0.01088545
7.883302	0.08458097	-0.04964725	0.09695471	0.01089182	-0.00514861	-0.01833062
7.899969	0.08480921	-0.04977584	0.09664790	0.01350468	-0.00674740	-0.02492009
7.916635	0.08499964	-0.04994789	0.09617230	0.01577622	-0.00734371	-0.03116128
7.933302	0.08528970	-0.05006240	0.09553743	0.01783769	-0.00728122	-0.03703881
7.949968	0.08561150	-0.05013717	0.09484688	0.01990855	-0.00690215	-0.04181238
7.966635	0.08599486	-0.05025878	0.09410549	0.02171648	-0.00669819	-0.04553660
7.983302	0.08636663	-0.05036971	0.09335141	0.02241643	-0.00768137	-0.05017226
7.999968	0.08675139	-0.05051033	0.09252301	0.02282956	-0.00893313	-0.05566213
8.016635	0.08713186	-0.05064306	0.09157849	0.02278028	-0.01056502	-0.06177580
8.033301	0.08749497	-0.05084701	0.09042212	0.02295373	-0.01266777	-0.06687191
8.049968	0.08790585	-0.05104845	0.08924095	0.02338713	-0.01494220	-0.06952742
8.066634	0.08825631	-0.05135248	0.08794764	0.02364064	-0.01688617	-0.06928885
8.083302	0.08869257	-0.05164259	0.08684538	0.02326986	-0.01746634	-0.06654949
8.099968	0.08908328	-0.05199077	0.08574458	0.02164887	-0.01762680	-0.06332814
8.116634	0.08946638	-0.05228185	0.08477214	0.01987238	-0.01656800	-0.05932191
8.133301	0.08978406	-0.05250792	0.08382003	0.01918465	-0.01404045	-0.05472589
8.149967	0.08998234	-0.05279881	0.08283453	0.01890823	-0.01099019	-0.05045643
8.166635	0.09030190	-0.05292166	0.08208492	0.01761157	-0.00953630	-0.04854114
8.183301	0.09068036	-0.05304076	0.08137235	0.01645929	-0.00897886	-0.04710172
8.199967	0.09100049	-0.05309853	0.08068231	0.01527114	-0.00884572	-0.04593037
8.216634	0.09118509	-0.05330540	0.07980216	0.01294037	-0.00923030	-0.04492480
8.233300	0.09132013	-0.05351158	0.07899393	0.00884529	-0.01051212	-0.04367026
8.249968	0.09148036	-0.05369807	0.07826708	0.00593694	-0.01150201	-0.04138796
8.266634	0.09162197	-0.05382189	0.07771097	0.00643315	-0.00974138	-0.03738008
8.283300	0.09156283	-0.05405816	0.07709266	0.00749580	-0.00741967	-0.03359994
8.299967	0.09168892	-0.05420219	0.07653300	0.00665611	-0.00676366	-0.03054817
8.316633	0.09190485	-0.05422349	0.07603161	0.00505949	-0.00684735	-0.02671707
8.333301	0.09210490	-0.05425782	0.07561651	0.00399930	-0.00593793	-0.02103933
8.349967	0.09208695	-0.05440684	0.07529024	0.00246019	-0.00483599	-0.01463035
8.366633	0.09194850	-0.05459557	0.07510383	0.00044149	-0.00514686	-0.00917654
8.383300	0.09195966	-0.05465189	0.07503313	-0.00082780	-0.00598278	-0.00527738
8.399966	0.09203537	-0.05461036	0.07507052	-0.00021916	-0.00565101	-0.00265055
8.416633	0.09206755	-0.05474043	0.07500864	-0.00001676	-0.00472503	-0.00098598
8.433300	0.09202667	-0.05489672	0.07498378	-0.00198812	-0.00434104	-0.00018746
8.449966	0.09196232	-0.05503307	0.07494196	-0.00552016	-0.00334549	0.00169852
8.466633	0.09189101	-0.05500977	0.07501312	-0.01041864	-0.00190402	0.00671505
8.483299	0.09172851	-0.05496335	0.07508991	-0.01756295	-0.00191218	0.01542425
8.499966	0.09141357	-0.05493804	0.07535350	-0.02582430	-0.00267149	0.02727795
8.516633	0.09088965	-0.05504751	0.07585511	-0.03141215	-0.00166834	0.03978958
8.533299	0.09015069	-0.05521507	0.07672092	-0.03195135	0.00219609	0.04977705
8.549966	0.08946737	-0.05522956	0.07779603	-0.02875645	0.00690144	0.05535230
8.566632	0.08904301	-0.05495359	0.07887390	-0.02397931	0.01086210	0.05733692
8.583299	0.08887336	-0.05455808	0.07975346	-0.01857616	0.01296566	0.05668909
8.599966	0.08868437	-0.05429574	0.08058291	-0.01435155	0.01298135	0.05513318
8.616632	0.08837431	-0.05420404	0.08147930	-0.01327438	0.01209294	0.05519062
8.633299	0.08811542	-0.05413195	0.08246302	-0.01466839	0.01204645	0.05783436
8.649965	0.08792588	-0.05391034	0.08343470	-0.01561298	0.01431382	0.06245228
8.666632	0.08771762	-0.05356418	0.08445649	-0.01522365	0.01809867	0.06825683
8.683299	0.08740078	-0.05322628	0.08557236	-0.01480686	0.02140540	0.07458802
8.699965	0.08708477	-0.05285043	0.08693162	-0.01432864	0.02341036	0.08045977
8.716632	0.08687239	-0.05247803	0.08840007	-0.01311404	0.02550717	0.08438997
8.733298	0.08670508	-0.05202562	0.08991399	-0.01151179	0.02650840	0.08408535
8.749965	0.08656715	-0.05155268	0.09133098	-0.01085781	0.02531434	0.07902594
8.766632	0.08637331	-0.05101690	0.09265239	-0.01047738	0.02267167	0.07143395
8.783298	0.08617394	-0.05069590	0.09374409	-0.00974819	0.02031463	0.06337515
8.799965	0.08596621	-0.05045027	0.09468810	-0.00922464	0.01811109	0.05510129
8.816631	0.08587097	-0.05027321	0.09551188	-0.00860020	0.01505016	0.04593845
8.833298	0.08577350	-0.04991779	0.09628621	-0.00730912	0.01307625	0.03695428
8.849965	0.08563325	-0.04964812	0.09686127	-0.00540870	0.01180251	0.02835386
8.866632	0.08549671	-0.04953366	0.09719386	-0.00391153	0.00959579	0.01943522
8.883298	0.08543931	-0.04941827	0.09740505	-0.00197374	0.00627772	0.01070027
8.899964	0.08549122	-0.04935853	0.09751600	0.00090920	0.00409914	0.00391910
8.916631	0.08551276	-0.04925580	0.09753041	0.00455463	0.00311471	-0.00130371
8.933298	0.08558823	-0.04923929	0.09744732	0.00750727	0.00241629	-0.00619921
8.949965	0.08571007	-0.04923030	0.09730089	0.00931494	0.00125705	-0.01093392
8.966631	0.08596928	-0.04919409	0.09709315	0.01050279	-0.00021236	-0.01565623
8.983297	0.08618473	-0.04918943	0.09679971	0.01224299	-0.00132811	-0.02022226
8.999964	0.08635664	-0.04922248	0.09642530	0.01440557	-0.00315621	-0.02587485
9.016631	0.08650538	-0.04930348	0.09594325	0.01575957	-0.00526753	-0.03245277
9.033298	0.08684094	-0.04940309	0.09540901	0.01544795	-0.00831270	-0.03951260
9.049964	0.08721828	-0.04955819	0.09464859	0.01397012	-0.01242613	-0.04626237
9.066630	0.08752115	-0.04972741	0.09382357	0.01213324	-0.01719420	-0.05188482
9.083297	0.08756427	-0.05009674	0.09282514	0.01090386	-0.02039176	-0.05490072
9.099964	0.08761674	-0.05051224	0.09186617	0.01092207	-0.02086590	-0.05495026
9.116631	0.08776743	-0.05102013	0.09090674	0.01261981	-0.01908587	-0.05305628
9.133297	0.08814238	-0.05127055	0.09007797	0.01536711	-0.01610336	-0.04962702
9.149963	0.08846000	-0.05143278	0.08929081	0.01832999	-0.01249074	-0.04634228
9.166630	0.08875635	-0.05153799	0.08855353	0.01987544	-0.00977270	-0.04511263
9.183297	0.08898946	-0.05174046	0.08786215	0.01978346	-0.00933308	-0.04603002
9.199964	0.08941531	-0.05189761	0.08713701	0.01852237	-0.01082952	-0.04764375
9.216630	0.08976467	-0.05207841	0.08627540	0.01670818	-0.01275615	-0.04906551
9.233296	0.09010313	-0.05222916	0.08540126	0.01439417	-0.01302005	-0.04912009
9.249963	0.09018294	-0.05255701	0.08450846	0.01124211	-0.01228552	-0.04691850
9.266630	0.09033258	-0.05281101	0.08376601	0.00804562	-0.01187612	-0.04296294
9.283297	0.09045210	-0.05297215	0.08310339	0.00653784	-0.01145043	-0.03950679
9.299963	0.09060358	-0.05305478	0.08253193	0.00741183	-0.00999296	-0.03708951
9.316629	0.09064773	-0.05322948	0.08197602	0.00868845	-0.00859836	-0.03554835
9.333296	0.09078477	-0.05344328	0.08132377	0.00970151	-0.00774534	-0.03425664
9.349963	0.09098081	-0.05359030	0.08074660	0.01007729	-0.00717032	-0.03330170
9.366630	0.09124639	-0.05363781	0.08018933	0.01026657	-0.00561759	-0.03168491
9.383296	0.09141111	-0.05368495	0.07973035	0.00945155	-0.00444531	-0.02941274
9.399962	0.09151085	-0.05377580	0.07924246	0.00784125	-0.00452055	-0.02674732
9.416629	0.09160802	-0.05384257	0.07879365	0.00572076	-0.00543218	-0.02345515
9.433296	0.09171130	-0.05396168	0.07838714	0.00311398	-0.00626149	-0.01942799
9.449963	0.09180766	-0.05404104	0.07810831	-0.00018925	-0.00691830	-0.01374962
9.466629	0.09178917	-0.05418745	0.07792468	-0.00363456	-0.00729227	-0.00724915
9.483295	0.09163497	-0.05431237	0.07785029	-0.00696755	-0.00724861	-0.00044313
9.499962	0.09144768	-0.05445130	0.07791749	-0.00996907	-0.00694939	0.00604222
9.516628	0.09126877	-0.05455777	0.07806408	-0.01221472	-0.00646167	0.01357330
9.533296	0.09109808	-0.05464581	0.07835515	-0.01513156	-0.00628189	0.02235410
9.549962	0.09085219	-0.05473624	0.07871039	-0.01930453	-0.00469379	0.03209433
9.566628	0.09052048	-0.05484182	0.07935916	-0.02366418	-0.00070829	0.04238202
9.583295	0.09001161	-0.05493235	0.08015984	-0.02712689	0.00441421	0.05196030
9.599961	0.08948308	-0.05480054	0.08118284	-0.02850130	0.00979908	0.05949998
9.616629	0.08896454	-0.05448921	0.08227980	-0.02777588	0.01439110	0.06352785
9.633295	0.08851805	-0.05415022	0.08339007	-0.02574722	0.01755293	0.06592248
9.649961	0.08815927	-0.05381493	0.08451042	-0.02340836	0.01935196	0.06861509
9.666628	0.08777887	-0.05359740	0.08555198	-0.02129649	0.02067272	0.07182776
9.683294	0.08743507	-0.05324466	0.08677930	-0.01943127	0.02241533	0.07384602
9.699962	0.08710720	-0.05283307	0.08812655	-0.01709870	0.02461901	0.07435616
9.716628	0.08682179	-0.05235279	0.08948553	-0.01384178	0.02613644	0.07314719
9.733294	0.08662854	-0.05186834	0.09068162	-0.01125225	0.02541428	0.06979118
9.749961	0.08647843	-0.05146070	0.09172598	-0.01038537	0.02335785	0.06581862
9.766627	0.08641169	-0.05107823	0.09274440	-0.01100541	0.02257813	0.06468643
9.783295	0.08621281	-0.05079427	0.09378228	-0.01125281	0.02472502	0.06671795
9.799961	0.08594998	-0.05046710	0.09486665	-0.01013499	0.02834233	0.06872503
9.816628	0.08567387	-0.04992115	0.09615603	-0.00713154	0.03213059	0.06846359
9.833294	0.08559286	-0.04924739	0.09737280	-0.00310173	0.03423293	0.06523136
9.849960	0.08565472	-0.04856535	0.09849443	-0.00021614	0.03207158	0.05803224
9.866628	0.08580483	-0.04800040	0.09936110	0.00000250	0.02562753	0.04810792
9.883294	0.08581226	-0.04766361	0.10005828	-0.00114210	0.01830783	0.03883459
9.899961	0.08571224	-0.04748528	0.10056829	-0.00123870	0.01317834	0.03163339
9.916627	0.08552156	-0.04743734	0.10098964	0.00062265	0.01017183	0.02563546
9.933293	0.08555941	-0.04727484	0.10139857	0.00407019	0.00840913	0.01972277
9.949961	0.08574235	-0.04703998	0.10176121	0.00755153	0.00677991	0.01435494
9.966627	0.08601821	-0.04689530	0.10193799	0.01068459	0.00483455	0.00889066
9.983294	0.08618908	-0.04684641	0.10198737	0.01278137	0.00127584	0.00203640
9.999960	0.08629324	-0.04695666	0.10195833	0.01376504	-0.00277684	-0.00601704
10.016626	0.08654171	-0.04698624	0.10187834	0.01305779	-0.00596758	-0.01420213
10.033294	0.08685880	-0.04712833	0.10159054	0.01227529	-0.00800173	-0.02318619
10.049960	0.08715646	-0.04725007	0.10109629	0.01302434	-0.01017139	-0.03434474
10.066627	0.08722494	-0.04745992	0.10043769	0.01484169	-0.01308800	-0.04684150
10.083293	0.08733787	-0.04767855	0.09959119	0.01551727	-0.01661419	-0.05875488
10.099959	0.08769146	-0.04797762	0.09848850	0.01527122	-0.02118045	-0.06931861
10.116627	0.08815908	-0.04833642	0.09718618	0.01523158	-0.02631215	-0.07784398
10.133293	0.08842029	-0.04883663	0.09574537	0.01491560	-0.03117881	-0.08280691
10.149960	0.08850680	-0.04941699	0.09429475	0.01361450	-0.03371183	-0.08313712
10.166626	0.08858648	-0.05009560	0.09285661	0.01287257	-0.03345512	-0.08053286
10.183292	0.08890916	-0.05069802	0.09154058	0.01432577	-0.03129214	-0.07689980
10.199960	0.08922570	-0.05116285	0.09035814	0.01612077	-0.02870625	-0.07276303
10.216626	0.08954772	-0.05153553	0.08918492	0.01598242	-0.02638813	-0.06788024
10.233293	0.08977489	-0.05191881	0.08805567	0.01482344	-0.02419103	-0.06276108
10.249959	0.08996272	-0.05238216	0.08698738	0.01425644	-0.02167811	-0.05702652
10.266625	0.09017127	-0.05281149	0.08610558	0.01384137	-0.01863591	-0.05095838
10.283293	0.09044380	-0.05307311	0.08534774	0.01330601	-0.01497342	-0.04566889
10.299959	0.09070969	-0.05322426	0.08469732	0.01237103	-0.01087769	-0.04162045
10.316626	0.09091669	-0.05332019	0.08403093	0.01154621	-0.00720711	-0.03830400
10.333292	0.09102987	-0.05346682	0.08336968	0.01033519	-0.00494771	-0.03578029
10.349958	0.09116624	-0.05355180	0.08276485	0.00936206	-0.00389123	-0.03375875
10.366626	0.09136590	-0.05356881	0.08228372	0.00907004	-0.00340782	-0.03139617
10.383292	0.09151613	-0.05358464	0.08178568	0.00911631	-0.00291349	-0.02875187
10.399959	0.09168658	-0.05362466	0.08132216	0.00889994	-0.00303830	-0.02713821
10.416625	0.09177994	-0.05373399	0.08084935	0.00818718	-0.00378262	-0.02671889
10.433291	0.09192948	-0.05378542	0.08046899	0.00681660	-0.00464423	-0.02543873
10.449959	0.09207306	-0.05385637	0.08003106	0.00571544	-0.00394853	-0.02261860
10.466625	0.09215877	-0.05392732	0.07960454	0.00484983	-0.00222116	-0.01916360
10.483292	0.09218443	-0.05402027	0.07930047	0.00369714	-0.00059400	-0.01539792
10.499958	0.09223945	-0.05397056	0.07912076	0.00274220	0.00051271	-0.01027096
10.516624	0.09227300	-0.05391960	0.07901663	0.00122071	0.00085302	-0.00456331
10.533292	0.09234656	-0.05383493	0.07894967	-0.00311655	-0.00029734	0.00213318
10.549958	0.09232125	-0.05388584	0.07899440	-0.01181328	-0.00317327	0.01179722
10.566625	0.09215079	-0.05395823	0.07918296	-0.02261711	-0.00543481	0.02537741
10.583291	0.09164722	-0.05412036	0.07967211	-0.03099301	-0.00361254	0.04142107
10.599957	0.09084611	-0.05427799	0.08053052	-0.03581885	0.00249288	0.05667765
10.616625	0.09005966	-0.05428103	0.08172658	-0.03781028	0.01058100	0.06858913
10.633291	0.08953401	-0.05393258	0.08310127	-0.03581714	0.01991686	0.07586599
10.649958	0.08905181	-0.05343717	0.08443460	-0.03017937	0.02866291	0.07804228
10.666624	0.08854956	-0.05284702	0.08572745	-0.02356949	0.03394737	0.07598516
10.683290	0.08806693	-0.05225139	0.08698381	-0.01824803	0.03475140	0.07237642
10.699957	0.08783753	-0.05161946	0.08816967	-0.01381824	0.03235126	0.06960677
10.716624	0.08780175	-0.05105156	0.08927850	-0.00950560	0.02843341	0.06877502
10.733291	0.08771963	-0.05061267	0.09033839	-0.00662117	0.02486738	0.07033212
10.749957	0.08756839	-0.05032106	0.09147531	-0.00662434	0.02317421	0.07409316
10.766623	0.08742408	-0.05003029	0.09276149	-0.00796154	0.02406637	0.07847691
10.783290	0.08730727	-0.04964783	0.09416979	-0.00895228	0.02660343	0.08191078
10.799957	0.08719213	-0.04909560	0.09564369	-0.00920549	0.02922264	0.08240744
10.816624	0.08700750	-0.04851490	0.09702533	-0.00857368	0.03026373	0.07935239
10.833290	0.08680779	-0.04798287	0.09836363	-0.00624235	0.02917365	0.07281843
10.849957	0.08667664	-0.04753754	0.09951261	-0.00262980	0.02633174	0.06401020
10.866623	0.08666862	-0.04715145	0.10055183	0.00133507	0.02347635	0.05421057
10.883290	0.08682390	-0.04677350	0.10133553	0.00528043	0.02146009	0.04447366
10.899957	0.08694911	-0.04645169	0.10197332	0.00951588	0.02031185	0.03538563
10.916623	0.08709016	-0.04611380	0.10245026	0.01305380	0.01903160	0.02656273
10.933290	0.08727779	-0.04581001	0.10285245	0.01393115	0.01627658	0.01736774
10.949956	0.08763124	-0.04549858	0.10311548	0.01275660	0.01166143	0.00677067
10.966623	0.08797230	-0.04529166	0.10318770	0.01169850	0.00605992	-0.00489375
10.983290	0.08807153	-0.04526768	0.10298155	0.01150225	0.00007613	-0.01728217
10.999956	0.08809220	-0.04538220	0.10254168	0.01142804	-0.00632557	-0.02966494
11.016623	0.08824406	-0.04554405	0.10192706	0.01174321	-0.01199826	-0.04055170
11.033289	0.08858842	-0.04575959	0.10116310	0.01323117	-0.01571257	-0.04929223
11.049956	0.08893215	-0.04606456	0.10023415	0.01534636	-0.01751123	-0.05663623
11.066623	0.08909650	-0.04644539	0.09923039	0.01631412	-0.01946573	-0.06434146
11.083289	0.08928572	-0.04677732	0.09811263	0.01609675	-0.02275985	-0.07295369
11.099956	0.08958249	-0.04706847	0.09691140	0.01591450	-0.02606820	-0.08114680
11.116622	0.08994065	-0.04750754	0.09543738	0.01554026	-0.02828639	-0.08701997
11.133289	0.09025927	-0.04811051	0.09381492	0.01494730	-0.02975379	-0.09010120
11.149956	0.09041677	-0.04871858	0.09218496	0.01455007	-0.02995529	-0.08979658
11.166622	0.09055071	-0.04919525	0.09073199	0.01404868	-0.02812458	-0.08578219
11.183289	0.09081187	-0.04957400	0.08936749	0.01325680	-0.02532798	-0.07950584
11.199955	0.09113355	-0.04994487	0.08811151	0.01209513	-0.02369866	-0.07334641
11.216622	0.09140006	-0.05033746	0.08690325	0.01022678	-0.02356196	-0.06811102
11.233289	0.09147470	-0.05073857	0.08584797	0.00845983	-0.02310337	-0.06375454
11.249955	0.09149256	-0.05115877	0.08482270	0.00652744	-0.02201614	-0.06001199
11.266622	0.09157437	-0.05153317	0.08390177	0.00508016	-0.02077746	-0.05678688
11.283288	0.09177908	-0.05182185	0.08293435	0.00442786	-0.01932349	-0.05343939
11.299955	0.09185476	-0.05212376	0.08206623	0.00440599	-0.01663291	-0.04861166
11.316622	0.09188666	-0.05240619	0.08122621	0.00407288	-0.01295829	-0.04199984
11.333288	0.09183343	-0.05268173	0.08057541	0.00306518	-0.00920117	-0.03361119
11.349955	0.09196147	-0.05275753	0.08009452	0.00238926	-0.00555920	-0.02481977
11.366621	0.09205689	-0.05275265	0.07978560	0.00252654	-0.00184788	-0.01764599
11.383288	0.09209524	-0.05272891	0.07962141	0.00274726	0.00000099	-0.01436630
11.399955	0.09206253	-0.05273249	0.07948960	0.00222587	-0.00104441	-0.01431251
11.416621	0.09208075	-0.05271205	0.07927366	0.00164003	-0.00442488	-0.01610349
11.433288	0.09215654	-0.05280087	0.07891657	0.00140362	-0.00816980	-0.01734893
11.449954	0.09223044	-0.05294273	0.07853059	0.00139837	-0.01087670	-0.01647226
11.466621	0.09220240	-0.05328806	0.07820471	0.00055872	-0.01181503	-0.01304878
11.483288	0.09219235	-0.05350890	0.07806873	-0.00180949	-0.01056295	-0.00782217
11.499954	0.09216235	-0.05370123	0.07801501	-0.00495156	-0.00770529	-0.00204236
11.516621	0.09213093	-0.05372415	0.07804876	-0.00790327	-0.00456758	0.00419622
11.533287	0.09193356	-0.05373836	0.07811458	-0.01161614	-0.00237730	0.01232897
11.549954	0.09167281	-0.05376833	0.07829890	-0.01673809	-0.00115287	0.02370885
11.566621	0.09138436	-0.05381162	0.07872610	-0.02308620	-0.00063412	0.03770534
11.583287	0.09099922	-0.05381893	0.07949558	-0.02803352	0.00211920	0.05382191
11.599954	0.09047874	-0.05380936	0.08059130	-0.03052780	0.00806266	0.07027666
11.616620	0.08977237	-0.05370320	0.08191007	-0.02954450	0.01717613	0.08447826
11.633287	0.08922854	-0.05336701	0.08347928	-0.02542122	0.02714658	0.09285405
11.649954	0.08883200	-0.05279009	0.08519323	-0.01899012	0.03504331	0.09434153
11.666620	0.08871140	-0.05195698	0.08695614	-0.01311404	0.03812775	0.09059685
11.683287	0.08858632	-0.05120274	0.08842663	-0.01080931	0.03678069	0.08526568
11.699953	0.08848433	-0.05059124	0.08966083	-0.01235874	0.03226366	0.08069611
11.716620	0.08824282	-0.05024205	0.09078024	-0.01468843	0.02781982	0.07938164
11.733287	0.08792205	-0.04986589	0.09212300	-0.01503936	0.02572584	0.08113585
11.749953	0.08753918	-0.04950534	0.09355513	-0.01333775	0.02644985	0.08275393
11.766620	0.08735550	-0.04896025	0.09513129	-0.01036704	0.02856676	0.08119355
11.783286	0.08726116	-0.04847615	0.09647498	-0.00748820	0.02892241	0.07514805
11.799953	0.08727613	-0.04791621	0.09767720	-0.00522634	0.02667007	0.06550107
11.816620	0.08716121	-0.04747156	0.09864262	-0.00388259	0.02210099	0.05378480
11.833286	0.08703639	-0.04714605	0.09946364	-0.00281976	0.01707553	0.04194347
11.849953	0.08696506	-0.04693317	0.10008347	-0.00179452	0.01224761	0.03077411
11.866619	0.08699582	-0.04683589	0.10047954	-0.00023499	0.00850647	0.02124564
11.883286	0.08707115	-0.04670512	0.10068133	0.00155256	0.00571542	0.01292886
11.899953	0.08707915	-0.04661475	0.10080818	0.00386828	0.00408288	0.00593832
11.916619	0.08708701	-0.04655850	0.10087325	0.00604215	0.00262682	-0.00134003
11.933286	0.08718493	-0.04654013	0.10085987	0.00806454	0.00030849	-0.00970897
11.949952	0.08741873	-0.04654385	0.10068715	0.01010772	-0.00300852	-0.01969688
11.966619	0.08765214	-0.04657984	0.10022171	0.01292938	-0.00661974	-0.03104424
11.983286	0.08784467	-0.04671333	0.09960770	0.01657426	-0.01068369	-0.04367879
11.999952	0.08802483	-0.04697220	0.09875357	0.01964119	-0.01553156	-0.05591635
12.016619	0.08841947	-0.04724288	0.09777517	0.02071642	-0.02083092	-0.06680441
12.033285	0.08893050	-0.04764071	0.09650108	0.01982377	-0.02503008	-0.07573441
12.049952	0.08936411	-0.04807979	0.09512470	0.01801248	-0.02719210	-0.08152946
12.066619	0.08953504	-0.04865674	0.09362692	0.01621413	-0.02743348	-0.08290086
12.083285	0.08961315	-0.04914790	0.09219903	0.01591435	-0.02579925	-0.07972276
12.099952	0.08983476	-0.04954657	0.09085889	0.01676313	-0.02357487	-0.07513121
12.116618	0.09025283	-0.04986114	0.08971538	0.01841668	-0.02095186	-0.07093931
12.133285	0.09072496	-0.05013958	0.08866640	0.01981900	-0.01832140	-0.06755871
12.149952	0.09098774	-0.05051536	0.08755756	0.01973231	-0.01613242	-0.06591313
12.166618	0.09122244	-0.05078159	0.08642194	0.01778446	-0.01577950	-0.06634024
12.183285	0.09149108	-0.05098103	0.08533130	0.01555967	-0.01626979	-0.06613024
12.199951	0.09184037	-0.05115822	0.08421034	0.01366595	-0.01627828	-0.06397399
12.216618	0.09209026	-0.05149455	0.08312768	0.01039748	-0.01672591	-0.06151574
12.233285	0.09221701	-0.05186581	0.08211844	0.00535080	-0.01740347	-0.05884086
12.249951	0.09223742	-0.05215270	0.08121214	0.00092276	-0.01657752	-0.05388870
12.266618	0.09216973	-0.05239883	0.08030156	-0.00101064	-0.01374721	-0.04698117
12.283284	0.09206901	-0.05260424	0.07948801	-0.00102118	-0.01164152	-0.04114190
12.299951	0.09207580	-0.05276662	0.07891366	0.00028856	-0.01059488	-0.03648258
12.316618	0.09211531	-0.05289716	0.07848230	0.00278463	-0.00872055	-0.03144746
12.333284	0.09220628	-0.05308346	0.07796437	0.00435835	-0.00704383	-0.02753507
12.349951	0.09227543	-0.05322018	0.07746980	0.00351922	-0.00691070	-0.02555571
12.366617	0.09240421	-0.05324299	0.07704994	0.00113305	-0.00719297	-0.02307342
12.383284	0.09240878	-0.05333609	0.07671995	-0.00134599	-0.00639972	-0.01898077
12.399951	0.09232869	-0.05348957	0.07642639	-0.00319616	-0.00514612	-0.01469909
12.416617	0.09217662	-0.05366720	0.07621068	-0.00446258	-0.00404186	-0.01016789
12.433284	0.09209526	-0.05369082	0.07606968	-0.00506992	-0.00278470	-0.00451541
12.449950	0.09206764	-0.05363144	0.07600998	-0.00564760	-0.00198682	0.00192401
12.466617	0.09201723	-0.05362000	0.07609219	-0.00722836	-0.00266544	0.00779393
12.483284	0.09187442	-0.05368385	0.07632045	-0.01074341	-0.00500208	0.01436057
12.499950	0.09166228	-0.05384152	0.07663015	-0.01645706	-0.00761847	0.02264583
12.516617	0.09135439	-0.05400054	0.07696804	-0.02293208	-0.00854041	0.03211277
12.533283	0.09096380	-0.05416016	0.07754703	-0.02728231	-0.00513261	0.04185637
12.549950	0.09036209	-0.05431275	0.07836036	-0.02852764	0.00212458	0.05126888
12.566617	0.08975965	-0.05430608	0.07941267	-0.02760347	0.01032813	0.05933551
12.583283	0.08930869	-0.05397734	0.08050322	-0.02551104	0.01758195	0.06443974
12.599950	0.08901283	-0.05348164	0.08160096	-0.02230027	0.02295298	0.06693837
12.616616	0.08873990	-0.05298071	0.08272805	-0.01936563	0.02438033	0.06757852
12.633283	0.08836121	-0.05261649	0.08384960	-0.01753654	0.02225348	0.06830541
12.649950	0.08803841	-0.05227710	0.08503220	-0.01601717	0.01913849	0.07003369
12.666616	0.08777764	-0.05203315	0.08614554	-0.01377521	0.01712493	0.07277771
12.683283	0.08761328	-0.05174607	0.08736640	-0.01172324	0.01576974	0.07506981
12.699949	0.08748330	-0.05150470	0.08865781	-0.01079921	0.01546343	0.07637624
12.716616	0.08731642	-0.05121797	0.09004011	-0.01016517	0.01753093	0.07765704
12.733283	0.08710378	-0.05101570	0.09133094	-0.01001891	0.02092537	0.07849583
12.749949	0.08690164	-0.05065945	0.09257112	-0.01022645	0.02428208	0.07822113
12.766616	0.08678276	-0.05016237	0.09387024	-0.00984535	0.02834264	0.07689477
12.783282	0.08663712	-0.04959517	0.09520815	-0.00779587	0.03291048	0.07492647
12.799949	0.08647456	-0.04906441	0.09649820	-0.00481596	0.03525372	0.07098029
12.816616	0.08634472	-0.04843969	0.09766492	-0.00176796	0.03489630	0.06386101
12.833282	0.08638644	-0.04780435	0.09867068	0.00165266	0.03359100	0.05474090
12.849949	0.08650085	-0.04720857	0.09952098	0.00509115	0.03213467	0.04495378
12.866615	0.08663244	-0.04676272	0.10014632	0.00705226	0.02849058	0.03449685
12.883282	0.08675130	-0.04631202	0.10066027	0.00674642	0.02273822	0.02305584
12.899948	0.08687841	-0.04589043	0.10097528	0.00543109	0.01581683	0.01130317
12.916615	0.08697308	-0.04565982	0.10108577	0.00530100	0.00905950	-0.00003092
12.933282	0.08701400	-0.04559488	0.10094021	0.00678285	0.00166080	-0.01074512
12.949948	0.08705083	-0.04574255	0.10062081	0.00860255	-0.00599601	-0.02047752
12.966615	0.08725447	-0.04583634	0.10019827	0.00940755	-0.01259854	-0.02853759
12.983281	0.08751495	-0.04609260	0.09967456	0.00989855	-0.01633507	-0.03489449
12.999949	0.08774961	-0.04642621	0.09901752	0.01175028	-0.01685006	-0.04029268
13.016615	0.08779994	-0.04685447	0.09829657	0.01418145	-0.01585482	-0.04536502
13.033281	0.08794373	-0.04712377	0.09747573	0.01495919	-0.01461264	-0.04985755
13.049948	0.08833104	-0.04722056	0.09664008	0.01447367	-0.01360729	-0.05369245
13.066614	0.08876519	-0.04734103	0.09568765	0.01477005	-0.01306636	-0.05713262
13.083282	0.08896327	-0.04761888	0.09471180	0.01529860	-0.01429051	-0.06061966
13.099948	0.08901186	-0.04794544	0.09366387	0.01542727	-0.01677544	-0.06439302
13.116614	0.08919886	-0.04825345	0.09258588	0.01501071	-0.01963027	-0.06825657
13.133281	0.08961663	-0.04850597	0.09142035	0.01533943	-0.02304642	-0.07226858
13.149947	0.09003977	-0.04886524	0.09017272	0.01500478	-0.02701187	-0.07492751
13.166615	0.09020236	-0.04938114	0.08885159	0.01277087	-0.03041663	-0.07580035
13.183281	0.09031160	-0.05003499	0.08751392	0.01009994	-0.03071943	-0.07392861
13.199947	0.09035689	-0.05064553	0.08629833	0.00908941	-0.02703337	-0.06986382
13.216614	0.09057740	-0.05110339	0.08514541	0.00980575	-0.02057168	-0.06445203
13.233280	0.09080078	-0.05128583	0.08418517	0.01025904	-0.01441056	-0.05941560
13.249948	0.09099672	-0.05139603	0.08323021	0.01007300	-0.01033301	-0.05433644
13.266614	0.09114888	-0.05145278	0.08239011	0.00859983	-0.00897562	-0.04876324
13.283280	0.09121165	-0.05168214	0.08152128	0.00586385	-0.00970967	-0.04345129
13.299947	0.09136850	-0.05185886	0.08087621	0.00274022	-0.01068146	-0.03870119
13.316613	0.09141163	-0.05207955	0.08032129	0.00112448	-0.01032671	-0.03430790
13.333281	0.09135575	-0.05222809	0.07983870	0.00148703	-0.00784907	-0.02956823
13.349947	0.09128284	-0.05236827	0.07932255	0.00186876	-0.00542803	-0.02617045
13.366613	0.09131136	-0.05243960	0.07887251	0.00147880	-0.00498912	-0.02537846
13.383280	0.09152083	-0.05241052	0.07856134	0.00102815	-0.00617933	-0.02575244
13.399946	0.09155499	-0.05247904	0.07821167	0.00116747	-0.00752948	-0.02587318
13.416614	0.09145724	-0.05270087	0.07768636	0.00157163	-0.00881448	-0.02677638
13.433280	0.09136606	-0.05293345	0.07718205	0.00278958	-0.00940073	-0.02777275
13.449946	0.09143271	-0.05312637	0.07668488	0.00555465	-0.00799672	-0.02631079
13.466613	0.09168372	-0.05317189	0.07628990	0.00777587	-0.00529385	-0.02194875
13.483279	0.09189016	-0.05323634	0.07591502	0.00736809	-0.00297656	-0.01662093
13.499947	0.09203252	-0.05324412	0.07566993	0.00427039	-0.00149362	-0.01053080
13.516613	0.09202149	-0.05327918	0.07557240	0.00004027	-0.00082177	-0.00345600
13.533279	0.09193681	-0.05329774	0.07554789	-0.00453429	-0.00084734	0.00540359
13.549946	0.09185708	-0.05327160	0.07570086	-0.01079463	-0.00217379	0.01535187
13.566612	0.09170672	-0.05329464	0.07597312	-0.01872998	-0.00354465	0.02723418
13.583280	0.09141772	-0.05335718	0.07654639	-0.02743248	-0.00459524	0.03942908
13.599946	0.09079489	-0.05353168	0.07730006	-0.03493267	-0.00417011	0.05028979
13.616612	0.09002496	-0.05362445	0.07836711	-0.03854376	-0.00056569	0.05885036
13.633279	0.08923239	-0.05366835	0.07941862	-0.03756672	0.00626209	0.06468128
13.649945	0.08860987	-0.05351138	0.08057542	-0.03277740	0.01384478	0.06752663
13.666613	0.08821145	-0.05315473	0.08167831	-0.02601872	0.01997822	0.06877778
13.683279	0.08784135	-0.05266911	0.08287173	-0.01909025	0.02386509	0.07082215
13.699945	0.08756972	-0.05221463	0.08400850	-0.01443243	0.02485643	0.07302868
13.716612	0.08735472	-0.05180882	0.08525202	-0.01215195	0.02440123	0.07517908
13.733278	0.08725155	-0.05146649	0.08654977	-0.01069837	0.02329240	0.07545722
13.749946	0.08710475	-0.05109846	0.08786903	-0.00960313	0.02247810	0.07405110
13.766612	0.08689652	-0.05067692	0.08916557	-0.00889465	0.02149054	0.07166828
13.783278	0.08671930	-0.05032145	0.09024733	-0.00883642	0.02018953	0.07054283
13.799945	0.08659291	-0.04995972	0.09133299	-0.00928529	0.01890501	0.07157242
13.816611	0.08651414	-0.04974050	0.09244369	-0.01040951	0.01879511	0.07462051
13.833279	0.08635534	-0.04945624	0.09378660	-0.01021449	0.02047051	0.07686508
13.849945	0.08608680	-0.04913796	0.09522239	-0.00740095	0.02302291	0.07471409
13.866611	0.08582826	-0.04868404	0.09660201	-0.00272331	0.02544920	0.06676686
13.883278	0.08584629	-0.04816227	0.09767555	0.00199486	0.02636438	0.05399532
13.899944	0.08607455	-0.04770585	0.09840252	0.00557555	0.02418165	0.03880703
13.916612	0.08634416	-0.04729167	0.09882793	0.00740784	0.01816492	0.02372997
13.933278	0.08640136	-0.04698998	0.09911422	0.00723480	0.01131845	0.01141996
13.949944	0.08639668	-0.04689502	0.09918059	0.00641617	0.00580905	0.00235152
13.966611	0.08646299	-0.04694925	0.09912030	0.00714543	0.00122618	-0.00488887
13.983277	0.08664806	-0.04700453	0.09894372	0.00861056	-0.00249897	-0.01117048
13.999944	0.08687230	-0.04699875	0.09873091	0.00880852	-0.00455771	-0.01615453
14.016611	0.08708001	-0.04705231	0.09842686	0.00779013	-0.00574783	-0.02106235
14.033278	0.08712543	-0.04720850	0.09803749	0.00766884	-0.00772021	-0.02679363
14.049944	0.08717624	-0.04737385	0.09757456	0.00957169	-0.00968334	-0.03220217
14.066610	0.08725484	-0.04755102	0.09696361	0.01295415	-0.00977107	-0.03569315
14.083277	0.08759332	-0.04773511	0.09625570	0.01661400	-0.00896523	-0.03833846
14.099944	0.08799233	-0.04788741	0.09557901	0.01960092	-0.00856053	-0.04160931
14.116611	0.08838052	-0.04797893	0.09495813	0.02140445	-0.00881899	-0.04530113
14.133277	0.08867296	-0.04810514	0.09425240	0.02109871	-0.00955468	-0.04944162
14.149943	0.08899140	-0.04826278	0.09333923	0.01929794	-0.01040504	-0.05377687
14.166610	0.08937070	-0.04850551	0.09231864	0.01606717	-0.01088473	-0.05765573
14.183277	0.08968893	-0.04871230	0.09127195	0.01223577	-0.01092036	-0.06033951
14.199944	0.08986291	-0.04887964	0.09031519	0.00810179	-0.01121598	-0.06191450
14.216610	0.08985056	-0.04900886	0.08931630	0.00489371	-0.01184068	-0.06273321
14.233276	0.08984778	-0.04918426	0.08824862	0.00390449	-0.01251799	-0.06238146
14.249943	0.08989038	-0.04946107	0.08711373	0.00527123	-0.01315336	-0.06065844
14.266610	0.09004190	-0.04973193	0.08605342	0.00797718	-0.01331674	-0.05728603
14.283277	0.09022141	-0.04994382	0.08517499	0.01085204	-0.01177221	-0.05205552
14.299943	0.09040658	-0.05012206	0.08439159	0.01255391	-0.01016908	-0.04648026
14.316609	0.09062527	-0.05025310	0.08367088	0.01164128	-0.01056850	-0.04276904
14.333276	0.09088925	-0.05035444	0.08302272	0.00809144	-0.01313168	-0.04157105
14.349943	0.09106843	-0.05058187	0.08235218	0.00350618	-0.01642697	-0.04130544
14.366610	0.09106816	-0.05090895	0.08168692	-0.00066463	-0.01919441	-0.04023162
14.383276	0.09087960	-0.05136574	0.08092648	-0.00384153	-0.02040255	-0.03747270
14.399942	0.09074534	-0.05173339	0.08027074	-0.00463480	-0.01884617	-0.03346945
14.416609	0.09068781	-0.05203028	0.07975926	-0.00310527	-0.01531695	-0.02898176
14.433276	0.09069056	-0.05223696	0.07940320	-0.00013035	-0.01113982	-0.02432077
14.449943	0.09073432	-0.05234284	0.07907227	0.00293174	-0.00762615	-0.02045617
14.466609	0.09073409	-0.05246659	0.07871376	0.00523312	-0.00531616	-0.01796577
14.483275	0.09087309	-0.05250463	0.07840972	0.00585886	-0.00424336	-0.01590355
14.499942	0.09102790	-0.05256125	0.07817830	0.00456298	-0.00433646	-0.01334140
14.516609	0.09117908	-0.05262535	0.07797813	0.00222226	-0.00464125	-0.01048107
14.533276	0.09117348	-0.05269090	0.07785693	0.00049006	-0.00422546	-0.00689357
14.549942	0.09102920	-0.05284731	0.07771530	-0.00008620	-0.00319080	-0.00269891
14.566608	0.09096135	-0.05288124	0.07767957	0.00035960	-0.00205939	0.00159186
14.583275	0.09105010	-0.05287343	0.07777464	0.00092335	-0.00073586	0.00513127
14.599942	0.09116713	-0.05284084	0.07793384	-0.00108067	-0.00021253	0.00843454
14.616609	0.09124284	-0.05281705	0.07815041	-0.00646210	-0.00194744	0.01219203
14.633275	0.09104929	-0.05286703	0.07827166	-0.01391767	-0.00498278	0.01703597
14.649941	0.09067605	-0.05295083	0.07854156	-0.02122508	-0.00741906	0.02363088
14.666608	0.09020501	-0.05315982	0.07897492	-0.02626389	-0.00632367	0.03304759
14.683275	0.08969630	-0.05336563	0.07962150	-0.02814543	-0.00232044	0.04317629
14.699942	0.08923417	-0.05344295	0.08046824	-0.02721779	0.00384725	0.05130081
14.716608	0.08876295	-0.05321655	0.08147888	-0.02492628	0.01081600	0.05639557
14.733274	0.08834537	-0.05293042	0.08248155	-0.02184329	0.01722395	0.06027246
14.749941	0.08803990	-0.05251710	0.08351137	-0.01821562	0.02147471	0.06395350
14.766608	0.08773004	-0.05222153	0.08444855	-0.01528903	0.02322147	0.06750394
14.783275	0.08757155	-0.05177162	0.08567754	-0.01475370	0.02279503	0.07101177
14.799941	0.08736937	-0.05137490	0.08692490	-0.01555140	0.02167196	0.07580929
14.816607	0.08713387	-0.05095812	0.08828831	-0.01688364	0.02057581	0.08103955
14.833274	0.08675553	-0.05071214	0.08956772	-0.01855493	0.01908032	0.08405682
14.849941	0.08640593	-0.05041745	0.09103285	-0.01948592	0.01827564	0.08463808
14.866608	0.08607499	-0.05015263	0.09254641	-0.01896911	0.01929313	0.08324612
14.883274	0.08579287	-0.04979404	0.09400129	-0.01658491	0.02328970	0.08069868
14.899940	0.08550134	-0.04944343	0.09526431	-0.01297129	0.02886700	0.07588313
14.916607	0.08527464	-0.04893799	0.09642787	-0.00833492	0.03374812	0.06901109
14.933274	0.08515763	-0.04826966	0.09756359	-0.00342389	0.03721818	0.06098802
14.949941	0.08518778	-0.04750325	0.09860860	0.00032295	0.03940658	0.05274850
14.966607	0.08529634	-0.04685491	0.09940887	0.00245051	0.03900830	0.04392563
14.983274	0.08539848	-0.04621960	0.10001078	0.00339826	0.03492559	0.03399758
14.999940	0.08539020	-0.04566474	0.10045610	0.00420408	0.02821252	0.02378615
15.016607	0.08542010	-0.04513570	0.10083061	0.00559343	0.02128232	0.01536074
15.033274	0.08548643	-0.04488467	0.10100360	0.00714718	0.01387378	0.00777311
15.049940	0.08571050	-0.04478587	0.10101744	0.00875346	0.00655162	-0.00080642
15.066607	0.08592179	-0.04475258	0.10098241	0.01055368	0.00103267	-0.00958618
15.083273	0.08606043	-0.04481312	0.10076161	0.01250078	-0.00143611	-0.01657645
15.099939	0.08621331	-0.04484785	0.10038922	0.01376746	-0.00282065	-0.02254517
15.116607	0.08645383	-0.04492697	0.09988763	0.01458543	-0.00434507	-0.02878596
15.133273	0.08681089	-0.04495145	0.09939653	0.01469350	-0.00698068	-0.03553248
15.149940	0.08710240	-0.04505942	0.09884189	0.01438262	-0.01057622	-0.04246263
15.166606	0.08729289	-0.04525700	0.09809268	0.01411485	-0.01461812	-0.04962650
15.183272	0.08741894	-0.04559227	0.09713001	0.01432499	-0.01876447	-0.05716924
15.199940	0.08764616	-0.04595765	0.09606358	0.01469845	-0.02168334	-0.06332661
15.216606	0.08798139	-0.04635723	0.09494502	0.01429832	-0.02363505	-0.06797460
15.233273	0.08832186	-0.04675221	0.09379858	0.01330020	-0.02491574	-0.07118984
15.249939	0.08850566	-0.04715201	0.09262215	0.01260505	-0.02583021	-0.07306437
15.266605	0.08857546	-0.04761791	0.09131118	0.01264540	-0.02673245	-0.07338158
15.283273	0.08871318	-0.04807426	0.09005582	0.01326771	-0.02715077	-0.07183033
15.299939	0.08903314	-0.04854231	0.08881883	0.01365492	-0.02638533	-0.06865138
15.316606	0.08939137	-0.04900829	0.08774389	0.01335954	-0.02443588	-0.06553158
15.333272	0.08964211	-0.04939102	0.08674534	0.01242277	-0.02257580	-0.06361193
15.349938	0.08969785	-0.04974792	0.08574683	0.01105253	-0.02105863	-0.06164255
15.366606	0.08980063	-0.05001609	0.08467330	0.00996419	-0.01968187	-0.05925132
15.383272	0.09000585	-0.05037035	0.08359884	0.00956502	-0.01753194	-0.05578883
15.399939	0.09026714	-0.05069177	0.08270232	0.00900883	-0.01515637	-0.05116915
15.416605	0.09044138	-0.05097123	0.08193943	0.00664438	-0.01308540	-0.04537716
15.433271	0.09048600	-0.05108392	0.08128563	0.00306246	-0.01171480	-0.03994853
15.449939	0.09047187	-0.05121422	0.08063348	0.00008151	-0.01170780	-0.03633074
15.466605	0.09041345	-0.05137286	0.08006617	-0.00044383	-0.01249970	-0.03428227
15.483272	0.09038655	-0.05167502	0.07953296	0.00144996	-0.01303153	-0.03277944
15.499938	0.09039678	-0.05195882	0.07901353	0.00513135	-0.01131191	-0.03108700
15.516604	0.09052078	-0.05216971	0.07848188	0.01008936	-0.00723164	-0.02884899
15.533272	0.09072770	-0.05224500	0.07797746	0.01417449	-0.00252704	-0.02645216
15.549938	0.09104230	-0.05216971	0.07755316	0.01476964	-0.00031091	-0.02486909
15.566605	0.09141348	-0.05207078	0.07724039	0.01087133	-0.00130471	-0.02383100
15.583271	0.09164236	-0.05204462	0.07687932	0.00485940	-0.00426967	-0.02227621
15.599937	0.09162498	-0.05221654	0.07645930	-0.00029162	-0.00709879	-0.01932633
15.616605	0.09137952	-0.05246668	0.07604177	-0.00338623	-0.00853413	-0.01532609
15.633271	0.09121766	-0.05265883	0.07581068	-0.00482103	-0.00826005	-0.01028646
15.649938	0.09124003	-0.05273008	0.07579158	-0.00513287	-0.00639484	-0.00424726
15.666604	0.09129547	-0.05276306	0.07580237	-0.00669627	-0.00502955	0.00225567
15.683270	0.09119341	-0.05283737	0.07584783	-0.01102158	-0.00547441	0.00864081
15.699938	0.09092466	-0.05292231	0.07595833	-0.01629057	-0.00622988	0.01545063
15.716604	0.09049240	-0.05308107	0.07627070	-0.01946424	-0.00471169	0.02333840
15.733271	0.09010692	-0.05322488	0.07678348	-0.01991358	-0.00076667	0.03100836
15.749937	0.08976310	-0.05325226	0.07740858	-0.01855735	0.00392642	0.03681637
15.766603	0.08955055	-0.05307341	0.07812387	-0.01712635	0.00813309	0.04030579
15.783271	0.08929519	-0.05279250	0.07880381	-0.01720476	0.01100684	0.04400342
15.799937	0.08903196	-0.05256879	0.07950669	-0.01868352	0.01084231	0.04742060
15.816604	0.08867770	-0.05242060	0.08026146	-0.02010428	0.00760577	0.04975752
15.833270	0.08829144	-0.05229925	0.08125535	-0.02005026	0.00518974	0.05250005
15.849936	0.08790949	-0.05229143	0.08215781	-0.01935918	0.00446357	0.05600326
15.866604	0.08761864	-0.05229406	0.08307035	-0.01858260	0.00375233	0.05899844
15.883270	0.08738469	-0.05216462	0.08400590	-0.01794740	0.00335561	0.06185028
15.899937	0.08710222	-0.05207397	0.08508771	-0.01717403	0.00540944	0.06675084
15.916603	0.08676782	-0.05200553	0.08626390	-0.01602708	0.00975207	0.07287200
15.933270	0.08644583	-0.05196555	0.08750403	-0.01407879	0.01512742	0.07792646
15.949937	0.08623051	-0.05165916	0.08887748	-0.01207792	0.02145886	0.08134335
15.966603	0.08611977	-0.05114223	0.09032063	-0.01076062	0.02818786	0.08494478
15.983270	0.08602164	-0.05055074	0.09172311	-0.01121723	0.03255630	0.08761635
15.999936	0.08581605	-0.04994831	0.09318168	-0.01267725	0.03359983	0.08866134
16.016603	0.08556207	-0.04938358	0.09471843	-0.01291280	0.03356420	0.08809303
16.033270	0.08522274	-0.04889577	0.09622268	-0.00973880	0.03395154	0.08500279
16.049936	0.08504786	-0.04833795	0.09770399	-0.00391433	0.03369240	0.07715867
16.066603	0.08502488	-0.04775861	0.09894775	0.00188985	0.03176197	0.06446358
16.083269	0.08525573	-0.04710075	0.09999966	0.00611136	0.02720915	0.04791015
16.099936	0.08547305	-0.04666153	0.10063077	0.00867523	0.02012523	0.02967455
16.116602	0.08558861	-0.04639292	0.10095196	0.00991609	0.01123366	0.01211469
16.133268	0.08565640	-0.04637299	0.10091409	0.00920426	0.00234609	-0.00263375
16.149935	0.08582325	-0.04641513	0.10070112	0.00798910	-0.00405647	-0.01307880
16.166603	0.08606294	-0.04656974	0.10033997	0.00808309	-0.00710822	-0.02027542
16.183270	0.08618739	-0.04673866	0.09996133	0.01004298	-0.00739488	-0.02607043
16.199936	0.08623692	-0.04690523	0.09952817	0.01208683	-0.00688692	-0.03157405
16.216602	0.08639884	-0.04697373	0.09900015	0.01373706	-0.00639670	-0.03686391
16.233269	0.08676119	-0.04702124	0.09828188	0.01620966	-0.00652467	-0.04243898
16.249935	0.08713428	-0.04711049	0.09750205	0.01900468	-0.00732168	-0.04831922
16.266602	0.08742281	-0.04727896	0.09664931	0.02085143	-0.00857733	-0.05359161
16.283268	0.08770915	-0.04746987	0.09576132	0.02148968	-0.01045876	-0.05914328
16.299934	0.08807149	-0.04764307	0.09472480	0.02219071	-0.01251587	-0.06575737
16.316601	0.08853541	-0.04779702	0.09361759	0.02265831	-0.01495770	-0.07365499
16.333269	0.08893871	-0.04808437	0.09228272	0.02312312	-0.01678745	-0.08052795
16.349936	0.08931120	-0.04839852	0.09088223	0.02296826	-0.01885379	-0.08526840
16.366602	0.08959424	-0.04883224	0.08927766	0.02153517	-0.02202182	-0.08752489
16.383268	0.09002301	-0.04908513	0.08784348	0.01912460	-0.02532207	-0.08653937
16.399935	0.09038019	-0.04952113	0.08635729	0.01722499	-0.02697197	-0.08213896
16.416601	0.09065980	-0.05003141	0.08504319	0.01558824	-0.02710759	-0.07503957
16.433268	0.09078577	-0.05063273	0.08378921	0.01303481	-0.02689795	-0.06793568
16.449934	0.09099460	-0.05105489	0.08274924	0.01027137	-0.02541265	-0.06162899
16.466600	0.09120142	-0.05136425	0.08187176	0.00810988	-0.02235647	-0.05598389
16.483267	0.09136873	-0.05169198	0.08098863	0.00543917	-0.01976194	-0.05027877
16.499935	0.09139347	-0.05206070	0.08012409	0.00154537	-0.01988631	-0.04530128
16.516602	0.09139140	-0.05234199	0.07937507	-0.00146706	-0.02006092	-0.04005862
16.533268	0.09127143	-0.05269754	0.07876899	-0.00165079	-0.01753589	-0.03367065
16.549934	0.09120597	-0.05303641	0.07830872	0.00003669	-0.01284638	-0.02688925
16.566601	0.09118758	-0.05330025	0.07790103	0.00179906	-0.00770812	-0.02112431
16.583267	0.09134764	-0.05332011	0.07760824	0.00282643	-0.00263647	-0.01698050
16.599934	0.09144873	-0.05320770	0.07738428	0.00302029	0.00161995	-0.01352975
16.616600	0.09149648	-0.05311900	0.07719959	0.00225631	0.00358402	-0.01020857
16.633266	0.09142938	-0.05307917	0.07702775	0.00084792	0.00259603	-0.00757183
16.649933	0.09144299	-0.05304752	0.07691965	0.00020176	0.00041271	-0.00560502
16.666601	0.09145398	-0.05304876	0.07687073	0.00075054	-0.00162123	-0.00428224
16.683268	0.09150138	-0.05308043	0.07684160	0.00189544	-0.00322706	-0.00319318
16.699934	0.09150608	-0.05317751	0.07679137	0.00176471	-0.00496786	-0.00255277
16.716600	0.09155726	-0.05328197	0.07671411	0.00063464	-0.00628528	-0.00170261
16.733267	0.09160259	-0.05338272	0.07669162	-0.00128352	-0.00643446	0.00031404
16.749933	0.09156129	-0.05352923	0.07668021	-0.00403670	-0.00594562	0.00371663
16.766600	0.09147692	-0.05361962	0.07677828	-0.00820416	-0.00568649	0.00871543
16.783266	0.09129181	-0.05369473	0.07694509	-0.01355210	-0.00666010	0.01536077
16.799932	0.09106246	-0.05376184	0.07722345	-0.01903907	-0.00791571	0.02360689
16.816599	0.09070021	-0.05387758	0.07768007	-0.02424354	-0.00762451	0.03329402
16.833265	0.09019955	-0.05414872	0.07829558	-0.02839636	-0.00496270	0.04378757
16.849934	0.08967465	-0.05428024	0.07913500	-0.03004917	-0.00061218	0.05296401
16.866600	0.08908492	-0.05424491	0.08015477	-0.02826136	0.00458181	0.05981208
16.883266	0.08860354	-0.05399328	0.08127897	-0.02426593	0.00957742	0.06470010
16.899933	0.08823831	-0.05372564	0.08239241	-0.01998634	0.01305261	0.06786183
16.916599	0.08800980	-0.05354299	0.08349729	-0.01578010	0.01491655	0.06857028
16.933266	0.08783317	-0.05332688	0.08466592	-0.01186547	0.01694474	0.06737006
16.949932	0.08759420	-0.05306074	0.08587077	-0.00903278	0.02053776	0.06660481
16.966599	0.08745416	-0.05268896	0.08694410	-0.00856336	0.02313573	0.06599862
16.983265	0.08737902	-0.05217601	0.08795943	-0.00969414	0.02315979	0.06573051
16.999931	0.08730522	-0.05169423	0.08903661	-0.01113725	0.02209261	0.06751825
17.016600	0.08706816	-0.05138009	0.09014075	-0.01316780	0.02128682	0.07212910
17.033266	0.08672965	-0.05117713	0.09140451	-0.01595965	0.02167770	0.07838400
17.049932	0.08644624	-0.05088492	0.09273422	-0.01900774	0.02353408	0.08451421
17.066599	0.08617412	-0.05040178	0.09423351	-0.02044164	0.02693086	0.08895038
17.083265	0.08584776	-0.04981649	0.09582352	-0.01952287	0.03045508	0.09045608
17.099932	0.08539891	-0.04929819	0.09739375	-0.01590165	0.03236679	0.08795196
17.116598	0.08505527	-0.04876805	0.09889621	-0.00962183	0.03255803	0.08103281
17.133265	0.08493984	-0.04825662	0.10021041	-0.00142746	0.03283631	0.07127935
17.149931	0.08510054	-0.04767701	0.10130022	0.00601082	0.03259417	0.05910435
17.166597	0.08536385	-0.04712069	0.10218050	0.01015105	0.02992489	0.04533577
17.183266	0.08562458	-0.04654048	0.10285078	0.01062710	0.02458275	0.03159599
17.199932	0.08574837	-0.04615457	0.10324856	0.00881005	0.01860170	0.01949270
17.216599	0.08584435	-0.04594817	0.10341484	0.00703203	0.01392009	0.01018636
17.233265	0.08590727	-0.04590612	0.10340482	0.00653243	0.01075708	0.00314632
17.249931	0.08602237	-0.04576156	0.10339572	0.00680677	0.00874810	-0.00279487
17.266598	0.08616723	-0.04554034	0.10339286	0.00806205	0.00750908	-0.00956550
17.283264	0.08631791	-0.04533066	0.10325838	0.01126722	0.00591171	-0.01900640
17.299931	0.08643842	-0.04529599	0.10291634	0.01518993	0.00121832	-0.03281547
17.316597	0.08670305	-0.04532155	0.10223713	0.01730292	-0.00679769	-0.04911577
17.333263	0.08711994	-0.04543722	0.10128818	0.01743871	-0.01520090	-0.06384361
17.349932	0.08755933	-0.04574179	0.09997074	0.01680496	-0.02141443	-0.07429633
17.366598	0.08776004	-0.04627341	0.09853345	0.01552674	-0.02428228	-0.08008687
17.383265	0.08787796	-0.04683209	0.09711003	0.01288244	-0.02525965	-0.08240762
17.399931	0.08804389	-0.04727116	0.09578415	0.01002070	-0.02482316	-0.08053972
17.416597	0.08833550	-0.04748014	0.09449435	0.00919100	-0.02398530	-0.07706896
17.433264	0.08848798	-0.04787128	0.09313570	0.00922568	-0.02425613	-0.07389858
17.449930	0.08854619	-0.04827131	0.09199174	0.00850051	-0.02604385	-0.07113489
17.466597	0.08864550	-0.04885789	0.09080586	0.00755678	-0.02766248	-0.06717709
17.483263	0.08880050	-0.04932225	0.08976641	0.00783227	-0.02719765	-0.06304081
17.499929	0.08899283	-0.04976440	0.08868092	0.00884998	-0.02561810	-0.06013883
17.516598	0.08911750	-0.05014914	0.08775643	0.00963327	-0.02256000	-0.05748515
17.533264	0.08924060	-0.05049271	0.08683761	0.01034547	-0.01965199	-0.05572893
17.549931	0.08942346	-0.05087089	0.08592596	0.01164616	-0.01627508	-0.05362562
17.566597	0.08962771	-0.05106708	0.08504605	0.01289101	-0.01390923	-0.05152153
17.583263	0.08990150	-0.05128804	0.08411812	0.01261284	-0.01318937	-0.04897197
17.599930	0.09014549	-0.05136369	0.08338317	0.01075306	-0.01444012	-0.04724376
17.616596	0.09032392	-0.05164024	0.08263109	0.00834193	-0.01723619	-0.04640017
17.633263	0.09040295	-0.05197274	0.08195154	0.00683608	-0.01951086	-0.04594281
17.649929	0.09042682	-0.05240889	0.08112438	0.00730290	-0.01980048	-0.04564695
17.666595	0.09051569	-0.05280619	0.08029535	0.00841252	-0.01715736	-0.04456039
17.683264	0.09071690	-0.05304559	0.07954632	0.00914689	-0.01388378	-0.04313933
17.699930	0.09098780	-0.05318793	0.07887787	0.00898551	-0.01017383	-0.04063060
17.716597	0.09113279	-0.05326128	0.07829070	0.00805754	-0.00678250	-0.03702797
17.733263	0.09119888	-0.05342332	0.07762319	0.00571045	-0.00432981	-0.03257835
17.749929	0.09121817	-0.05349556	0.07705354	0.00288182	-0.00283220	-0.02876412
17.766596	0.09132338	-0.05351013	0.07663684	0.00092276	-0.00146527	-0.02458497
17.783262	0.09132119	-0.05346854	0.07634822	-0.00010256	0.00038797	-0.01877110
17.799929	0.09129911	-0.05345789	0.07603692	-0.00115790	0.00041474	-0.01366133
17.816595	0.09120854	-0.05346694	0.07581272	-0.00220095	-0.00168401	-0.01085096
17.833261	0.09119390	-0.05343129	0.07571827	-0.00246205	-0.00441816	-0.00924669
17.849930	0.09115741	-0.05355689	0.07564142	-0.00251365	-0.00533974	-0.00671207
17.866596	0.09113763	-0.05371708	0.07550514	-0.00291282	-0.00493642	-0.00454755
17.883263	0.09107780	-0.05390543	0.07535357	-0.00391388	-0.00398056	-0.00315816
17.899929	0.09100248	-0.05387467	0.07536973	-0.00515694	-0.00273132	-0.00091140
17.916595	0.09089953	-0.05382978	0.07538900	-0.00758435	-0.00230343	0.00333351
17.933262	0.09078860	-0.05381642	0.07546658	-0.01171120	-0.00367295	0.00884730
17.949928	0.09061530	-0.05393492	0.07557724	-0.01755397	-0.00705293	0.01572824
17.966595	0.09029124	-0.05411726	0.07587502	-0.02428508	-0.00951501	0.02586234
17.983261	0.08979315	-0.05431960	0.07636622	-0.03029794	-0.00867352	0.03864755
17.999928	0.08916172	-0.05453626	0.07709523	-0.03389569	-0.00389082	0.05129928
18.016594	0.08849929	-0.05461130	0.07813582	-0.03375290	0.00349020	0.06154707
18.033262	0.08791981	-0.05448450	0.07934681	-0.03068895	0.01115667	0.06819473
18.049929	0.08743320	-0.05414836	0.08059293	-0.02640709	0.01671284	0.07086324
18.066595	0.08710316	-0.05369869	0.08181028	-0.02175057	0.01982878	0.07058999
18.083261	0.08677375	-0.05334824	0.08291256	-0.01645601	0.02218982	0.07005303
18.099928	0.08650026	-0.05307418	0.08405299	-0.01141381	0.02389904	0.07026201
18.116594	0.08630799	-0.05274235	0.08518146	-0.00738333	0.02526396	0.07064274
18.133261	0.08629569	-0.05221010	0.08644850	-0.00437224	0.02696886	0.07136947
18.149927	0.08631273	-0.05166259	0.08767166	-0.00285735	0.02847439	0.07276482
18.166594	0.08630398	-0.05116896	0.08883474	-0.00339070	0.02797123	0.07385589
18.183260	0.08619970	-0.05076857	0.09003977	-0.00579985	0.02503511	0.07345366
18.199928	0.08607847	-0.05035280	0.09131339	-0.00886831	0.02130081	0.07294818
18.216595	0.08591203	-0.04999748	0.09259299	-0.01154189	0.01851192	0.07301792
18.233261	0.08571138	-0.04972415	0.09376462	-0.01256132	0.01696502	0.07319587
18.249928	0.08543860	-0.04953616	0.09491137	-0.01117972	0.01670256	0.07277030
18.266594	0.08518489	-0.04928317	0.09613454	-0.00828787	0.01775220	0.07158367
18.283260	0.08506002	-0.04897557	0.09740274	-0.00575109	0.01949683	0.06907062
18.299927	0.08510558	-0.04855673	0.09860957	-0.00395914	0.02178713	0.06463777
18.316593	0.08513156	-0.04818619	0.09964164	-0.00305445	0.02274852	0.05765141
18.333260	0.08504084	-0.04781474	0.10049371	-0.00297175	0.02215366	0.04993936
18.349926	0.08489927	-0.04740494	0.10126289	-0.00322000	0.02028056	0.04330198
18.366594	0.08481545	-0.04710297	0.10186315	-0.00310262	0.01789631	0.03833723
18.383261	0.08484627	-0.04677094	0.10249704	-0.00285571	0.01467562	0.03319269
18.399927	0.08486119	-0.04660930	0.10300878	-0.00277673	0.01136704	0.02705585
18.416594	0.08479752	-0.04642900	0.10351424	-0.00205220	0.00822126	0.02062001
18.433260	0.08466575	-0.04634844	0.10375240	-0.00010837	0.00573405	0.01398610
18.449926	0.08460364	-0.04625958	0.10387340	0.00343209	0.00499681	0.00764015
18.466593	0.08474877	-0.04622441	0.10391895	0.00813949	0.00534572	0.00165363
18.483259	0.08498171	-0.04615756	0.10392464	0.01310737	0.00621753	-0.00323982
18.499926	0.08527914	-0.04601854	0.10388263	0.01692708	0.00604813	-0.00939965
18.516592	0.08554627	-0.04585648	0.10367988	0.01882672	0.00452897	-0.01793381
18.533260	0.08587840	-0.04574024	0.10337472	0.01937483	0.00105123	-0.02834112
18.549927	0.08624698	-0.04577338	0.10279177	0.01939655	-0.00412192	-0.03879235
18.566593	0.08658513	-0.04590495	0.10201544	0.01944084	-0.01031051	-0.04952793
18.583260	0.08688917	-0.04614114	0.10106048	0.01941622	-0.01691797	-0.06087510
18.599926	0.08716762	-0.04644854	0.10002869	0.02033879	-0.02187773	-0.07074921
18.616592	0.08749823	-0.04687347	0.09876257	0.02180332	-0.02391191	-0.07743289
18.633259	0.08788452	-0.04741710	0.09729812	0.02259677	-0.02365500	-0.08057984
18.649925	0.08834914	-0.04783360	0.09580079	0.02173522	-0.02242325	-0.08110977
18.666592	0.08874132	-0.04813696	0.09446329	0.01925834	-0.02032802	-0.07862771
18.683258	0.08903983	-0.04836449	0.09327184	0.01629400	-0.01799736	-0.07461976
18.699926	0.08920807	-0.04867249	0.09207845	0.01420448	-0.01716626	-0.07111194
18.716593	0.08937160	-0.04900290	0.09091777	0.01311624	-0.01803046	-0.06952257
18.733259	0.08959720	-0.04928344	0.08973365	0.01187873	-0.01945259	-0.06867086
18.749926	0.08988355	-0.04959004	0.08863468	0.00962276	-0.02066067	-0.06742072
18.766592	0.09008034	-0.04993288	0.08749364	0.00661085	-0.02154893	-0.06539747
18.783258	0.09012343	-0.05034273	0.08641991	0.00390408	-0.02201117	-0.06251457
18.799925	0.09004192	-0.05076762	0.08535969	0.00137479	-0.02206630	-0.05866827
18.816591	0.09003334	-0.05109904	0.08441625	-0.00115917	-0.02227425	-0.05300461
18.833258	0.09010250	-0.05143322	0.08356193	-0.00344613	-0.02220427	-0.04591092
18.849924	0.09009185	-0.05176850	0.08283458	-0.00504801	-0.02178888	-0.03825106
18.866592	0.08992615	-0.05221250	0.08228251	-0.00626932	-0.02072521	-0.03065144
18.883259	0.08968193	-0.05258805	0.08186167	-0.00608737	-0.01834718	-0.02350403
18.899925	0.08956678	-0.05289074	0.08153832	-0.00386843	-0.01402298	-0.01726880
18.916592	0.08956182	-0.05305972	0.08131857	0.00014994	-0.00823734	-0.01260062
18.933258	0.08967044	-0.05315044	0.08113502	0.00360945	-0.00306041	-0.00903968
18.949924	0.08974539	-0.05313271	0.08106418	0.00526766	0.00092458	-0.00609158
18.966591	0.08987593	-0.05305360	0.08094866	0.00562916	0.00165914	-0.00610708
18.983257	0.08993110	-0.05297163	0.08091899	0.00553953	0.00025746	-0.00865329
18.999924	0.09004129	-0.05290408	0.08085004	0.00549326	-0.00177228	-0.01099077
19.016590	0.09011526	-0.05308641	0.08052430	0.00511030	-0.00340081	-0.01108398
19.033257	0.09022190	-0.05317318	0.08023581	0.00436427	-0.00478776	-0.00999820
19.049925	0.09030634	-0.05330162	0.07999693	0.00283365	-0.00573712	-0.00751357
19.066591	0.09034152	-0.05328282	0.08005951	0.00131138	-0.00543852	-0.00274022
19.083258	0.09034007	-0.05337723	0.08008370	-0.00058096	-0.00487058	0.00272208
19.099924	0.09028492	-0.05354106	0.08009341	-0.00412242	-0.00546860	0.00686272
19.116590	0.09025674	-0.05361937	0.08022819	-0.01109858	-0.00781789	0.01101535
19.133257	0.09012783	-0.05369579	0.08043397	-0.02063990	-0.01005860	0.01884896
19.149923	0.08974729	-0.05384022	0.08077425	-0.03080321	-0.01180920	0.02916236
19.166590	0.08901843	-0.05412343	0.08129086	-0.03931713	-0.01161718	0.04056116
19.183256	0.08815111	-0.05445430	0.08209424	-0.04385262	-0.00786416	0.05228950
19.199923	0.08730252	-0.05461957	0.08312029	-0.04271867	0.00107527	0.06482601
19.216591	0.08663600	-0.05453438	0.08431491	-0.03722534	0.01359824	0.07661474
19.233257	0.08607571	-0.05418122	0.08562389	-0.03122085	0.02477745	0.08577713
19.249924	0.08568132	-0.05351616	0.08722362	-0.02789903	0.03121655	0.09214882
19.266590	0.08530065	-0.05282699	0.08886407	-0.02764020	0.03309986	0.09687727
19.283257	0.08488615	-0.05223471	0.09057447	-0.02902948	0.03274579	0.10125815
19.299923	0.08432561	-0.05183392	0.09217375	-0.02996043	0.03190709	0.10531673
19.316589	0.08373754	-0.05142770	0.09389681	-0.02718340	0.03307702	0.10822447
19.333256	0.08319782	-0.05082294	0.09581469	-0.01855038	0.03935697	0.10989021
19.349922	0.08288890	-0.05014587	0.09779535	-0.00474500	0.05060505	0.10915700
19.366589	0.08291814	-0.04927478	0.09964171	0.01080648	0.06139271	0.10287911
19.383257	0.08333389	-0.04811664	0.10134829	0.02321901	0.06610247	0.08971786
19.399923	0.08398113	-0.04672503	0.10276793	0.02899904	0.06294527	0.07125615
19.416590	0.08467380	-0.04544803	0.10391039	0.02764899	0.05221574	0.05016168
19.433256	0.08511107	-0.04471254	0.10451001	0.02132186	0.03492982	0.02744265
19.449923	0.08534284	-0.04442210	0.10472542	0.01426408	0.01585170	0.00582593
19.466589	0.08538727	-0.04443463	0.10458526	0.00929829	0.00101513	-0.01132105
19.483255	0.08545620	-0.04463100	0.10413696	0.00736362	-0.00768124	-0.02322959
19.499922	0.08562620	-0.04479808	0.10362630	0.00789526	-0.01232733	-0.03213575
19.516588	0.08578601	-0.04503837	0.10304148	0.00984188	-0.01392551	-0.03885836
19.533255	0.08596106	-0.04526241	0.10240925	0.01176716	-0.01419650	-0.04442173
19.549923	0.08612311	-0.04556638	0.10160584	0.01333078	-0.01477676	-0.05003383
19.566589	0.08636425	-0.04578242	0.10067204	0.01539277	-0.01542043	-0.05571891
19.583256	0.08667341	-0.04601451	0.09969088	0.01750283	-0.01560754	-0.06045284
19.599922	0.08697011	-0.04628526	0.09863985	0.01860496	-0.01621605	-0.06391282
19.616589	0.08734167	-0.04657761	0.09754816	0.01886454	-0.01814917	-0.06752946
19.633255	0.08763587	-0.04686403	0.09642101	0.01903709	-0.02042475	-0.07139599
19.649921	0.08793090	-0.04721797	0.09520482	0.01851212	-0.02297999	-0.07447001
19.666588	0.08824401	-0.04761579	0.09390040	0.01678041	-0.02596463	-0.07668436
19.683254	0.08855371	-0.04809638	0.09255010	0.01542124	-0.02827728	-0.07811112
19.699921	0.08881685	-0.04860421	0.09124959	0.01503604	-0.02899599	-0.07814167
19.716589	0.08896458	-0.04914690	0.08996309	0.01487015	-0.02853600	-0.07609346
19.733255	0.08919442	-0.04960847	0.08868300	0.01433322	-0.02732748	-0.07252882
19.749922	0.08949307	-0.05002567	0.08745163	0.01422001	-0.02528925	-0.06893271
19.766588	0.08977693	-0.05042039	0.08635567	0.01373773	-0.02329314	-0.06507017
19.783255	0.08998929	-0.05081492	0.08536246	0.01202707	-0.02253929	-0.06054142
19.799921	0.09015197	-0.05115270	0.08436966	0.01045388	-0.02177972	-0.05607229
19.816587	0.09026997	-0.05151100	0.08344621	0.00960402	-0.02010625	-0.05231517
19.833254	0.09042375	-0.05188025	0.08259699	0.00948574	-0.01783505	-0.04852758
19.849920	0.09060603	-0.05217497	0.08184994	0.00925068	-0.01583234	-0.04435598
19.866587	0.09077818	-0.05239688	0.08114867	0.00877611	-0.01399281	-0.04052469
19.883255	0.09094309	-0.05254761	0.08050233	0.00823464	-0.01222135	-0.03781472
19.899921	0.09101520	-0.05275916	0.07991120	0.00762231	-0.01096639	-0.03601230
19.916588	0.09113897	-0.05296773	0.07935025	0.00694728	-0.01034035	-0.03508746
19.933254	0.09126177	-0.05313683	0.07876959	0.00749144	-0.00810094	-0.03315995
19.949921	0.09139492	-0.05327262	0.07820873	0.00927232	-0.00379296	-0.02907865
19.966587	0.09151331	-0.05335709	0.07761942	0.01041003	-0.00000503	-0.02374219
19.983253	0.09172085	-0.05325359	0.07731915	0.00925690	0.00119830	-0.01959712
19.999920	0.09196169	-0.05311844	0.07712536	0.00607702	0.00005446	-0.01661047
20.016586	0.09211764	-0.05305028	0.07701239	0.00199390	-0.00291462	-0.01497595
20.033253	0.09202935	-0.05322234	0.07666808	-0.00228704	-0.00674105	-0.01435572
20.049921	0.09186587	-0.05344702	0.07635644	-0.00556721	-0.01024105	-0.01364661
20.066587	0.09169684	-0.05367203	0.07606120	-0.00620956	-0.01153377	-0.01108975
20.083254	0.09163308	-0.05381273	0.07599502	-0.00458127	-0.01041631	-0.00642205
20.099920	0.09158393	-0.05400844	0.07591310	-0.00290779	-0.00975954	-0.00328274
20.116587	0.09158450	-0.05412973	0.07596523	-0.00169382	-0.00892889	-0.00052795
20.133253	0.09155404	-0.05427775	0.07596144	-0.00047986	-0.00809824	0.00222684
