Time	thumb tip right X	thumb tip right Y	thumb tip right Z	thumb tip right v(X)	thumb tip right v(Y)	thumb tip right v(Z)
0.00000000	0.00000000	0.00000000	0.00000000	0.00000000	0.00000000	0.00000000
0.01666660	0.01666660	0.01666660	0.01666660	0.01666660	0.01666660	0.01666660
0.000000	0.06870881	0.00555021	0.11736836	-0.01175252	-0.01005400	0.00564987
0.016667	0.06851090	0.00537833	0.11748370	-0.00613759	-0.00797650	-0.01437379
0.033333	0.06838505	0.00524034	0.11730821	-0.00052266	-0.00589900	-0.03439746
0.050000	0.06839556	0.00515774	0.11666722	0.00313067	-0.00457594	-0.04546929
0.066666	0.06852083	0.00509500	0.11561873	0.00976339	-0.00145472	-0.06348107
0.083333	0.06874117	0.00508249	0.11429710	0.01538711	0.00188763	-0.07361301
0.100000	0.06905522	0.00512070	0.11287718	0.01825497	0.00538435	-0.07344920
0.116666	0.06944486	0.00526533	0.11152039	0.01772601	0.00898134	-0.06292902
0.133333	0.06982887	0.00545175	0.11045888	0.01447132	0.01173016	-0.04369489
0.149999	0.07004121	0.00569803	0.10986499	0.00980988	0.01260521	-0.01853436
0.166666	0.07010243	0.00595241	0.10979914	0.00519162	0.01110213	0.00860534
0.183333	0.07006761	0.00615606	0.11025237	0.00224517	0.00790276	0.03325931
0.199999	0.07006872	0.00626914	0.11110955	0.00127052	0.00339625	0.05276616
0.216666	0.07011130	0.00625082	0.11224173	0.00088178	-0.00184779	0.06597795
0.233332	0.07018126	0.00618071	0.11348867	-0.00009961	-0.00641648	0.07184274
0.249999	0.07019082	0.00601815	0.11479637	-0.00184399	-0.00926158	0.06988535
0.266666	0.07011370	0.00579973	0.11605000	-0.00357324	-0.01028743	0.06064000
0.283332	0.06998827	0.00560015	0.11707243	-0.00544580	-0.01006977	0.04483297
0.299999	0.06988209	0.00542434	0.11772544	-0.00742696	-0.00815561	0.02361497
0.316665	0.06981163	0.00533025	0.11793152	-0.00868797	-0.00456424	-0.00074875
0.333332	0.06965258	0.00523589	0.11767969	-0.00853449	0.00005273	-0.02569831
0.349999	0.06943371	0.00526687	0.11701690	-0.00689543	0.00491185	-0.04834329
0.366665	0.06925735	0.00540034	0.11596604	-0.00351106	0.01003070	-0.06526676
0.383332	0.06923211	0.00564217	0.11461453	0.00177518	0.01497910	-0.07339485
0.399998	0.06935985	0.00593658	0.11314204	0.00761914	0.01818103	-0.07180005
0.416665	0.06956636	0.00629298	0.11182681	0.01187683	0.01941191	-0.06170548
0.433332	0.06982847	0.00666229	0.11089794	0.01377909	0.01893290	-0.04607574
0.449998	0.07009341	0.00698257	0.11034703	0.01370510	0.01687025	-0.02810721
0.466665	0.07031484	0.00724763	0.11010160	0.01218637	0.01341693	-0.01059540
0.483331	0.07051979	0.00744310	0.11004274	0.00961002	0.00942125	0.00531150
0.499998	0.07065018	0.00756184	0.11023524	0.00669434	0.00569444	0.01892750
0.516665	0.07074713	0.00761439	0.11068183	0.00348644	0.00240523	0.03035938
0.533331	0.07076456	0.00760585	0.11138788	-0.00038330	-0.00032116	0.03961643
0.549998	0.07074995	0.00758517	0.11215429	-0.00429237	-0.00219660	0.04583355
0.566664	0.07065063	0.00752236	0.11298638	-0.00772613	-0.00334681	0.04814544
0.583331	0.07045422	0.00745096	0.11380967	-0.01057592	-0.00469466	0.04608520
0.599998	0.07023948	0.00737674	0.11463927	-0.01273261	-0.00621828	0.03948719
0.616664	0.07000088	0.00728356	0.11533426	-0.01323728	-0.00710702	0.02749384
0.633331	0.06977297	0.00712330	0.11576119	-0.01155620	-0.00655233	0.01072724
0.649997	0.06954965	0.00696552	0.11581667	-0.00857003	-0.00453320	-0.00840790
0.666664	0.06940465	0.00686048	0.11543664	-0.00480214	-0.00130500	-0.02630658
0.683331	0.06939992	0.00691430	0.11473930	-0.00060849	0.00251279	-0.03987787
0.699997	0.06943439	0.00702225	0.11386558	0.00338228	0.00554214	-0.04692943
0.716664	0.06954997	0.00718073	0.11296142	0.00620297	0.00646530	-0.04700680
0.733330	0.06966482	0.00730573	0.11214373	0.00808607	0.00583650	-0.04131166
0.749997	0.06982502	0.00739242	0.11147448	0.00974797	0.00494582	-0.03212502
0.766664	0.06998920	0.00741984	0.11102288	0.01105645	0.00416357	-0.02134857
0.783330	0.07018370	0.00747914	0.11079510	0.01140756	0.00345589	-0.00951130
0.799997	0.07041360	0.00754930	0.11072691	0.01034592	0.00277549	0.00284256
0.816663	0.07061794	0.00763267	0.11085001	0.00808503	0.00161393	0.01470237
0.833330	0.07073627	0.00764063	0.11119589	0.00469295	-0.00042562	0.02536028
0.849997	0.07076891	0.00762143	0.11176256	0.00052441	-0.00298130	0.03464095
0.866663	0.07072130	0.00752531	0.11247412	-0.00356393	-0.00463989	0.04172540
0.883330	0.07063844	0.00742146	0.11323394	-0.00676445	-0.00499428	0.04487432
0.899996	0.07048251	0.00728496	0.11405241	-0.00887524	-0.00474890	0.04341330
0.916663	0.07030007	0.00724686	0.11484203	-0.01004149	-0.00460940	0.03727332
0.933330	0.07010675	0.00719874	0.11546978	-0.00988260	-0.00586381	0.02574920
0.949996	0.06993257	0.00715205	0.11587102	-0.00697891	-0.00849608	0.00906080
0.966663	0.06979363	0.00699253	0.11590387	-0.00132043	-0.01177511	-0.01009737
0.983329	0.06975135	0.00670172	0.11554003	0.00588103	-0.01424595	-0.02847814
0.999996	0.06993946	0.00639865	0.11479873	0.01293586	-0.01555494	-0.04360999
1.016663	0.07028808	0.00610356	0.11384945	0.01885787	-0.01465237	-0.05282483
1.033329	0.07072906	0.00590660	0.11283525	0.02137383	-0.01178040	-0.05404871
1.049996	0.07111794	0.00570220	0.11183225	0.01921695	-0.00800295	-0.04789320
1.066662	0.07147988	0.00560135	0.11101862	0.01415981	-0.00408278	-0.03724054
1.083329	0.07165503	0.00556156	0.11050802	0.00887394	-0.00047156	-0.02428240
1.099995	0.07169878	0.00561202	0.11028457	0.00472004	0.00249613	-0.01039222
1.116662	0.07166751	0.00570952	0.11026054	0.00223474	0.00401733	0.00289184
1.133329	0.07168654	0.00580168	0.11038607	0.00236657	0.00435621	0.01491016
1.149995	0.07174449	0.00588119	0.11071927	0.00431364	0.00344279	0.02556990
1.166662	0.07182895	0.00591780	0.11125631	0.00617026	0.00140857	0.03425743
1.183329	0.07196526	0.00594782	0.11198144	0.00649287	-0.00130748	0.03908866
1.199995	0.07211918	0.00591781	0.11276597	0.00526360	-0.00359113	0.03850882
1.216662	0.07222585	0.00581138	0.11348423	0.00234501	-0.00511776	0.03196390
1.233328	0.07224453	0.00566279	0.11398986	-0.00242573	-0.00633081	0.02016243
1.249995	0.07215993	0.00555601	0.11424370	-0.00759560	-0.00685620	0.00505785
1.266662	0.07197966	0.00546789	0.11418068	-0.01113665	-0.00632198	-0.01090632
1.283328	0.07169176	0.00536192	0.11383787	-0.01184781	-0.00447767	-0.02509884
1.299995	0.07142914	0.00525318	0.11323220	-0.01036689	-0.00205392	-0.03521185
1.316661	0.07125682	0.00520025	0.11247185	-0.00738203	0.00038098	-0.03985112
1.333328	0.07123306	0.00528867	0.11168784	-0.00302689	0.00266461	-0.03894990
1.349995	0.07122211	0.00539459	0.11101437	0.00203461	0.00447951	-0.03321568
1.366661	0.07125532	0.00549386	0.11051245	0.00697038	0.00477128	-0.02400036
1.383328	0.07138000	0.00554996	0.11019722	0.01129032	0.00299105	-0.01338774
1.399994	0.07164267	0.00560994	0.11006502	0.01464794	0.00022215	-0.00291747
1.416661	0.07199199	0.00562256	0.11013565	0.01544493	-0.00265945	0.00735092
1.433328	0.07231405	0.00553162	0.11033684	0.01246122	-0.00507091	0.01752950
1.449994	0.07253534	0.00538956	0.11069904	0.00645510	-0.00673733	0.02689153
1.466661	0.07257698	0.00522302	0.11123039	-0.00033703	-0.00687416	0.03466453
1.483327	0.07244474	0.00511367	0.11193034	-0.00569696	-0.00543056	0.04045757
1.499994	0.07224398	0.00503530	0.11270908	-0.00879388	-0.00407099	0.04320833
1.516661	0.07204049	0.00501114	0.11348354	-0.00920672	-0.00342587	0.04173300
1.533327	0.07191959	0.00500579	0.11421032	-0.00776432	-0.00355367	0.03550455
1.549994	0.07179677	0.00491112	0.11480568	-0.00554847	-0.00383338	0.02489991
1.566660	0.07174053	0.00483550	0.11518208	-0.00365970	-0.00453181	0.01047385
1.583327	0.07167579	0.00471442	0.11525451	-0.00243102	-0.00534698	-0.00690348
1.599993	0.07167811	0.00468332	0.11498387	-0.00103005	-0.00557437	-0.02514224
1.616660	0.07165792	0.00457639	0.11437871	0.00067931	-0.00531796	-0.04108397
1.633327	0.07165625	0.00446322	0.11346716	0.00325197	-0.00419462	-0.05152139
1.649993	0.07171866	0.00436915	0.11239418	0.00609903	-0.00192504	-0.05437959
1.666660	0.07183085	0.00431832	0.11134328	0.00838536	0.00196979	-0.04906447
1.683326	0.07207129	0.00441200	0.11051215	0.00910547	0.00610268	-0.03657930
1.699993	0.07226535	0.00456547	0.11000688	0.00830825	0.00916365	-0.01972791
1.716660	0.07240653	0.00480868	0.10985298	0.00581360	0.01007501	-0.00248169
1.733326	0.07244392	0.00501251	0.11002833	0.00238390	0.00932078	0.01162627
1.749993	0.07244658	0.00514842	0.11043406	-0.00087086	0.00795671	0.02105312
1.766659	0.07239973	0.00521721	0.11092879	-0.00371368	0.00617969	0.02628438
1.783326	0.07233602	0.00529428	0.11140650	-0.00620934	0.00474132	0.02869756
1.799993	0.07220082	0.00539594	0.11184979	-0.00835124	0.00395269	0.02962154
1.816659	0.07204074	0.00546308	0.11233392	-0.00930294	0.00393379	0.02958891
1.833326	0.07182729	0.00550470	0.11286678	-0.00904791	0.00339261	0.02825164
1.849993	0.07165768	0.00553655	0.11340244	-0.00744007	0.00240766	0.02418275
1.866659	0.07156107	0.00562035	0.11382398	-0.00466419	0.00113806	0.01628581
1.883326	0.07150392	0.00562376	0.11406633	-0.00156314	-0.00032304	0.00497660
1.899992	0.07152761	0.00562840	0.11404757	0.00105679	-0.00228443	-0.00803776
1.916659	0.07157223	0.00552301	0.11377814	0.00309547	-0.00336816	-0.02070357
1.933326	0.07164141	0.00545613	0.11327505	0.00456380	-0.00246204	-0.03098888
1.949992	0.07173787	0.00534337	0.11262137	0.00499526	-0.00025356	-0.03710285
1.966659	0.07182585	0.00538805	0.11188298	0.00453668	0.00226180	-0.03856745
1.983325	0.07193962	0.00548810	0.11117677	0.00358319	0.00414764	-0.03582194
1.999992	0.07196935	0.00562993	0.11059026	0.00296970	0.00536034	-0.02972585
2.016659	0.07198817	0.00571168	0.11015020	0.00305490	0.00526325	-0.02062817
2.033325	0.07199629	0.00575918	0.10987037	0.00426726	0.00434942	-0.00923626
2.049992	0.07208152	0.00583307	0.10976190	0.00634610	0.00310186	0.00355957
2.066658	0.07222154	0.00589800	0.10992273	0.00809267	0.00196908	0.01686830
2.083325	0.07241926	0.00593527	0.11034357	0.00877719	0.00067740	0.02930035
2.099992	0.07258808	0.00592398	0.11100240	0.00792354	-0.00087744	0.03894315
2.116658	0.07271708	0.00587092	0.11180316	0.00579464	-0.00287791	0.04388890
2.133325	0.07278381	0.00582691	0.11263500	0.00292477	-0.00500534	0.04274278
2.149991	0.07280588	0.00574738	0.11341184	0.00024997	-0.00673121	0.03470934
2.166658	0.07278147	0.00560350	0.11400320	-0.00174646	-0.00799440	0.02042909
2.183325	0.07271708	0.00543126	0.11428132	-0.00308824	-0.00851052	0.00175235
2.199991	0.07264650	0.00525537	0.11414129	-0.00404386	-0.00762386	-0.01808759
2.216658	0.07258047	0.00513192	0.11358543	-0.00457579	-0.00535426	-0.03536231
2.233324	0.07250617	0.00506068	0.11272342	-0.00463856	-0.00159628	-0.04669603
2.249991	0.07241911	0.00505778	0.11174651	-0.00429159	0.00297877	-0.05030653
2.266658	0.07232951	0.00512317	0.11080244	-0.00345489	0.00773118	-0.04655242
2.283324	0.07227270	0.00531966	0.11004291	-0.00220560	0.01142705	-0.03724635
2.299991	0.07225201	0.00556733	0.10949726	-0.00083503	0.01387096	-0.02513225
2.316657	0.07226949	0.00588791	0.10920306	0.00048142	0.01489435	-0.01295937
2.333324	0.07229189	0.00610086	0.10913737	0.00166614	0.01445825	-0.00208956
2.349990	0.07231639	0.00635292	0.10923015	0.00240513	0.01220818	0.00767767
2.366657	0.07236183	0.00653132	0.10942559	0.00268572	0.00928269	0.01703262
2.383324	0.07242952	0.00671982	0.10973813	0.00332413	0.00611361	0.02645522
2.399990	0.07248283	0.00674905	0.11022957	0.00447975	0.00206094	0.03574326
2.416657	0.07253366	0.00677647	0.11094873	0.00521520	-0.00259873	0.04428826
2.433323	0.07263897	0.00667499	0.11182195	0.00490608	-0.00633977	0.05044518
2.449990	0.07277503	0.00654035	0.11276629	0.00352183	-0.00821124	0.05211691
2.466657	0.07285874	0.00630099	0.11371081	0.00116464	-0.00894017	0.04791805
2.483323	0.07284207	0.00615708	0.11454277	-0.00242950	-0.00906820	0.03794015
2.499990	0.07273389	0.00603157	0.11516444	-0.00592197	-0.00901831	0.02288574
2.516656	0.07260419	0.00594699	0.11543520	-0.00768594	-0.00916760	0.00384832
2.533323	0.07240897	0.00576219	0.11533762	-0.00712275	-0.00998774	-0.01714781
2.549990	0.07228189	0.00557098	0.11484720	-0.00471836	-0.01033275	-0.03697437
2.566656	0.07219819	0.00534616	0.11399785	-0.00115023	-0.00931506	-0.05230344
2.583323	0.07224069	0.00519074	0.11288483	0.00331094	-0.00608812	-0.06047978
2.599989	0.07234429	0.00510244	0.11167441	0.00759575	-0.00185553	-0.06015556
2.616656	0.07249944	0.00510819	0.11057387	0.01094830	0.00203067	-0.05196146
2.633323	0.07273932	0.00523695	0.10975876	0.01300996	0.00447971	-0.03781293
2.649989	0.07298259	0.00536261	0.10927325	0.01404567	0.00566422	-0.01989939
2.666656	0.07324727	0.00547724	0.10911279	0.01359278	0.00517618	-0.00080243
2.683322	0.07347540	0.00552639	0.10924756	0.01151365	0.00349572	0.01738704
2.699989	0.07366891	0.00558510	0.10971907	0.00789582	0.00176120	0.03363921
2.716656	0.07379127	0.00559222	0.11045859	0.00334890	0.00103633	0.04693229
2.733322	0.07380876	0.00558776	0.11141769	-0.00170697	0.00064986	0.05569406
2.749989	0.07371096	0.00556755	0.11249068	-0.00677745	0.00001907	0.05810821
2.766655	0.07355630	0.00561817	0.11356529	-0.01049452	-0.00024571	0.05354832
2.783322	0.07330579	0.00559833	0.11451162	-0.01249754	-0.00128581	0.04152371
2.799989	0.07305922	0.00558718	0.11515878	-0.01218849	-0.00305273	0.02311031
2.816655	0.07283940	0.00553424	0.11544123	-0.00965759	-0.00463572	0.00067134
2.833322	0.07265890	0.00539013	0.11521617	-0.00560226	-0.00488880	-0.02215927
2.849988	0.07263588	0.00529245	0.11458481	-0.00149094	-0.00449050	-0.04193528
2.866655	0.07265634	0.00518258	0.11359280	0.00224044	-0.00278548	-0.05564411
2.883322	0.07277972	0.00521003	0.11246708	0.00478374	0.00071691	-0.06122566
2.899988	0.07285922	0.00519845	0.11130755	0.00577862	0.00496066	-0.05886285
2.916655	0.07298148	0.00530582	0.11029253	0.00589466	0.00824663	-0.05000098
2.933321	0.07307172	0.00551443	0.10951902	0.00649041	0.01020176	-0.03678132
2.949988	0.07316155	0.00576513	0.10902581	0.00773634	0.01050377	-0.02061685
2.966655	0.07326589	0.00596538	0.10882384	0.00886641	0.00799829	-0.00329306
2.983321	0.07346839	0.00609515	0.10890269	0.00736180	0.00250147	0.01675356
2.999988	0.07365302	0.00608588	0.10930408	0.00335915	-0.00399401	0.03873245
3.016654	0.07381427	0.00599273	0.11002593	-0.00096497	-0.00881579	0.05896995
3.033321	0.07358486	0.00567872	0.11135322	-0.00344296	-0.01078267	0.07283110
3.049988	0.07339364	0.00542704	0.11289947	-0.00392386	-0.01013227	0.07766916
3.066654	0.07322399	0.00523759	0.11448519	-0.00215788	-0.00750589	0.07163822
3.083321	0.07337821	0.00521673	0.11561394	0.00183874	-0.00383110	0.05417973
3.099988	0.07349514	0.00522666	0.11636624	0.00491368	-0.00036561	0.02944824
3.116654	0.07359534	0.00522196	0.11665319	0.00438983	0.00238894	0.00304618
3.133321	0.07366586	0.00524232	0.11643381	0.00073102	0.00449274	-0.02133423
3.149987	0.07368340	0.00534441	0.11580548	-0.00221756	0.00713743	-0.04263061
3.166654	0.07357533	0.00549377	0.11484809	-0.00410178	0.01044845	-0.05780087
3.183321	0.07342868	0.00570952	0.11366712	-0.00488704	0.01308455	-0.06528371
3.199987	0.07331944	0.00594172	0.11241199	-0.00404080	0.01402865	-0.06541678
3.216654	0.07328983	0.00624610	0.11124755	-0.00148312	0.01315625	-0.05883010
3.233320	0.07328816	0.00647792	0.11031290	0.00139595	0.01098588	-0.04701366
3.249987	0.07333926	0.00665060	0.10962079	0.00316319	0.00801911	-0.03231181
3.266654	0.07342622	0.00670949	0.10923117	0.00361362	0.00439204	-0.01733172
3.283320	0.07352813	0.00674961	0.10909186	0.00292671	0.00098843	-0.00315489
3.299987	0.07357334	0.00675856	0.10919590	0.00022899	-0.00207080	0.01027480
3.316653	0.07357244	0.00670135	0.10945822	-0.00401580	-0.00442723	0.02265966
3.333320	0.07349168	0.00660189	0.10992826	-0.00835702	-0.00606191	0.03386701
3.349986	0.07327302	0.00643167	0.11060751	-0.01136553	-0.00633243	0.04360712
3.366653	0.07300930	0.00631131	0.11145859	-0.01260547	-0.00544473	0.05103717
3.383320	0.07273299	0.00622164	0.11243028	-0.01112842	-0.00353658	0.05391761
3.399986	0.07256842	0.00621453	0.11342257	-0.00740550	-0.00164083	0.05066919
3.416653	0.07246495	0.00620645	0.11434583	-0.00289147	-0.00077380	0.04058165
3.433319	0.07250346	0.00623744	0.11501002	0.00128106	-0.00107203	0.02451679
3.449986	0.07256764	0.00620698	0.11531756	0.00487866	-0.00184077	0.00455303
3.466653	0.07268649	0.00616798	0.11517421	0.00754427	-0.00244396	-0.01662716
3.483319	0.07281228	0.00607663	0.11465907	0.00858638	-0.00227649	-0.03677092
3.499986	0.07300740	0.00604189	0.11383315	0.00801652	-0.00106489	-0.05364980
3.516652	0.07317568	0.00601467	0.11278006	0.00573976	0.00104171	-0.06482710
3.533319	0.07328191	0.00607752	0.11151022	0.00211500	0.00357172	-0.06807832
3.549986	0.07326306	0.00614337	0.11019690	-0.00131731	0.00587616	-0.06257261
3.566652	0.07315955	0.00628579	0.10904635	-0.00228048	0.00727180	-0.04873374
3.583319	0.07302020	0.00642152	0.10833707	-0.00046008	0.00700776	-0.02799195
3.599985	0.07300471	0.00658910	0.10807371	0.00337084	0.00475149	-0.00374300
3.616652	0.07314496	0.00667063	0.10827817	0.00759165	0.00053276	0.01966794
3.633319	0.07337545	0.00666481	0.10885742	0.01034123	-0.00468350	0.03911295
3.649985	0.07361873	0.00650549	0.10974357	0.01009163	-0.00954001	0.05371451
3.666652	0.07378735	0.00626485	0.11081646	0.00705174	-0.01243514	0.06319240
3.683318	0.07388474	0.00597605	0.11198175	0.00271836	-0.01211086	0.06708001
3.699985	0.07387459	0.00574633	0.11318006	-0.00189070	-0.00879996	0.06512877
3.716652	0.07378413	0.00559997	0.11433334	-0.00587920	-0.00394714	0.05779946
3.733318	0.07365482	0.00562960	0.11528799	-0.00848561	0.00051668	0.04540138
3.749985	0.07345277	0.00571482	0.11597718	-0.00897650	0.00315074	0.02809838
3.766651	0.07327720	0.00585940	0.11631358	-0.00764578	0.00353221	0.00755548
3.783318	0.07312275	0.00590258	0.11628464	-0.00507178	0.00215264	-0.01347525
3.799985	0.07308908	0.00591049	0.11582607	-0.00150908	0.00061027	-0.03292902
3.816651	0.07311076	0.00586298	0.11503904	0.00190657	-0.00013309	-0.04870148
3.833318	0.07317631	0.00583373	0.11402379	0.00473579	0.00055060	-0.05903235
3.849984	0.07330030	0.00586230	0.11287954	0.00673863	0.00179555	-0.06259266
3.866651	0.07340240	0.00591162	0.11175039	0.00843260	0.00276511	-0.05985981
3.883318	0.07357825	0.00600823	0.11070277	0.00957247	0.00252205	-0.05173619
3.899984	0.07373366	0.00605692	0.10990230	0.00975043	0.00119876	-0.04003690
3.916651	0.07394257	0.00607091	0.10933015	0.00853959	-0.00073652	-0.02660438
3.933317	0.07410267	0.00601726	0.10904961	0.00579043	-0.00254396	-0.01293776
3.949984	0.07418758	0.00594059	0.10895754	0.00156727	-0.00347894	0.00084732
3.966650	0.07417459	0.00585986	0.10907342	-0.00403540	-0.00360154	0.01533287
3.983317	0.07406238	0.00580269	0.10938130	-0.00927590	-0.00286472	0.03004537
3.999984	0.07384244	0.00576767	0.11000827	-0.01285435	-0.00171865	0.04422705
4.016650	0.07353916	0.00574229	0.11093128	-0.01414685	-0.00077929	0.05599105
4.033317	0.07324861	0.00574892	0.11206432	-0.01280320	-0.00003752	0.06321844
4.049984	0.07303319	0.00576128	0.11326931	-0.00872150	0.00006055	0.06362673
4.066650	0.07291773	0.00576448	0.11439130	-0.00253000	-0.00117149	0.05657793
4.083317	0.07292602	0.00578106	0.11535173	0.00401182	-0.00378187	0.04279881
4.099983	0.07305635	0.00570469	0.11599128	0.00929963	-0.00678484	0.02422004
4.116650	0.07331992	0.00555713	0.11625211	0.01258103	-0.00866126	0.00307498
4.133317	0.07359888	0.00531363	0.11608312	0.01331193	-0.00931784	-0.01812600
4.149983	0.07384765	0.00510787	0.11554389	0.01148299	-0.00846519	-0.03723462
4.166650	0.07402456	0.00502789	0.11470872	0.00787925	-0.00630265	-0.05247916
4.183316	0.07410886	0.00494515	0.11366965	0.00427710	-0.00270975	-0.06280318
4.199983	0.07413549	0.00494258	0.11247252	0.00176039	0.00112815	-0.06724966
4.216650	0.07409428	0.00491336	0.11125190	0.00093401	0.00510247	-0.06539010
4.233316	0.07409266	0.00506632	0.11006902	0.00098296	0.00847375	-0.05720594
4.249983	0.07411470	0.00525944	0.10914855	0.00138827	0.01048032	-0.04303570
4.266649	0.07419925	0.00554727	0.10850512	0.00204046	0.01102619	-0.02427349
4.283316	0.07422017	0.00571735	0.10826459	0.00240427	0.01026246	-0.00333702
4.299983	0.07424656	0.00584630	0.10841055	0.00204568	0.00938170	0.01708820
4.316649	0.07427248	0.00593785	0.10892403	0.00008468	0.00785508	0.03489494
4.333316	0.07431434	0.00608979	0.10972545	-0.00349344	0.00606493	0.04855120
4.349982	0.07429923	0.00626505	0.11070619	-0.00827040	0.00412337	0.05714231
4.366649	0.07409177	0.00630102	0.11176687	-0.01288766	0.00281519	0.06038117
4.383316	0.07376301	0.00627107	0.11286237	-0.01608036	0.00175792	0.05875343
4.399982	0.07338230	0.00621425	0.11385030	-0.01619200	0.00117673	0.05274820
4.416649	0.07309699	0.00629094	0.11472768	-0.01280618	0.00073692	0.04235993
4.433315	0.07291725	0.00636793	0.11537315	-0.00673796	-0.00084071	0.02834704
4.449982	0.07286701	0.00639492	0.11577217	0.00066746	-0.00424262	0.01190175
4.466649	0.07292549	0.00627066	0.11581816	0.00811927	-0.00901015	-0.00597792
4.483315	0.07313410	0.00602892	0.11555107	0.01494943	-0.01289936	-0.02408637
4.499982	0.07345954	0.00573762	0.11497153	0.01952753	-0.01488219	-0.04103290
4.516648	0.07388792	0.00544046	0.11412784	0.02110955	-0.01367114	-0.05429722
4.533315	0.07432839	0.00522489	0.11303898	0.01940821	-0.01023627	-0.06238192
4.549982	0.07463799	0.00504078	0.11181138	0.01517600	-0.00613672	-0.06435845
4.566648	0.07485309	0.00503917	0.11064945	0.01019326	-0.00249694	-0.05986924
4.583315	0.07490900	0.00504134	0.10964317	0.00619880	0.00045298	-0.04900774
4.599981	0.07494660	0.00510431	0.10890668	0.00353189	0.00190922	-0.03374281
4.616648	0.07499059	0.00512428	0.10845198	0.00152261	0.00130719	-0.01625455
4.633315	0.07504160	0.00517667	0.10835158	-0.00049427	-0.00060309	0.00222825
4.649981	0.07505624	0.00516925	0.10855047	-0.00242067	-0.00269456	0.02056462
4.666648	0.07496238	0.00509444	0.10906120	-0.00339599	-0.00436559	0.03721450
4.683314	0.07481609	0.00494349	0.10985438	-0.00342106	-0.00631809	0.04999639
4.699981	0.07474136	0.00484333	0.11088298	-0.00258152	-0.00815431	0.05798185
4.716648	0.07475062	0.00472574	0.11201984	-0.00075590	-0.00888304	0.06038776
4.733314	0.07480135	0.00457252	0.11308304	0.00134036	-0.00828355	0.05695102
4.749981	0.07481129	0.00435993	0.11403973	0.00238248	-0.00736484	0.04840882
4.766647	0.07484668	0.00423003	0.11478231	0.00212469	-0.00645091	0.03625557
4.783314	0.07490912	0.00418726	0.11530823	0.00193932	-0.00514107	0.02206815
4.799981	0.07494988	0.00415705	0.11556289	0.00304734	-0.00282763	0.00706284
4.816647	0.07495763	0.00407744	0.11552475	0.00488294	-0.00057794	-0.00769443
4.833314	0.07500794	0.00402048	0.11525232	0.00712178	0.00099821	-0.02186218
4.849980	0.07517832	0.00409803	0.11475120	0.00991207	0.00296073	-0.03484245
4.866647	0.07540350	0.00420978	0.11407404	0.01194314	0.00525070	-0.04576832
4.883314	0.07565266	0.00430808	0.11318763	0.01145587	0.00713179	-0.05325060
4.899980	0.07588433	0.00442612	0.11215194	0.00824120	0.00767546	-0.05607885
4.916647	0.07600790	0.00453521	0.11109223	0.00393366	0.00755781	-0.05342766
4.933313	0.07601899	0.00474019	0.11016398	-0.00032701	0.00702498	-0.04455074
4.949980	0.07590510	0.00482760	0.10946577	-0.00346047	0.00629174	-0.03034466
4.966647	0.07580737	0.00493779	0.10905781	-0.00485690	0.00474378	-0.01272367
4.983313	0.07570428	0.00495890	0.10900006	-0.00472127	0.00219370	0.00591701
4.999979	0.07565597	0.00502989	0.10927930	-0.00403045	-0.00080652	0.02328234
5.016646	0.07560096	0.00501103	0.10988498	-0.00366943	-0.00395085	0.03756468
5.033313	0.07555214	0.00490968	0.11069769	-0.00336734	-0.00608554	0.04777213
5.049980	0.07548366	0.00471980	0.11162396	-0.00259069	-0.00709579	0.05332488
5.066646	0.07541613	0.00454317	0.11258342	-0.00108388	-0.00669642	0.05376111
5.083313	0.07539517	0.00446255	0.11352951	0.00118863	-0.00506566	0.04905088
5.099979	0.07544930	0.00443301	0.11438192	0.00417122	-0.00279630	0.03967194
5.116646	0.07554370	0.00440371	0.11501986	0.00725693	-0.00161504	0.02581212
5.133313	0.07570783	0.00439565	0.11534654	0.00967086	-0.00187569	0.00773210
5.149979	0.07588927	0.00437601	0.11534916	0.01077541	-0.00267431	-0.01294875
5.166646	0.07611345	0.00432567	0.11495394	0.01047981	-0.00271179	-0.03348953
5.183312	0.07630847	0.00424392	0.11417849	0.00881012	-0.00167412	-0.05133691
5.199979	0.07644207	0.00416471	0.11306906	0.00533870	0.00021401	-0.06374847
5.216646	0.07651679	0.00421019	0.11179128	0.00028357	0.00271487	-0.06771126
5.233312	0.07650143	0.00430568	0.11049939	-0.00455422	0.00556641	-0.06218865
5.249979	0.07635285	0.00444827	0.10940563	-0.00745020	0.00792379	-0.04846511
5.266645	0.07612208	0.00458126	0.10869526	-0.00834524	0.00840314	-0.02920736
5.283312	0.07591743	0.00473977	0.10840923	-0.00730022	0.00683304	-0.00699851
5.299979	0.07585398	0.00490801	0.10852676	-0.00462292	0.00374512	0.01521821
5.316645	0.07582569	0.00495472	0.10897698	-0.00180074	0.00022504	0.03499906
5.333312	0.07585298	0.00489806	0.10976397	-0.00028812	-0.00320207	0.05090693
5.349978	0.07585593	0.00474220	0.11080974	0.00037301	-0.00535568	0.06216529
5.366645	0.07585410	0.00462071	0.11202318	0.00130550	-0.00567369	0.06801774
5.383311	0.07584831	0.00452634	0.11326845	0.00239876	-0.00457689	0.06728289
5.399978	0.07589702	0.00449074	0.11444498	0.00339617	-0.00311950	0.05973159
5.416645	0.07600278	0.00445324	0.11545275	0.00427717	-0.00186352	0.04562765
5.433311	0.07610379	0.00443599	0.11614820	0.00460913	-0.00059719	0.02657939
5.449978	0.07616752	0.00440434	0.11646317	0.00338645	0.00076709	0.00441784
5.466644	0.07623109	0.00443251	0.11629737	0.00144106	0.00278873	-0.01849801
5.483311	0.07624555	0.00448902	0.11576168	-0.00021234	0.00505019	-0.03937637
5.499978	0.07619970	0.00459791	0.11485314	-0.00127778	0.00743325	-0.05539805
5.516644	0.07615274	0.00476334	0.11372099	-0.00149087	0.00957102	-0.06531843
5.533311	0.07609902	0.00492150	0.11245656	-0.00062287	0.01177395	-0.06879559
5.549977	0.07610962	0.00514930	0.11123631	0.00043027	0.01348395	-0.06586351
5.566644	0.07614443	0.00536617	0.11011314	0.00043556	0.01353863	-0.05722833
5.583311	0.07620095	0.00566741	0.10921090	-0.00068844	0.01196559	-0.04424441
5.599977	0.07619823	0.00589923	0.10854174	-0.00255385	0.00894675	-0.02839853
5.616644	0.07609714	0.00599820	0.10821798	-0.00432400	0.00542754	-0.01070571
5.633310	0.07597791	0.00602937	0.10818180	-0.00554873	0.00182659	0.00759821
5.649977	0.07585201	0.00596209	0.10848509	-0.00571775	-0.00069151	0.02490579
5.666644	0.07578756	0.00597590	0.10907011	-0.00515731	-0.00172108	0.03926524
5.683311	0.07571314	0.00592252	0.10991998	-0.00435384	-0.00151807	0.04909655
5.699977	0.07564876	0.00589814	0.11091017	-0.00341398	-0.00081792	0.05304664
5.716643	0.07557462	0.00587494	0.11190972	-0.00269135	-0.00003510	0.05124631
5.733310	0.07553295	0.00587838	0.11278214	-0.00204314	0.00082238	0.04413385
5.749977	0.07553341	0.00592698	0.11345626	-0.00096318	0.00127016	0.03215922
5.766644	0.07551788	0.00596648	0.11392787	0.00049971	0.00163350	0.01624364
5.783310	0.07551349	0.00598227	0.11412481	0.00181113	0.00148000	-0.00213862
5.799976	0.07555834	0.00599808	0.11394756	0.00319914	0.00095447	-0.02176715
5.816643	0.07563055	0.00601519	0.11338276	0.00450892	0.00094764	-0.04085874
5.833310	0.07573823	0.00602905	0.11246736	0.00431055	0.00165453	-0.05575233
5.849976	0.07584000	0.00603548	0.11131065	0.00226759	0.00260425	-0.06293152
5.866643	0.07590509	0.00608848	0.11004815	-0.00020009	0.00352938	-0.06102945
5.883309	0.07584044	0.00617491	0.10893773	-0.00198931	0.00454252	-0.05091461
5.899976	0.07571393	0.00627298	0.10814683	-0.00271541	0.00552806	-0.03428004
5.916643	0.07563773	0.00636093	0.10775506	-0.00188061	0.00545721	-0.01427779
5.933309	0.07563827	0.00645702	0.10771225	0.00062373	0.00424343	0.00512166
5.949976	0.07569537	0.00656217	0.10802375	0.00300997	0.00242180	0.02109763
5.966642	0.07577614	0.00658161	0.10857029	0.00321688	0.00056420	0.03258022
5.983309	0.07587803	0.00655699	0.10928001	0.00124541	-0.00100172	0.03937748
5.999976	0.07592236	0.00647880	0.11001740	-0.00196193	-0.00179822	0.04132459
6.016642	0.07583360	0.00644167	0.11075057	-0.00549326	-0.00141718	0.03873424
6.033309	0.07567389	0.00643158	0.11141554	-0.00800594	0.00026373	0.03233893
6.049975	0.07546315	0.00644382	0.11194165	-0.00811830	0.00267598	0.02303401
6.066642	0.07530343	0.00649187	0.11225933	-0.00581651	0.00462908	0.01136483
6.083309	0.07522396	0.00660618	0.11234612	-0.00217390	0.00608960	-0.00182290
6.099975	0.07524146	0.00675154	0.11219629	0.00163716	0.00754245	-0.01539840
6.116642	0.07533289	0.00688148	0.11182305	0.00428846	0.00859040	-0.02797611
6.133308	0.07544599	0.00700582	0.11122073	0.00470514	0.00885859	-0.03791475
6.149975	0.07556245	0.00717576	0.11044265	0.00244726	0.00873233	-0.04340402
6.166642	0.07562071	0.00733510	0.10957380	-0.00142824	0.00883355	-0.04330537
6.183308	0.07556047	0.00748889	0.10877020	-0.00517568	0.00893234	-0.03768154
6.199975	0.07537953	0.00760294	0.10816552	-0.00810314	0.00881557	-0.02704930
6.216641	0.07516140	0.00775627	0.10781166	-0.00975777	0.00836629	-0.01247918
6.233308	0.07500584	0.00790829	0.10770786	-0.00966739	0.00730681	0.00392308
6.249975	0.07486159	0.00806221	0.10790595	-0.00835214	0.00562055	0.02040056
6.266641	0.07473800	0.00814035	0.10841006	-0.00689427	0.00402995	0.03579460
6.283308	0.07462256	0.00815421	0.10918364	-0.00598746	0.00231382	0.04852795
6.299974	0.07453200	0.00814155	0.11016216	-0.00482844	0.00056841	0.05652693
6.316641	0.07447610	0.00819212	0.11124768	-0.00310661	-0.00054888	0.05848048
6.333308	0.07439894	0.00816480	0.11232565	-0.00154112	-0.00144083	0.05420875
6.349974	0.07440789	0.00814623	0.11324822	-0.00070565	-0.00311053	0.04417091
6.366641	0.07443129	0.00806126	0.11392220	0.00046183	-0.00490339	0.02902527
6.383307	0.07445154	0.00797839	0.11429948	0.00204665	-0.00601030	0.00978601
6.399974	0.07444496	0.00783427	0.11433242	0.00308921	-0.00667564	-0.01097311
6.416641	0.07451487	0.00772112	0.11397058	0.00328464	-0.00657127	-0.03057764
6.433307	0.07462028	0.00760211	0.11319318	0.00342724	-0.00514206	-0.04637123
6.449974	0.07471417	0.00751476	0.11218045	0.00398548	-0.00256159	-0.05591960
6.466640	0.07471360	0.00746329	0.11104959	0.00452166	-0.00072317	-0.05748437
6.483307	0.07476276	0.00751853	0.11002364	0.00555614	-0.00009901	-0.05132428
6.499974	0.07486364	0.00759386	0.10917279	0.00756438	-0.00053440	-0.03970289
6.516640	0.07503843	0.00757778	0.10861657	0.00948910	-0.00220945	-0.02520050
6.533307	0.07524323	0.00749254	0.10835287	0.00925094	-0.00492078	-0.00983797
6.549973	0.07543930	0.00736374	0.10834214	0.00622618	-0.00742070	0.00504835
6.566640	0.07556380	0.00722481	0.10855786	0.00107453	-0.00867168	0.01864214
6.583307	0.07553268	0.00707258	0.10898826	-0.00461740	-0.00864328	0.03092615
6.599973	0.07535206	0.00689312	0.10960952	-0.00910819	-0.00781982	0.04148988
6.616640	0.07509466	0.00676541	0.11042929	-0.01060561	-0.00611097	0.04951736
6.633307	0.07485125	0.00667411	0.11137056	-0.00882465	-0.00351402	0.05399160
6.649973	0.07471107	0.00663539	0.11237274	-0.00467559	-0.00055129	0.05323756
6.666640	0.07470381	0.00666614	0.11332507	0.00080623	0.00180735	0.04547365
6.683306	0.07477482	0.00672258	0.11412598	0.00654387	0.00337958	0.03010036
6.699973	0.07492920	0.00682985	0.11459614	0.01100984	0.00382596	0.00840202
6.716640	0.07515669	0.00688908	0.11457962	0.01294849	0.00324961	-0.01606110
6.733306	0.07546209	0.00695445	0.11401400	0.01189501	0.00292433	-0.03919889
6.749973	0.07572058	0.00696037	0.11301026	0.00748965	0.00342314	-0.05694886
6.766639	0.07583420	0.00697479	0.11180042	0.00008330	0.00510289	-0.06615680
6.783306	0.07576271	0.00708634	0.11053380	-0.00821497	0.00708930	-0.06589294
6.799973	0.07549521	0.00723146	0.10937811	-0.01395462	0.00878292	-0.05822410
6.816639	0.07511743	0.00747121	0.10844081	-0.01533772	0.00892253	-0.04513819
6.833306	0.07476100	0.00761498	0.10780607	-0.01251271	0.00662421	-0.02805788
6.849972	0.07458103	0.00774267	0.10745276	-0.00619902	0.00271444	-0.00895832
6.866639	0.07457264	0.00774409	0.10746749	0.00124068	-0.00195630	0.00971090
6.883306	0.07469011	0.00763384	0.10782260	0.00647231	-0.00653681	0.02614654
6.899972	0.07491717	0.00750007	0.10849383	0.00753473	-0.01064969	0.03949431
6.916639	0.07511237	0.00726142	0.10931301	0.00517937	-0.01255012	0.04831792
6.933305	0.07520315	0.00702372	0.11021661	0.00084982	-0.01194114	0.05203160
6.949972	0.07511507	0.00674447	0.11116361	-0.00425788	-0.00965113	0.05092254
6.966639	0.07495597	0.00660704	0.11204116	-0.00812064	-0.00605799	0.04573811
6.983305	0.07477391	0.00658416	0.11281497	-0.00921790	-0.00202393	0.03656574
6.999971	0.07457828	0.00660317	0.11336373	-0.00773172	0.00104137	0.02368747
7.016638	0.07445384	0.00668248	0.11367888	-0.00498334	0.00158678	0.00802062
7.033305	0.07439519	0.00672189	0.11369541	-0.00194964	0.00063805	-0.00877447
7.049972	0.07442309	0.00674249	0.11338307	0.00066877	-0.00030990	-0.02436342
7.066638	0.07448549	0.00667409	0.11278103	0.00272800	-0.00060117	-0.03697619
7.083304	0.07453257	0.00661657	0.11196700	0.00464285	-0.00048230	-0.04491862
7.099971	0.07459748	0.00663226	0.11109678	0.00623612	0.00015618	-0.04722980
7.116638	0.07470040	0.00668416	0.11024107	0.00741425	0.00159293	-0.04450719
7.133305	0.07488281	0.00671461	0.10950110	0.00815071	0.00331152	-0.03809099
7.149971	0.07505365	0.00674730	0.10892773	0.00821054	0.00454190	-0.02947514
7.166637	0.07518668	0.00681550	0.10850456	0.00626965	0.00461482	-0.01893253
7.183304	0.07527964	0.00697224	0.10827596	0.00223649	0.00358182	-0.00718254
7.199971	0.07533566	0.00707182	0.10820203	-0.00244458	0.00198841	0.00542524
7.216638	0.07524006	0.00706728	0.10841951	-0.00705103	-0.00015218	0.01879662
7.233304	0.07504932	0.00697478	0.10883682	-0.01095851	-0.00201972	0.03230388
7.249970	0.07478522	0.00690701	0.10951856	-0.01322983	-0.00245220	0.04430610
7.266637	0.07452640	0.00686409	0.11039422	-0.01271532	-0.00108813	0.05220941
7.283304	0.07430816	0.00688000	0.11142247	-0.00965942	0.00131253	0.05437497
7.299971	0.07413491	0.00689567	0.11247274	-0.00461364	0.00333271	0.04962606
7.316637	0.07410374	0.00699118	0.11332829	0.00100878	0.00399305	0.03773455
7.333303	0.07417278	0.00710050	0.11390181	0.00577255	0.00338936	0.01968384
7.349970	0.07438531	0.00719240	0.11408927	0.00786222	0.00182781	-0.00147243
7.366637	0.07459271	0.00718355	0.11385345	0.00662262	0.00003991	-0.02250852
7.383303	0.07474277	0.00713217	0.11323746	0.00267388	-0.00104896	-0.04086172
7.399970	0.07471936	0.00705384	0.11231934	-0.00238982	-0.00065957	-0.05373217
7.416636	0.07459022	0.00706327	0.11123389	-0.00586534	0.00168539	-0.05922208
7.433303	0.07438631	0.00709400	0.11009523	-0.00647283	0.00489305	-0.05714816
7.449970	0.07423221	0.00722041	0.10909006	-0.00458958	0.00739970	-0.04844939
7.466636	0.07419845	0.00739817	0.10833549	-0.00155386	0.00850789	-0.03468960
7.483303	0.07424986	0.00758689	0.10787763	0.00137780	0.00792132	-0.01800112
7.499969	0.07432663	0.00772672	0.10773871	0.00305438	0.00591068	-0.00110560
7.516636	0.07438876	0.00780381	0.10788833	0.00315250	0.00294940	0.01440058
7.533303	0.07442784	0.00779233	0.10830667	0.00193161	-0.00038247	0.02778907
7.549969	0.07447072	0.00778555	0.10889964	0.00011671	-0.00327718	0.03848837
7.566636	0.07446830	0.00768147	0.10965583	-0.00163429	-0.00534708	0.04595369
7.583302	0.07441364	0.00757908	0.11051770	-0.00262709	-0.00628132	0.05016277
7.599969	0.07432316	0.00742748	0.11143555	-0.00186861	-0.00619697	0.04985204
7.616636	0.07424287	0.00730715	0.11232378	0.00115060	-0.00582531	0.04374481
7.633302	0.07426432	0.00724967	0.11311734	0.00577624	-0.00622986	0.03145250
7.649969	0.07442130	0.00719164	0.11358961	0.01042903	-0.00707679	0.01402641
7.666636	0.07469324	0.00708124	0.11370893	0.01350844	-0.00826729	-0.00647048
7.683302	0.07500670	0.00687494	0.11334844	0.01373908	-0.00870833	-0.02726499
7.699969	0.07525534	0.00667413	0.11266659	0.01086299	-0.00738709	-0.04519720
7.716635	0.07542815	0.00652537	0.11168936	0.00495842	-0.00408311	-0.05758141
7.733302	0.07546352	0.00651023	0.11055092	-0.00201845	0.00053777	-0.06271150
7.749969	0.07538427	0.00658264	0.10936468	-0.00810053	0.00493686	-0.05985285
7.766635	0.07511306	0.00672626	0.10829286	-0.01142954	0.00805487	-0.04905095
7.783302	0.07483646	0.00690770	0.10748785	-0.01154983	0.00910055	-0.03251939
7.799968	0.07456794	0.00708045	0.10710468	-0.00878233	0.00787979	-0.01332676
7.816635	0.07450411	0.00724260	0.10711536	-0.00421075	0.00467101	0.00500640
7.833302	0.07449530	0.00730632	0.10745271	-0.00005871	0.00029464	0.01991470
7.849968	0.07458443	0.00726301	0.10796370	0.00237011	-0.00417067	0.03003796
7.866635	0.07465483	0.00711858	0.10856194	0.00253563	-0.00671588	0.03596924
7.883301	0.07469551	0.00691916	0.10922469	0.00107568	-0.00630678	0.03892918
7.899968	0.07471307	0.00675836	0.10988834	-0.00187200	-0.00333300	0.04008272
7.916635	0.07466292	0.00674744	0.11059169	-0.00544643	0.00094361	0.03946641
7.933301	0.07455735	0.00683828	0.11125836	-0.00851825	0.00550777	0.03630780
7.949968	0.07435374	0.00702427	0.11189521	-0.00985302	0.00899921	0.02993901
7.966634	0.07410307	0.00717780	0.11239865	-0.00874542	0.01048952	0.01999446
7.983301	0.07393201	0.00738982	0.11267804	-0.00490064	0.01021551	0.00700615
7.999968	0.07386730	0.00756473	0.11269622	0.00064854	0.00865705	-0.00786513
8.016634	0.07396594	0.00772175	0.11240475	0.00569268	0.00658105	-0.02269527
8.033300	0.07417122	0.00780861	0.11186723	0.00858553	0.00394002	-0.03552947
8.049968	0.07438179	0.00781973	0.11111714	0.00922833	0.00205477	-0.04484575
8.066634	0.07454818	0.00783328	0.11023069	0.00776331	0.00171919	-0.04975667
8.083301	0.07462140	0.00779705	0.10931727	0.00483977	0.00255753	-0.04933970
8.099967	0.07469363	0.00787027	0.10843134	0.00175726	0.00343216	-0.04308286
8.116633	0.07469943	0.00797633	0.10769375	-0.00011016	0.00414284	-0.03172887
8.133301	0.07465578	0.00808190	0.10722441	-0.00073869	0.00374083	-0.01706492
8.149967	0.07459590	0.00813643	0.10708027	-0.00060477	0.00139535	-0.00064928
8.166634	0.07458769	0.00815438	0.10727172	0.00070826	-0.00214935	0.01605372
8.183300	0.07462785	0.00808858	0.10768078	0.00272894	-0.00476509	0.02855830
8.199966	0.07469415	0.00796179	0.10833612	0.00455381	-0.00685864	0.03892151
8.216634	0.07479695	0.00775562	0.10916199	0.00540791	-0.00912513	0.04705217
8.233300	0.07490467	0.00768170	0.10983684	0.00537159	-0.01057928	0.05030183
8.249967	0.07501395	0.00746693	0.11093006	0.00428224	-0.01006394	0.04480194
8.266633	0.07507785	0.00727831	0.11172600	0.00214309	-0.00813943	0.03263606
8.283299	0.07511104	0.00705761	0.11245229	-0.00026070	-0.00543456	0.01650735
8.299967	0.07506754	0.00702118	0.11233155	-0.00186329	-0.00111646	-0.00313652
8.316633	0.07498497	0.00708555	0.11199029	-0.00219149	0.00387051	-0.02313605
8.333300	0.07491015	0.00719633	0.11143944	-0.00155267	0.00835445	-0.03901390
8.349966	0.07490340	0.00737996	0.11068898	-0.00036247	0.01112908	-0.04747827
8.366632	0.07494635	0.00758759	0.10974175	0.00096646	0.01300405	-0.05129254
8.383299	0.07498872	0.00784268	0.10872542	0.00211616	0.01333631	-0.04884461
8.399966	0.07500768	0.00808979	0.10782455	0.00311629	0.01188032	-0.04027908
8.416633	0.07504486	0.00831749	0.10722508	0.00415979	0.00839068	-0.02700735
8.433299	0.07511777	0.00843231	0.10692683	0.00497071	0.00333915	-0.01151611
8.449965	0.07525090	0.00846170	0.10691680	0.00506675	-0.00207494	0.00328408
8.466632	0.07537000	0.00832649	0.10710933	0.00375436	-0.00672210	0.01543480
8.483299	0.07543433	0.00815227	0.10750613	0.00071556	-0.01007741	0.02478979
8.499966	0.07542521	0.00792824	0.10802431	-0.00353181	-0.01179086	0.03155177
8.516632	0.07531881	0.00773606	0.10862465	-0.00734679	-0.01173965	0.03626283
8.533298	0.07513972	0.00752279	0.10927986	-0.00943653	-0.01048164	0.03931337
8.549965	0.07490336	0.00734686	0.10994700	-0.00977591	-0.00826072	0.03976507
8.566632	0.07472025	0.00720943	0.11066204	-0.00720768	-0.00577227	0.03840648
8.583299	0.07461801	0.00714952	0.11135336	-0.00155025	-0.00330405	0.03467902
8.599965	0.07457317	0.00714644	0.11186817	0.00469470	-0.00185788	0.02665434
8.616632	0.07475971	0.00714792	0.11236681	0.00811338	-0.00141844	0.01339411
8.633298	0.07503849	0.00714640	0.11252463	0.00912130	-0.00105301	-0.00347713
8.649965	0.07530213	0.00707578	0.11239134	0.00808239	-0.00019452	-0.02139566
8.666632	0.07532238	0.00704348	0.11176065	0.00393672	0.00080084	-0.03794708
8.683298	0.07532829	0.00708749	0.11085273	-0.00220546	0.00208826	-0.04970768
8.699965	0.07527305	0.00717962	0.10985752	-0.00776633	0.00385948	-0.05371611
8.716631	0.07513099	0.00725620	0.10883985	-0.01225238	0.00549037	-0.04895838
8.733298	0.07485118	0.00732444	0.10799543	-0.01564598	0.00560569	-0.04619897
8.749965	0.07450562	0.00743273	0.10741269	-0.01948543	0.00684680	-0.03552779
8.766631	0.07412835	0.00758353	0.10704611	-0.02332488	0.00808791	-0.02485662
