Time	thumb tip right X	thumb tip right Y	thumb tip right Z	thumb tip right v(X)	thumb tip right v(Y)	thumb tip right v(Z)
0.00000000	0.00000000	0.00000000	0.00000000	0.00000000	0.00000000	0.00000000
0.01666660	0.01666660	0.01666660	0.01666660	0.01666660	0.01666660	0.01666660
0.000000	0.08215137	-0.01148744	0.11050331	0.00733997	0.00190732	-0.06720905
0.016667	0.08220579	-0.01143559	0.10935890	0.00625136	0.00024322	-0.06611537
0.033333	0.08234706	-0.01143254	0.10825184	0.00516275	-0.00142089	-0.06502169
0.050000	0.08262267	-0.01147507	0.10724564	-0.00018701	0.00091650	-0.06764681
0.066666	0.08247184	-0.01156602	0.10613772	-0.00190348	0.00532866	-0.06897495
0.083333	0.08230644	-0.01149606	0.10495088	-0.00345559	0.01149074	-0.06957253
0.100000	0.08208702	-0.01121468	0.10365768	-0.00430232	0.01627399	-0.06829546
0.116666	0.08216304	-0.01072569	0.10248220	-0.00374930	0.01780917	-0.06234275
0.133333	0.08225124	-0.01030076	0.10147633	-0.00317783	0.01639619	-0.05321684
0.149999	0.08215816	-0.01010948	0.10063843	-0.00253835	0.01393361	-0.04521786
0.166666	0.08199695	-0.01006081	0.10013530	-0.00992891	0.00926245	-0.04548977
0.183333	0.08184527	-0.00995554	0.09956532	-0.02259096	0.00320734	-0.05175383
0.199999	0.08179594	-0.00971762	0.09884272	-0.03304286	-0.00224336	-0.05741987
0.216666	0.08083731	-0.00979911	0.09738697	-0.03532155	-0.00596283	-0.05607389
0.233332	0.07986162	-0.01006307	0.09611860	-0.03247996	-0.00882094	-0.04547290
0.249999	0.07898136	-0.01043974	0.09526409	-0.02643487	-0.01015503	-0.02549558
0.266666	0.07911712	-0.01054147	0.09533727	-0.01600931	-0.00792152	0.00192691
0.283332	0.07920810	-0.01055531	0.09574147	-0.00625896	-0.00276967	0.02929226
0.299999	0.07912076	-0.01056461	0.09642586	-0.00155356	0.00277505	0.05102450
0.316665	0.07889381	-0.01054446	0.09740593	-0.00071891	0.00618092	0.06642509
0.333332	0.07878815	-0.01040882	0.09872199	0.00396790	0.00772413	0.07900410
0.349999	0.07896540	-0.01015955	0.10022262	0.01050517	0.00712866	0.08702506
0.366665	0.07931502	-0.00995900	0.10183250	0.01601278	0.00532298	0.08985707
0.383332	0.07971920	-0.00992883	0.10337776	0.01651376	0.00300095	0.08776222
0.399998	0.08001477	-0.01002589	0.10481769	0.01196382	0.00117940	0.08166733
0.416665	0.08021204	-0.01005336	0.10615224	0.00610723	0.00125838	0.07234736
0.433332	0.08016799	-0.01000018	0.10730794	0.00111152	0.00322079	0.06039520
0.449998	0.08006542	-0.00987483	0.10826804	-0.00285399	0.00489840	0.04619993
0.466665	0.08000274	-0.00975889	0.10892658	-0.00607389	0.00482676	0.03102069
0.483331	0.07994264	-0.00966481	0.10927556	-0.00949036	0.00277874	0.01616712
0.499998	0.07983000	-0.00964120	0.10936887	-0.00552127	0.00048024	0.00673420
0.516665	0.07955910	-0.00965579	0.10928088	0.00701944	-0.00156422	0.00124049
0.533331	0.07927493	-0.00976672	0.10911666	0.02091446	-0.00351089	-0.00564086
0.549998	0.08007954	-0.00978231	0.10929448	0.03111792	-0.00450504	-0.01623153
0.566664	0.08107691	-0.00989665	0.10908413	0.03171456	-0.00471608	-0.03455354
0.583331	0.08207874	-0.00997188	0.10851474	0.02164484	-0.00560842	-0.05976097
0.599998	0.08224896	-0.01005915	0.10723485	0.00354168	-0.00879727	-0.08478913
0.616664	0.08159318	-0.01016821	0.10523808	-0.01213227	-0.01319955	-0.09913331
0.633331	0.08117323	-0.01036954	0.10322932	-0.01917094	-0.01713177	-0.10033800
0.649997	0.08062625	-0.01080590	0.10128510	-0.01784160	-0.01858774	-0.09139495
0.666664	0.08072024	-0.01124847	0.10013306	-0.01389140	-0.01661845	-0.07674344
0.683331	0.08062313	-0.01157322	0.09916775	-0.01064007	-0.01126106	-0.05969786
0.699997	0.08032445	-0.01166186	0.09823370	-0.01109310	-0.00458871	-0.04546761
0.716664	0.08011114	-0.01155937	0.09750547	-0.01477095	0.00091834	-0.03501168
0.733330	0.07982753	-0.01145774	0.09699761	-0.01400275	0.00518685	-0.02413290
0.749997	0.07960358	-0.01138544	0.09675591	-0.01062427	0.00813072	-0.01364389
0.766664	0.07937046	-0.01131639	0.09670687	-0.00760745	0.01008841	-0.00261993
0.783330	0.07930879	-0.01108933	0.09666634	-0.00601581	0.01157292	0.01101971
0.799997	0.07935249	-0.01080369	0.09681751	-0.00681992	0.01217306	0.02702243
0.816663	0.07928415	-0.01054786	0.09731536	-0.00008140	0.01279687	0.04948933
0.833330	0.07911249	-0.01038747	0.09835165	0.01499785	0.01270600	0.07574599
0.849997	0.07890357	-0.01028995	0.09976936	0.03249084	0.01182905	0.09697825
0.866663	0.07996602	-0.01000129	0.10193376	0.04564732	0.00962347	0.10632769
0.883330	0.08125784	-0.00979704	0.10404219	0.05315910	0.00638027	0.10440420
0.899996	0.08269136	-0.00961734	0.10595208	0.05166696	0.00180630	0.09442773
0.916663	0.08315216	-0.00974426	0.10713607	0.03818356	-0.00370428	0.07976068
0.933330	0.08347938	-0.00990396	0.10816532	0.02086547	-0.00845936	0.06722357
0.949996	0.08370829	-0.01010769	0.10915612	0.00883154	-0.01148382	0.06022201
0.966663	0.08377771	-0.01028942	0.11015864	0.00400388	-0.01263577	0.05569711
0.983329	0.08376738	-0.01049056	0.11116712	-0.00081074	-0.01322948	0.04624784
0.999996	0.08371619	-0.01073775	0.11201101	-0.00449056	-0.01261957	0.03077251
1.016663	0.08360805	-0.01099478	0.11245728	-0.00624395	-0.01045999	0.00917707
1.033329	0.08347743	-0.01118888	0.11241244	-0.00658667	-0.00683899	-0.01555576
1.049996	0.08330937	-0.01127055	0.11187383	-0.00561761	-0.00305224	-0.03790960
1.066662	0.08323508	-0.01121653	0.11090340	-0.00363195	-0.00020012	-0.05533303
1.083329	0.08318667	-0.01114638	0.10973783	-0.00049994	0.00157098	-0.06769595
1.099996	0.08323030	-0.01111689	0.10853905	0.00219745	0.00316329	-0.07540122
1.116662	0.08327627	-0.01112591	0.10724565	0.00476858	0.00587545	-0.07889931
1.133329	0.08341821	-0.01107584	0.10588455	-0.00005085	0.00857823	-0.08488320
1.149995	0.08346631	-0.01086164	0.10442410	-0.01246215	0.00925513	-0.09235198
1.166662	0.08357098	-0.01052544	0.10302551	-0.02281407	0.00828892	-0.09372859
1.183329	0.08266187	-0.01035628	0.10108624	-0.02684507	0.00614909	-0.08847647
1.199995	0.08180712	-0.01038816	0.09945195	-0.02769060	0.00362058	-0.08094666
1.216662	0.08123314	-0.01046337	0.09822305	-0.02754740	0.00146267	-0.07095964
1.233328	0.08126947	-0.01045959	0.09741858	-0.01772317	0.00179953	-0.05241172
1.249995	0.08121199	-0.01031056	0.09662594	-0.00562003	0.00303463	-0.03118084
1.266662	0.08064651	-0.01027080	0.09585802	0.00173923	0.00335349	-0.01170338
1.283328	0.08093052	-0.01015035	0.09602185	0.00544118	0.00252554	0.00646352
1.299995	0.08107164	-0.01021474	0.09642570	0.01228851	0.00213466	0.02571645
1.316661	0.08163851	-0.01017462	0.09723521	0.01841843	0.00256040	0.04142058
1.333328	0.08180207	-0.01016664	0.09789423	0.01867819	0.00228355	0.05156273
1.349995	0.08208062	-0.01004269	0.09878632	0.02005007	0.00171389	0.06090900
1.366661	0.08244251	-0.00996566	0.09986490	0.02326077	0.00016888	0.06849543
1.383328	0.08268594	-0.01002939	0.10113646	0.02842605	-0.00125424	0.07243170
1.399994	0.08341040	-0.01009602	0.10262087	0.03003002	-0.00281470	0.06889378
1.416661	0.08394333	-0.01021755	0.10381745	0.02883882	-0.00413920	0.05853165
1.433328	0.08459745	-0.01020310	0.10474274	0.02413707	-0.00533211	0.04213845
1.449994	0.08485143	-0.01026931	0.10520513	0.01771449	-0.00643664	0.02379397
1.466661	0.08499514	-0.01041224	0.10539596	0.01299103	-0.00833981	0.00779960
1.483328	0.08508166	-0.01060194	0.10533123	0.01005016	-0.01103445	-0.00415841
1.499994	0.08526071	-0.01080317	0.10512803	0.00991255	-0.01302422	-0.01211361
1.516661	0.08549463	-0.01102437	0.10483582	0.00889796	-0.01413684	-0.01858719
1.533327	0.08569148	-0.01127184	0.10452103	0.00501273	-0.01491554	-0.02459554
1.549994	0.08578806	-0.01155881	0.10410689	-0.00094373	-0.01539041	-0.02992474
1.566661	0.08570283	-0.01180024	0.10353979	-0.00730029	-0.01430810	-0.03573123
1.583327	0.08542159	-0.01207798	0.10283535	-0.01314120	-0.01118524	-0.04229502
1.599994	0.08516333	-0.01227407	0.10213099	-0.01713283	-0.00664451	-0.04863214
1.616660	0.08482103	-0.01235478	0.10125484	-0.01908369	-0.00223826	-0.05281223
1.633327	0.08451500	-0.01230445	0.10033363	-0.02051853	0.00066235	-0.05431055
1.649993	0.08417059	-0.01216538	0.09926295	-0.02316447	0.00084268	-0.05287974
1.666660	0.08378751	-0.01212604	0.09838292	-0.02534645	-0.00056874	-0.04849047
1.683327	0.08335558	-0.01218269	0.09761125	-0.02625148	-0.00240076	-0.04290862
1.699993	0.08277894	-0.01234874	0.09703676	-0.02612780	-0.00344491	-0.03848560
1.716660	0.08236443	-0.01241701	0.09650116	-0.02493414	-0.00309162	-0.03579221
1.733326	0.08197571	-0.01243364	0.09591916	-0.02066713	-0.00166370	-0.03229646
1.749993	0.08166321	-0.01239706	0.09527569	-0.01414576	-0.00025478	-0.02691958
1.766660	0.08139984	-0.01240013	0.09477212	-0.00740166	0.00020781	-0.01755986
1.783326	0.08134772	-0.01240817	0.09454796	-0.00156992	0.00045374	-0.00349881
1.799993	0.08144738	-0.01242044	0.09460880	0.00361448	0.00121594	0.01490383
1.816659	0.08163892	-0.01240139	0.09500964	0.00782750	0.00198711	0.03429952
1.833326	0.08171909	-0.01234370	0.09571122	0.01093839	0.00210820	0.05078209
1.849993	0.08192038	-0.01225120	0.09684548	0.01378143	0.00202698	0.06195249
1.866659	0.08210465	-0.01224027	0.09811608	0.01732371	0.00199585	0.06706271
1.883326	0.08250640	-0.01224305	0.09936413	0.02147720	0.00171000	0.06708503
1.899992	0.08289179	-0.01224150	0.10041860	0.02443602	0.00092342	0.06351499
1.916659	0.08336419	-0.01217766	0.10134073	0.02500160	0.00027280	0.05783007
1.933326	0.08382355	-0.01214295	0.10229681	0.02313355	0.00063546	0.05054445
1.949992	0.08421247	-0.01219013	0.10318824	0.02011620	0.00174618	0.04211688
1.966659	0.08450250	-0.01222381	0.10388436	0.01565232	0.00254200	0.03110473
1.983325	0.08471486	-0.01213693	0.10428420	0.01076494	0.00300393	0.01677803
1.999992	0.08485733	-0.01199662	0.10442525	0.00561750	0.00324560	0.00003651
2.016659	0.08492482	-0.01190906	0.10431103	0.00043661	0.00259772	-0.01672651
2.033325	0.08489796	-0.01193217	0.10390911	-0.00507763	0.00018734	-0.03171981
2.049992	0.08475179	-0.01196579	0.10316740	-0.00752933	-0.00280939	-0.04334642
2.066658	0.08453963	-0.01200448	0.10226063	-0.00891886	-0.00702442	-0.05266195
2.083325	0.08425368	-0.01211896	0.10124668	-0.01158443	-0.01157494	-0.05937897
2.099992	0.08430067	-0.01228366	0.10033297	-0.01586246	-0.01466450	-0.06328816
2.116658	0.08400777	-0.01273382	0.09918287	-0.01936849	-0.01426457	-0.06304531
2.133325	0.08367399	-0.01305278	0.09807763	-0.02750262	-0.01157717	-0.06140956
2.149992	0.08297217	-0.01327549	0.09690554	-0.03838707	-0.00653500	-0.05692594
2.166658	0.08248949	-0.01315891	0.09614658	-0.04427923	0.00096380	-0.04688914
2.183325	0.08142543	-0.01310891	0.09528100	-0.04388845	0.00734867	-0.03387710
2.199991	0.08060165	-0.01294206	0.09488302	-0.04098700	0.00982209	-0.02177128
2.216658	0.07985555	-0.01271227	0.09464070	-0.03663733	0.00849922	-0.00959799
2.233325	0.07955478	-0.01248821	0.09468886	-0.02631831	0.00622026	0.00733375
2.249991	0.07913314	-0.01240480	0.09474839	-0.01401724	0.00284395	0.02561900
2.266658	0.07881457	-0.01248180	0.09518528	-0.00172534	-0.00059415	0.04306408
2.283324	0.07888579	-0.01256004	0.09624021	0.01071096	-0.00333126	0.05909723
2.299991	0.07924293	-0.01262273	0.09753533	0.02382854	-0.00477572	0.07242823
2.316658	0.07988343	-0.01265841	0.09892873	0.03110901	-0.00529438	0.07700045
2.333324	0.08058621	-0.01275724	0.10026896	0.03134315	-0.00473805	0.07357701
2.349991	0.08118814	-0.01289847	0.10151676	0.02664021	-0.00357395	0.06710730
2.366657	0.08151534	-0.01299792	0.10253675	0.01919381	-0.00225604	0.06041107
2.383324	0.08170264	-0.01295774	0.10341049	0.01256188	-0.00090285	0.05412618
2.399991	0.08179169	-0.01291387	0.10422260	0.00852428	-0.00024798	0.04744053
2.416657	0.08189267	-0.01287874	0.10504848	0.00643867	-0.00100274	0.03912062
2.433324	0.08203787	-0.01294618	0.10574432	0.00536340	-0.00205202	0.02678327
2.449990	0.08213836	-0.01302400	0.10616676	0.00451313	-0.00172024	0.00939783
2.466657	0.08218098	-0.01310471	0.10619384	0.00268583	0.00067345	-0.01317268
2.483324	0.08221275	-0.01307481	0.10576824	0.00030220	0.00348877	-0.03762070
2.499990	0.08220207	-0.01295603	0.10493834	-0.00257992	0.00464040	-0.05949882
2.516657	0.08215959	-0.01274666	0.10361200	-0.00707823	0.00406095	-0.07533226
2.533323	0.08204937	-0.01268103	0.10209642	-0.01325080	0.00244304	-0.08425313
2.549990	0.08179862	-0.01271869	0.10050547	-0.02079950	0.00058412	-0.08657798
2.566657	0.08137141	-0.01281172	0.09908802	-0.02752959	-0.00001993	-0.08174660
2.583323	0.08080322	-0.01281626	0.09776076	-0.03274267	0.00189944	-0.07229759
2.599990	0.08011129	-0.01275563	0.09654870	-0.03286121	0.00580846	-0.05904083
2.616656	0.07956002	-0.01261257	0.09566803	-0.02661641	0.00939544	-0.04372301
2.633323	0.07896329	-0.01242216	0.09498745	-0.01697864	0.01099837	-0.02766698
2.649990	0.07888961	-0.01214726	0.09482376	-0.00957370	0.00993626	-0.01393521
2.666656	0.07893366	-0.01196616	0.09475380	-0.00605809	0.00547958	-0.00261282
2.683323	0.07910310	-0.01184559	0.09489109	-0.00529794	-0.00156663	0.00917140
2.699989	0.07887612	-0.01195436	0.09494735	-0.00648091	-0.00815514	0.02289651
2.716656	0.07856236	-0.01223070	0.09528146	-0.00621422	-0.01177465	0.03900718
2.733323	0.07836221	-0.01258917	0.09610730	-0.00233439	-0.01263896	0.05623702
2.749989	0.07841706	-0.01281100	0.09734599	0.00598537	-0.01130915	0.07389772
2.766656	0.07867685	-0.01288930	0.09883069	0.01415199	-0.00869666	0.08730796
2.783322	0.07901761	-0.01295771	0.10037917	0.01971625	-0.00555287	0.09315255
2.799989	0.07942000	-0.01307640	0.10205264	0.02162152	-0.00329815	0.09164943
2.816656	0.07979722	-0.01317980	0.10369160	0.02017621	-0.00190464	0.08617453
2.833322	0.08017252	-0.01316531	0.10509486	0.01669197	-0.00045484	0.07803907
2.849989	0.08043618	-0.01310525	0.10623960	0.01233344	0.00102040	0.06634541
2.866655	0.08056428	-0.01306080	0.10725037	0.00809118	0.00177637	0.05094563
2.883322	0.08063050	-0.01305070	0.10809036	0.00536556	0.00241930	0.03112913
2.899989	0.08064640	-0.01305065	0.10860660	0.00465473	0.00449825	0.00576387
2.916655	0.08071012	-0.01299873	0.10854758	0.00478284	0.00707573	-0.02410678
2.933322	0.08084226	-0.01283731	0.10783038	0.00408390	0.00867214	-0.05324537
2.949988	0.08095539	-0.01256766	0.10651104	0.00206557	0.00879592	-0.07624675
2.966655	0.08101837	-0.01238803	0.10483399	0.00038359	0.00838007	-0.08941376
2.983321	0.08091046	-0.01230370	0.10315222	0.00065930	0.00761543	-0.09110140
2.999988	0.08079885	-0.01229658	0.10155695	0.00086096	0.00678073	-0.08445616
3.016655	0.08085855	-0.01215213	0.10021847	-0.00174400	0.00698582	-0.07483280
3.033321	0.08104310	-0.01198331	0.09916103	-0.01018446	0.00778464	-0.06786150
3.049988	0.08099840	-0.01181879	0.09819197	-0.01854721	0.00827975	-0.06127888
3.066654	0.08050724	-0.01169442	0.09727540	-0.02610548	0.00731119	-0.05554612
3.083321	0.07949304	-0.01161707	0.09610763	-0.03041268	0.00604717	-0.04869253
3.099988	0.07910014	-0.01148440	0.09543898	-0.02807516	0.00518806	-0.03877219
3.116654	0.07854374	-0.01144161	0.09471466	-0.01704387	0.00501875	-0.02383886
3.133321	0.07860504	-0.01134353	0.09460612	-0.00457140	0.00452070	-0.00672656
3.149987	0.07842973	-0.01129061	0.09452178	0.00326989	0.00303356	0.01014870
3.166654	0.07877162	-0.01119337	0.09494968	0.00342922	-0.00154585	0.02837893
3.183321	0.07894453	-0.01118593	0.09548273	-0.00171848	-0.00876466	0.04786249
3.199987	0.07905331	-0.01131096	0.09639547	-0.00588986	-0.01623843	0.06819081
3.216654	0.07853448	-0.01179696	0.09768698	-0.00662147	-0.02095820	0.08573219
3.233320	0.07822903	-0.01230272	0.09943063	-0.00162274	-0.02174243	0.09935667
3.249987	0.07808157	-0.01281813	0.10133451	0.00544729	-0.01922120	0.10427956
3.266654	0.07866993	-0.01295217	0.10326722	0.01458200	-0.01371899	0.09891795
3.283320	0.07912308	-0.01307775	0.10494030	0.02042331	-0.00857831	0.08537307
3.299987	0.07941327	-0.01316109	0.10625137	0.01946405	-0.00618823	0.06721314
3.316653	0.07969610	-0.01323176	0.10713171	0.01330202	-0.00646388	0.04686165
3.333320	0.07985087	-0.01338458	0.10773072	0.01017452	-0.00559900	0.02665195
3.349987	0.08002234	-0.01347816	0.10801101	0.00973169	-0.00301540	0.00780436
3.366653	0.08004381	-0.01360756	0.10800629	0.01023308	0.00106525	-0.00889569
3.383320	0.08025394	-0.01352141	0.10766240	0.00852063	0.00492526	-0.02393423
3.399987	0.08049926	-0.01333774	0.10707513	0.00540888	0.00815577	-0.04054354
3.416653	0.08070522	-0.01310345	0.10634174	0.00196949	0.00979187	-0.05941135
3.433320	0.08055110	-0.01295694	0.10537694	-0.00257430	0.00964069	-0.07730917
3.449986	0.08040168	-0.01281036	0.10383586	-0.00802155	0.00950275	-0.08959686
3.466653	0.08019704	-0.01272936	0.10196349	-0.01242765	0.01009918	-0.09462900
3.483320	0.08010805	-0.01252606	0.10003491	-0.01434928	0.01105976	-0.09101687
3.499986	0.07978510	-0.01231524	0.09864727	-0.01846064	0.01183787	-0.08019579
3.516653	0.07945015	-0.01205250	0.09752929	-0.02199241	0.01324784	-0.06365965
3.533319	0.07907265	-0.01187262	0.09671003	-0.02576734	0.01443672	-0.04962117
3.549986	0.07845633	-0.01168200	0.09586047	-0.02870746	0.01436490	-0.04154229
3.566653	0.07818159	-0.01137262	0.09547609	-0.03145159	0.01261331	-0.03511253
3.583319	0.07743651	-0.01109520	0.09479979	-0.03029504	0.00963516	-0.02605653
3.599986	0.07703258	-0.01092222	0.09440915	-0.02569421	0.00437115	-0.01386253
3.616652	0.07634324	-0.01093875	0.09403754	-0.01919780	-0.00221413	0.00056487
3.633319	0.07622760	-0.01106621	0.09427188	-0.01004294	-0.00741715	0.01957156
3.649986	0.07618713	-0.01129033	0.09482501	0.00006408	-0.01007919	0.04097120
3.666652	0.07629753	-0.01151367	0.09565671	0.00993330	-0.01099667	0.06118683
3.683319	0.07652488	-0.01167715	0.09687365	0.01740813	-0.01155194	0.07584348
3.699985	0.07685377	-0.01181765	0.09836716	0.02578503	-0.01174432	0.08588120
3.716652	0.07732234	-0.01200543	0.10000293	0.03164576	-0.01155927	0.08929608
3.733319	0.07799843	-0.01226565	0.10159889	0.03425500	-0.01076094	0.08565534
3.749985	0.07872111	-0.01248457	0.10301822	0.03387737	-0.00956371	0.07734527
3.766652	0.07928932	-0.01261714	0.10420917	0.02979044	-0.00788999	0.06621338
3.783318	0.07971303	-0.01265940	0.10517693	0.02208018	-0.00603389	0.05365258
3.799985	0.08000979	-0.01274581	0.10600384	0.01291679	-0.00488613	0.04111090
3.816652	0.08018358	-0.01283689	0.10659286	0.00595799	-0.00415975	0.02791706
3.833318	0.08018005	-0.01293426	0.10695902	0.00094522	-0.00240715	0.01298455
3.849985	0.08003055	-0.01298947	0.10709964	-0.00398872	0.00054389	-0.00472354
3.866651	0.08001251	-0.01295617	0.10689121	-0.00832822	0.00415730	-0.02546946
3.883318	0.07987776	-0.01282002	0.10637931	-0.01107086	0.00786711	-0.04999985
3.899985	0.07966898	-0.01265421	0.10534659	-0.01367157	0.01092028	-0.07427245
3.916651	0.07934310	-0.01242201	0.10387301	-0.01647792	0.01271041	-0.09230117
3.933318	0.07903032	-0.01220804	0.10186752	-0.01707754	0.01326195	-0.10038069
3.949984	0.07873747	-0.01195022	0.09990974	-0.01560418	0.01286679	-0.09753820
3.966651	0.07845915	-0.01174091	0.09824184	-0.01405192	0.01134820	-0.08500386
3.983318	0.07829159	-0.01155054	0.09704699	-0.01409972	0.00908217	-0.06609712
3.999984	0.07812351	-0.01141044	0.09617538	-0.01439674	0.00693626	-0.04802696
4.016651	0.07787396	-0.01134729	0.09556200	-0.01450924	0.00527883	-0.03371703
4.033318	0.07753505	-0.01129578	0.09519089	-0.01401881	0.00372525	-0.02277920
4.049984	0.07726722	-0.01122830	0.09486578	-0.01163551	0.00274929	-0.01382606
4.066650	0.07708440	-0.01117825	0.09471493	-0.00760938	0.00167028	-0.00630381
4.083317	0.07704123	-0.01114939	0.09465434	-0.00333284	0.00027592	0.00230313
4.099984	0.07705817	-0.01115161	0.09474540	0.00039891	-0.00116352	0.01416033
4.116651	0.07709151	-0.01122015	0.09498562	0.00354563	-0.00270461	0.02937109
4.133317	0.07714348	-0.01126045	0.09553766	0.00689405	-0.00524497	0.04812699
4.149983	0.07726199	-0.01134546	0.09649480	0.01211056	-0.00868244	0.06916017
4.166650	0.07746299	-0.01145704	0.09786171	0.01945984	-0.01184998	0.08891480
4.183317	0.07783157	-0.01173896	0.09961289	0.02653192	-0.01391468	0.10200574
4.199984	0.07838570	-0.01207309	0.10160271	0.03081230	-0.01408504	0.10511365
4.216650	0.07908398	-0.01235245	0.10356282	0.03136062	-0.01220940	0.09878562
4.233316	0.07967153	-0.01252273	0.10520866	0.02738464	-0.00899393	0.08499470
4.249983	0.08008746	-0.01257433	0.10641196	0.02021633	-0.00643552	0.06643537
4.266650	0.08031676	-0.01262386	0.10732307	0.01319872	-0.00548085	0.04586446
4.283317	0.08038318	-0.01270184	0.10792654	0.00786725	-0.00626192	0.02647492
4.299983	0.08045378	-0.01283678	0.10825588	0.00395095	-0.00724662	0.00842306
4.316649	0.08054081	-0.01299385	0.10818124	0.00024818	-0.00716755	-0.00920009
4.333316	0.08056494	-0.01315297	0.10788337	-0.00326549	-0.00537030	-0.02873156
4.349983	0.08050710	-0.01322598	0.10726328	-0.00742829	-0.00187528	-0.04917585
4.366650	0.08023778	-0.01324943	0.10641226	-0.01142741	0.00304461	-0.06705213
4.383316	0.08004290	-0.01313861	0.10496613	-0.01346381	0.00855398	-0.07942827
4.399982	0.07972184	-0.01296744	0.10334484	-0.01262632	0.01319285	-0.08497212
4.416649	0.07952954	-0.01265808	0.10169067	-0.01188059	0.01542822	-0.08398104
4.433316	0.07936472	-0.01231962	0.10040113	-0.01337552	0.01427333	-0.07647272
4.449983	0.07927614	-0.01202104	0.09929303	-0.01465993	0.01053626	-0.06433531
4.466649	0.07897651	-0.01188306	0.09826146	-0.01897302	0.00505186	-0.05324034
4.483315	0.07854870	-0.01191435	0.09742022	-0.02503457	-0.00000270	-0.04529542
4.499982	0.07818995	-0.01199922	0.09687697	-0.02993975	-0.00335584	-0.03757987
4.516649	0.07750146	-0.01212773	0.09627283	-0.02941460	-0.00475687	-0.02824299
4.533315	0.07700228	-0.01217070	0.09586378	-0.02526096	-0.00531371	-0.01685965
4.549982	0.07639074	-0.01224357	0.09546737	-0.01835521	-0.00548497	-0.00246988
4.566648	0.07633409	-0.01232163	0.09556502	-0.00782176	-0.00592351	0.01572291
4.583315	0.07627571	-0.01246729	0.09600417	0.00397401	-0.00733291	0.03620154
4.599982	0.07644609	-0.01258098	0.09683053	0.01351239	-0.00934554	0.05578983
4.616648	0.07678498	-0.01272771	0.09798329	0.02005306	-0.01129449	0.07157820
4.633315	0.07721831	-0.01292384	0.09935757	0.02657457	-0.01224771	0.08239860
4.649981	0.07768713	-0.01319646	0.10087363	0.02961886	-0.01228246	0.08636475
4.666648	0.07824459	-0.01345047	0.10248683	0.02879161	-0.01088472	0.08474256
4.683315	0.07881897	-0.01361235	0.10390144	0.02602837	-0.00848437	0.07850521
4.699981	0.07924998	-0.01370706	0.10515141	0.02258786	-0.00622535	0.06811430
4.716648	0.07949615	-0.01373326	0.10618367	0.01805205	-0.00431888	0.05503508
4.733315	0.07972272	-0.01380184	0.10702020	0.01258706	-0.00237811	0.04213417
4.749981	0.07994510	-0.01389032	0.10762236	0.00780477	-0.00097135	0.03036749
4.766648	0.08010603	-0.01389413	0.10793583	0.00407653	-0.00009187	0.01797709
4.783314	0.08007544	-0.01383428	0.10815968	0.00041433	0.00149246	0.00141789
4.799981	0.07999612	-0.01377831	0.10821281	-0.00268136	0.00443973	-0.02058827
4.816648	0.07990884	-0.01375453	0.10787976	-0.00400664	0.00829879	-0.04699301
4.833314	0.07984599	-0.01365549	0.10685778	-0.00425039	0.01193079	-0.07585336
4.849981	0.07980121	-0.01336669	0.10515355	-0.00384004	0.01404877	-0.10003784
4.866647	0.07974285	-0.01298544	0.10306009	-0.00268993	0.01407697	-0.11324263
4.883314	0.07963952	-0.01267793	0.10079732	-0.00249353	0.01216472	-0.11372168
4.899981	0.07963981	-0.01256814	0.09890905	-0.00513131	0.00950100	-0.10380003
4.916647	0.07963952	-0.01254556	0.09729079	-0.01123276	0.00731102	-0.08743618
4.933314	0.07951920	-0.01246969	0.09604759	-0.01798696	0.00631386	-0.06954142
4.949980	0.07908615	-0.01228793	0.09504145	-0.02272250	0.00648205	-0.05390282
4.966647	0.07840668	-0.01212724	0.09429146	-0.02357716	0.00647986	-0.03979866
4.983314	0.07792768	-0.01203873	0.09377913	-0.01923792	0.00592954	-0.02538791
4.999980	0.07766842	-0.01199623	0.09340005	-0.01159363	0.00529366	-0.00968013
5.016647	0.07769212	-0.01195125	0.09331129	-0.00553815	0.00438340	0.00787339
5.033313	0.07778797	-0.01182277	0.09358068	-0.00328598	0.00201013	0.02842057
5.049980	0.07773854	-0.01172092	0.09419059	-0.00256133	-0.00171441	0.05001903
5.066647	0.07758415	-0.01175058	0.09526403	-0.00134379	-0.00591180	0.06932040
5.083313	0.07742301	-0.01198355	0.09667564	0.00239448	-0.00949490	0.08497413
5.099980	0.07752346	-0.01226186	0.09831474	0.00848803	-0.01194120	0.09553991
5.116646	0.07779411	-0.01248203	0.10003007	0.01527047	-0.01199990	0.09997299
5.133313	0.07818995	-0.01261088	0.10176455	0.01969610	-0.00968171	0.09923407
5.149980	0.07856166	-0.01278960	0.10345011	0.02038830	-0.00712435	0.09387142
5.166646	0.07893176	-0.01288599	0.10500716	0.01916282	-0.00523349	0.08381645
5.183313	0.07920539	-0.01296229	0.10639166	0.01701514	-0.00328463	0.06923065
5.199979	0.07945528	-0.01298143	0.10746945	0.01447911	-0.00081152	0.05227903
5.216646	0.07969479	-0.01298298	0.10817591	0.01138390	0.00090449	0.03522808
5.233313	0.07987907	-0.01295622	0.10851227	0.00725645	0.00140186	0.01983989
5.249979	0.08001117	-0.01287299	0.10865206	0.00305907	0.00138210	0.00417335
5.266646	0.07999948	-0.01285410	0.10865078	-0.00029612	0.00127845	-0.01390422
5.283312	0.07986871	-0.01287097	0.10850752	-0.00282728	0.00086934	-0.03534480
5.299979	0.07981129	-0.01286726	0.10777172	-0.00478206	0.00128300	-0.05819381
5.316646	0.07973512	-0.01286332	0.10651705	-0.00569640	0.00266420	-0.07967425
5.333312	0.07970174	-0.01280151	0.10472243	-0.00639780	0.00421314	-0.09526040
5.349979	0.07953642	-0.01268843	0.10292593	-0.00807162	0.00546637	-0.10060715
5.366645	0.07938711	-0.01258688	0.10111504	-0.01052849	0.00670854	-0.09605158
5.383312	0.07920451	-0.01245466	0.09955414	-0.01293526	0.00816291	-0.08408821
5.399979	0.07897729	-0.01236521	0.09823158	-0.01577778	0.00975886	-0.06842074
5.416645	0.07870270	-0.01217693	0.09720043	-0.01777499	0.01091860	-0.05071317
5.433312	0.07837319	-0.01195075	0.09654231	-0.01757651	0.01056536	-0.03411232
5.449978	0.07794401	-0.01171204	0.09614882	-0.01640050	0.00799376	-0.01877785
5.466645	0.07773703	-0.01155045	0.09604777	-0.01576448	0.00281166	-0.00470148
5.483312	0.07754143	-0.01156813	0.09601989	-0.01453659	-0.00385871	0.00935450
5.499978	0.07739910	-0.01170806	0.09625214	-0.01205691	-0.00966592	0.02458690
5.516645	0.07706513	-0.01198703	0.09670663	-0.00816572	-0.01130885	0.04181018
5.533311	0.07686243	-0.01229261	0.09757435	-0.00238073	-0.00911997	0.06094703
5.549978	0.07684951	-0.01247857	0.09877042	0.00686410	-0.00545942	0.07845708
5.566645	0.07712287	-0.01242674	0.10030632	0.01739948	-0.00172759	0.09193061
5.583311	0.07750378	-0.01232579	0.10208055	0.02594518	0.00181972	0.09817073
5.599978	0.07813586	-0.01227334	0.10384095	0.03164751	0.00368141	0.09656318
5.616644	0.07864448	-0.01230284	0.10557038	0.03404329	0.00303116	0.08765586
5.633311	0.07931500	-0.01220906	0.10692418	0.03230458	0.00097612	0.07348518
5.649978	0.07983983	-0.01214522	0.10804977	0.02704061	-0.00106188	0.05630444
5.666644	0.08035140	-0.01213970	0.10880181	0.01985163	-0.00318122	0.03921166
5.683311	0.08057929	-0.01230068	0.10928467	0.01417873	-0.00363576	0.02059933
5.699977	0.08066026	-0.01244922	0.10949691	0.01112983	-0.00149078	-0.00122365
5.716644	0.08064137	-0.01254925	0.10948999	0.00920035	0.00343167	-0.02442973
5.733311	0.08093986	-0.01234259	0.10884051	0.00866871	0.00960684	-0.04634592
5.749977	0.08114173	-0.01212052	0.10777225	0.00805851	0.01465425	-0.06652445
5.766644	0.08135542	-0.01171714	0.10627124	0.00546327	0.01551983	-0.08443388
5.783310	0.08132476	-0.01146452	0.10483488	-0.00087943	0.01161965	-0.09671558
5.799977	0.08126692	-0.01119761	0.10313694	-0.00855244	0.00607827	-0.10137940
5.816644	0.08113574	-0.01122598	0.10127249	-0.01482407	0.00140776	-0.09976780
5.833310	0.08076393	-0.01134720	0.09942061	-0.01995620	-0.00131942	-0.09280510
5.849977	0.08033598	-0.01145879	0.09790188	-0.02570408	-0.00179594	-0.07793632
5.866643	0.07990056	-0.01143764	0.09673489	-0.02884269	0.00075962	-0.05821463
5.883310	0.07936324	-0.01138210	0.09597045	-0.02975949	0.00383480	-0.03715317
5.899977	0.07881616	-0.01126827	0.09558135	-0.03124100	0.00461585	-0.01650582
5.916643	0.07832935	-0.01116561	0.09545328	-0.03381005	0.00172167	0.00423679
5.933310	0.07780329	-0.01105879	0.09567364	-0.03469298	-0.00331826	0.02390010
5.949976	0.07720837	-0.01115903	0.09621009	-0.03205338	-0.00813956	0.04147375
5.966643	0.07646436	-0.01142924	0.09717206	-0.02662576	-0.01068866	0.05745869
5.983310	0.07602138	-0.01176957	0.09831052	-0.01916125	-0.01080994	0.07276109
5.999976	0.07585849	-0.01196504	0.09959348	-0.00960015	-0.00918539	0.08646637
6.016643	0.07589579	-0.01197725	0.10108422	0.00227475	-0.00648482	0.09666775
6.033309	0.07598051	-0.01199434	0.10287822	0.01445582	-0.00376883	0.10312136
6.049976	0.07614888	-0.01209630	0.10482214	0.02558852	-0.00210362	0.10360140
6.066643	0.07672578	-0.01218233	0.10666148	0.03421219	-0.00093724	0.09627946
6.083309	0.07753433	-0.01220368	0.10826536	0.03956952	0.00078942	0.08187069
6.099976	0.07841712	-0.01210123	0.10947293	0.03998508	0.00266567	0.06397183
6.116642	0.07906789	-0.01201637	0.11035050	0.03386515	0.00307377	0.04638500
6.133309	0.07952208	-0.01194251	0.11089803	0.02622447	0.00246317	0.02821479
6.149976	0.07985891	-0.01192546	0.11123961	0.02269739	0.00217231	0.00838384
6.166642	0.08000610	-0.01197264	0.11139970	0.02462542	0.00351285	-0.01282265
6.183309	0.08041313	-0.01191334	0.11099978	0.02784092	0.00586390	-0.03428026
6.199975	0.08098486	-0.01180385	0.11018606	0.02838131	0.00847975	-0.05584631
6.216642	0.08174378	-0.01154293	0.10891644	0.02357995	0.01030961	-0.07487021
6.233309	0.08220837	-0.01134151	0.10751349	0.01236134	0.01041417	-0.08821283
6.249975	0.08224668	-0.01116434	0.10589032	-0.00205682	0.00904149	-0.09546861
6.266642	0.08194048	-0.01104690	0.10417877	-0.01632611	0.00664257	-0.09703488
6.283309	0.08143114	-0.01097422	0.10246977	-0.02723228	0.00417775	-0.09374532
6.299975	0.08095752	-0.01089284	0.10087740	-0.03392106	0.00100647	-0.08614123
6.316642	0.08035801	-0.01089134	0.09951507	-0.03658551	-0.00248836	-0.07649276
6.333308	0.07967015	-0.01093473	0.09837903	-0.03658849	-0.00561890	-0.06569102
6.349975	0.07897078	-0.01111629	0.09739474	-0.03476387	-0.00763426	-0.05359015
6.366642	0.07837897	-0.01130928	0.09654128	-0.03073451	-0.00818776	-0.04007046
6.383308	0.07796614	-0.01146525	0.09589362	-0.02573824	-0.00815666	-0.02589977
6.399975	0.07761098	-0.01155541	0.09560401	-0.02218415	-0.00885904	-0.01073488
6.416641	0.07731757	-0.01162079	0.09563331	-0.02101869	-0.01100214	0.00573399
6.433308	0.07699942	-0.01180709	0.09585125	-0.02051093	-0.01295494	0.02261063
6.449975	0.07659648	-0.01212663	0.09632773	-0.01956765	-0.01346399	0.03921677
6.466641	0.07622604	-0.01247717	0.09707496	-0.01777011	-0.01260598	0.05612611
6.483308	0.07594272	-0.01266739	0.09818776	-0.01358377	-0.01062749	0.07363706
6.499974	0.07575252	-0.01271582	0.09959215	-0.00373287	-0.00704839	0.08881839
6.516641	0.07567406	-0.01278024	0.10125160	0.01164068	-0.00305615	0.09822810
6.533308	0.07580186	-0.01288597	0.10313239	0.02814334	-0.00010891	0.09864339
6.549974	0.07653490	-0.01288215	0.10491476	0.04007977	0.00157946	0.08979087
6.566641	0.07760049	-0.01279609	0.10648076	0.04571396	0.00290441	0.07290325
6.583307	0.07867286	-0.01263607	0.10748945	0.04549015	0.00400156	0.05028733
6.599974	0.07926854	-0.01260900	0.10810110	0.04055561	0.00497404	0.02476441
6.616641	0.07966830	-0.01257982	0.10827689	0.03399896	0.00601866	-0.00001613
6.633307	0.08012708	-0.01252459	0.10807263	0.03029556	0.00732051	-0.02345575
6.649974	0.08072615	-0.01232290	0.10746041	0.02957382	0.00867617	-0.04521175
6.666640	0.08127598	-0.01210092	0.10654312	0.02710420	0.00860011	-0.06270143
6.683307	0.08177906	-0.01192684	0.10519253	0.01954347	0.00660282	-0.07332473
6.699974	0.08204263	-0.01185234	0.10376841	0.00740341	0.00293144	-0.07732936
6.716640	0.08214398	-0.01186835	0.10231090	-0.00604841	-0.00043671	-0.07660359
6.733307	0.08185039	-0.01191916	0.10117869	-0.01858517	-0.00272093	-0.07153968
6.749973	0.08134641	-0.01201137	0.10007189	-0.02920233	-0.00364481	-0.06398714
6.766640	0.08072139	-0.01206145	0.09901249	-0.03673259	-0.00308805	-0.05568641
6.783307	0.08005614	-0.01213477	0.09809453	-0.03963020	-0.00202419	-0.04787259
6.799973	0.07934926	-0.01215628	0.09734416	-0.03918048	-0.00154930	-0.03852639
6.816640	0.07864176	-0.01213228	0.09686127	-0.03668576	-0.00164654	-0.02908219
6.833306	0.07804171	-0.01214825	0.09644279	-0.03369709	-0.00259314	-0.01994860
6.849973	0.07755253	-0.01219941	0.09622595	-0.02997347	-0.00522849	-0.01073227
6.866640	0.07713029	-0.01229625	0.09602859	-0.02601012	-0.00919340	-0.00041045
6.883306	0.07667676	-0.01246893	0.09608790	-0.02463987	-0.01128550	0.00507342
6.899973	0.07631926	-0.01272015	0.09634112	-0.02264933	-0.01537839	0.01524529
6.916639	0.07597603	-0.01306196	0.09680612	-0.02065879	-0.01947128	0.02541716
