Time	thumb tip right X	thumb tip right Y	thumb tip right Z	thumb tip right v(X)	thumb tip right v(Y)	thumb tip right v(Z)
0.00000000	0.00000000	0.00000000	0.00000000	0.00000000	0.00000000	0.00000000
0.01666660	0.01666660	0.01666660	0.01666660	0.01666660	0.01666660	0.01666660
0.000000	0.09553223	-0.02354156	0.10398204	0.01019541	0.00113131	-0.01305693
0.016667	0.09575417	-0.02347098	0.10380380	0.00821407	-0.00007331	-0.01409439
0.033333	0.09586016	-0.02352275	0.10353382	0.00623273	-0.00127794	-0.01513185
0.050000	0.09591233	-0.02356042	0.10326207	0.00787913	-0.00004463	-0.01376374
0.066666	0.09597126	-0.02362430	0.10297941	0.00803895	0.00027177	-0.01208895
0.083333	0.09619132	-0.02354413	0.10281719	0.00840421	0.00094455	-0.00917535
0.100000	0.09638637	-0.02348844	0.10269085	0.00829804	0.00066662	-0.00686376
0.116666	0.09656759	-0.02345715	0.10265794	0.00688161	-0.00114276	-0.00632844
0.133333	0.09659193	-0.02349264	0.10259407	0.00490615	-0.00359936	-0.00708214
0.149999	0.09664382	-0.02361771	0.10246059	0.00333102	-0.00481592	-0.00772915
0.166666	0.09665105	-0.02375566	0.10224892	0.00199363	-0.00453547	-0.00830497
0.183333	0.09675161	-0.02384797	0.10207748	0.00066847	-0.00316930	-0.00798240
0.199999	0.09676363	-0.02386181	0.10198727	-0.00048641	-0.00121817	-0.00668592
0.216666	0.09672993	-0.02381460	0.10190295	-0.00084773	0.00044245	-0.00474328
0.233332	0.09662332	-0.02380905	0.10184649	-0.00094496	0.00101844	-0.00288655
0.249999	0.09660904	-0.02377480	0.10176536	-0.00034619	0.00067062	-0.00111282
0.266666	0.09666212	-0.02378120	0.10177065	0.00048634	0.00098084	0.00079036
0.283332	0.09671164	-0.02377946	0.10181162	-0.00006005	0.00257607	0.00265283
0.299999	0.09672677	-0.02377003	0.10189557	-0.00278660	0.00520466	0.00447949
0.316665	0.09667276	-0.02365806	0.10198500	-0.00589593	0.00834926	0.00645078
0.333332	0.09649858	-0.02346913	0.10206857	-0.00747013	0.01150697	0.00845000
0.349999	0.09629822	-0.02320530	0.10221712	-0.00758886	0.01401144	0.01057141
0.366665	0.09612818	-0.02296416	0.10244162	-0.00742587	0.01482369	0.01300776
0.383332	0.09610122	-0.02268644	0.10267734	-0.00734004	0.01424367	0.01526556
0.399998	0.09604347	-0.02244865	0.10297124	-0.00818550	0.01295964	0.01611679
0.416665	0.09588712	-0.02224483	0.10324308	-0.00981577	0.01127272	0.01569020
0.433332	0.09566442	-0.02207645	0.10355255	-0.01095448	0.00922902	0.01478592
0.449998	0.09538044	-0.02194511	0.10375962	-0.01003582	0.00740292	0.01380293
0.466665	0.09522721	-0.02183504	0.10395999	-0.00776201	0.00605693	0.01304315
0.483331	0.09514090	-0.02175695	0.10415004	-0.00488279	0.00500802	0.01236958
0.499998	0.09515347	-0.02169117	0.10436936	-0.00241750	0.00380819	0.01189345
0.516665	0.09512036	-0.02161326	0.10460270	-0.00093185	0.00284584	0.01062554
0.533331	0.09510081	-0.02157572	0.10477296	-0.00084162	0.00068359	0.00812698
0.549998	0.09507805	-0.02156862	0.10490879	-0.00117746	-0.00274558	0.00469929
0.566664	0.09510097	-0.02157763	0.10494126	-0.00107043	-0.00610828	0.00160285
0.583331	0.09504128	-0.02178614	0.10491036	-0.00036042	-0.00767006	-0.00051812
0.599998	0.09504616	-0.02197282	0.10485213	0.00123796	-0.00776103	-0.00157461
0.616664	0.09501331	-0.02219127	0.10481520	0.00366395	-0.00664935	-0.00206237
0.633331	0.09512864	-0.02219118	0.10480708	0.00630806	-0.00435810	-0.00315150
0.649997	0.09527745	-0.02221481	0.10479394	0.00837031	-0.00183365	-0.00525410
0.666664	0.09548047	-0.02222773	0.10469996	0.00876486	-0.00038319	-0.00801529
0.683331	0.09564137	-0.02225232	0.10451258	0.00691003	-0.00053218	-0.01026284
0.699997	0.09576961	-0.02224368	0.10426388	0.00474853	-0.00042578	-0.01109657
0.716664	0.09577964	-0.02223927	0.10403553	0.00375015	-0.00072597	-0.01108185
0.733330	0.09576857	-0.02225561	0.10388882	0.00444772	-0.00065748	-0.01110759
0.749997	0.09580883	-0.02226541	0.10377730	0.00551535	-0.00026735	-0.01237271
0.766664	0.09597829	-0.02232783	0.10358624	0.00606688	0.00044529	-0.01538249
0.783330	0.09618549	-0.02226919	0.10330771	0.00639844	0.00093911	-0.01881812
0.799997	0.09627295	-0.02225126	0.10288824	0.00669307	0.00074214	-0.02048657
0.816663	0.09628045	-0.02217529	0.10246367	0.00703017	-0.00016853	-0.01997296
0.833330	0.09636222	-0.02220687	0.10210892	0.00803291	-0.00214667	-0.01778878
0.849997	0.09654330	-0.02228286	0.10189693	0.01008187	-0.00413183	-0.01388738
0.866663	0.09680942	-0.02236703	0.10171560	0.01235594	-0.00521819	-0.00919085
0.883330	0.09701215	-0.02251137	0.10155955	0.01319481	-0.00433111	-0.00570616
0.899996	0.09722468	-0.02257928	0.10149596	0.01165071	-0.00273252	-0.00493342
0.916663	0.09744040	-0.02262590	0.10151371	0.00855975	-0.00152770	-0.00556765
0.933330	0.09760489	-0.02256570	0.10147605	0.00529589	-0.00022959	-0.00593575
0.949996	0.09764884	-0.02254513	0.10127691	0.00192431	0.00120493	-0.00623497
0.966663	0.09759045	-0.02258641	0.10107145	-0.00104052	0.00235882	-0.00659189
0.983329	0.09752727	-0.02254061	0.10099671	-0.00274220	0.00232041	-0.00567681
0.999996	0.09747098	-0.02247273	0.10097668	-0.00252956	0.00208052	-0.00338139
1.016663	0.09743468	-0.02235270	0.10094527	-0.00130695	0.00181975	-0.00147712
1.033329	0.09740943	-0.02237936	0.10089330	-0.00051178	0.00093225	-0.00060447
1.049996	0.09743431	-0.02240860	0.10088442	-0.00030376	-0.00017872	-0.00003945
1.066662	0.09745821	-0.02242910	0.10091408	-0.00022084	-0.00054569	0.00094451
1.083329	0.09744101	-0.02243303	0.10095000	-0.00019565	0.00011532	0.00145984
1.099996	0.09740914	-0.02240429	0.10097166	-0.00094891	0.00045546	0.00107069
1.116662	0.09739400	-0.02239533	0.10101327	-0.00223101	0.00115673	0.00173283
1.133329	0.09739855	-0.02237552	0.10099119	-0.00402936	0.00383516	0.00551882
1.149995	0.09732077	-0.02237308	0.10101490	-0.00614664	0.00810070	0.01110029
1.166662	0.09719308	-0.02224874	0.10121236	-0.00802654	0.01185495	0.01614667
1.183329	0.09697823	-0.02191192	0.10167435	-0.00854335	0.01356585	0.01929581
1.199995	0.09680872	-0.02154999	0.10214894	-0.00761534	0.01314675	0.01981974
1.216662	0.09668010	-0.02129660	0.10249683	-0.00591605	0.00995202	0.01730527
1.233328	0.09665228	-0.02125058	0.10265452	-0.00427229	0.00530285	0.01268727
1.249995	0.09661287	-0.02124997	0.10279755	-0.00341823	0.00140941	0.00909388
1.266662	0.09657127	-0.02128869	0.10292263	-0.00382123	0.00007581	0.00826988
1.283328	0.09648307	-0.02127047	0.10303861	-0.00525700	0.00075574	0.00946663
1.299995	0.09640425	-0.02127889	0.10319003	-0.00619060	0.00236404	0.01118873
1.316661	0.09626712	-0.02120254	0.10339224	-0.00609330	0.00440398	0.01278555
1.333328	0.09613236	-0.02114498	0.10365446	-0.00572963	0.00521961	0.01300713
1.349995	0.09604403	-0.02099090	0.10392567	-0.00498006	0.00463517	0.01157382
1.366661	0.09600476	-0.02086309	0.10413191	-0.00344468	0.00329095	0.00899486
1.383328	0.09593936	-0.02085174	0.10422193	-0.00145805	0.00181210	0.00599677
1.399994	0.09592123	-0.02087815	0.10425863	0.00023645	0.00016277	0.00307893
1.416661	0.09591509	-0.02092653	0.10427485	0.00115850	-0.00065270	0.00073847
1.433328	0.09601127	-0.02090906	0.10430658	0.00170109	-0.00043517	-0.00096001
1.449994	0.09605840	-0.02089757	0.10427831	0.00163086	-0.00005557	-0.00271996
1.466661	0.09606649	-0.02090151	0.10421376	0.00077140	-0.00056747	-0.00469876
1.483327	0.09606101	-0.02089715	0.10410700	-0.00005361	-0.00217462	-0.00631421
1.499994	0.09602877	-0.02093832	0.10396978	0.00021387	-0.00429955	-0.00732507
1.516661	0.09602755	-0.02101924	0.10383736	0.00073307	-0.00680983	-0.00853970
1.533327	0.09605705	-0.02116487	0.10370864	0.00083432	-0.00829295	-0.00958558
1.549994	0.09611096	-0.02135744	0.10356071	0.00146434	-0.00794894	-0.00997935
1.566660	0.09613285	-0.02154998	0.10334170	0.00376043	-0.00640043	-0.01064890
1.583327	0.09611118	-0.02162239	0.10315058	0.00681850	-0.00471029	-0.01286176
1.599994	0.09622836	-0.02162868	0.10298467	0.00960093	-0.00373034	-0.01609824
1.616660	0.09650326	-0.02161767	0.10274983	0.01232867	-0.00416240	-0.01976427
1.633327	0.09679721	-0.02170856	0.10234829	0.01379551	-0.00642032	-0.02404040
1.649993	0.09704076	-0.02185776	0.10185767	0.01259291	-0.00891400	-0.02660643
1.666660	0.09722295	-0.02205163	0.10133216	0.00998050	-0.00962854	-0.02492687
1.683327	0.09735116	-0.02227439	0.10084427	0.00752962	-0.00815128	-0.01933642
1.699993	0.09744196	-0.02241424	0.10056260	0.00596220	-0.00543912	-0.01271704
1.716660	0.09752305	-0.02246132	0.10047986	0.00463387	-0.00208932	-0.00673930
1.733326	0.09758952	-0.02242900	0.10053527	0.00384776	0.00051167	-0.00244488
1.749993	0.09767690	-0.02237184	0.10051990	0.00303381	0.00100329	-0.00089765
1.766660	0.09768200	-0.02232263	0.10048757	0.00208137	-0.00027096	-0.00154980
1.783326	0.09775306	-0.02233278	0.10044177	0.00109129	-0.00185713	-0.00272163
1.799993	0.09771468	-0.02242018	0.10039435	0.00008516	-0.00290666	-0.00341022
1.816659	0.09774369	-0.02252579	0.10034572	-0.00059948	-0.00300641	-0.00355618
1.833326	0.09770522	-0.02257187	0.10026552	-0.00072681	-0.00276268	-0.00343119
1.849993	0.09767661	-0.02258440	0.10018709	0.00011575	-0.00249703	-0.00336809
1.866659	0.09767407	-0.02256198	0.10015706	0.00106544	-0.00257952	-0.00282088
1.883326	0.09769517	-0.02265058	0.10010846	0.00185725	-0.00258234	-0.00134130
1.899992	0.09778669	-0.02271854	0.10008346	0.00139542	-0.00242990	0.00095904
1.916659	0.09783300	-0.02280768	0.10008129	-0.00075862	-0.00210159	0.00325253
1.933326	0.09782599	-0.02277439	0.10016850	-0.00399297	-0.00003288	0.00650267
1.949992	0.09771425	-0.02276750	0.10034098	-0.00778991	0.00344042	0.01102523
1.966659	0.09749905	-0.02275349	0.10049094	-0.01088758	0.00719219	0.01563805
1.983325	0.09730404	-0.02258595	0.10081428	-0.01279758	0.00936439	0.01834299
1.999992	0.09703431	-0.02236144	0.10118783	-0.01292975	0.00976670	0.01911003
2.016659	0.09684255	-0.02206010	0.10162256	-0.01197324	0.00821863	0.01946565
2.033325	0.09660941	-0.02196867	0.10189644	-0.01101208	0.00635755	0.02068997
2.049992	0.09647755	-0.02197230	0.10210832	-0.01031839	0.00549224	0.02285121
2.066658	0.09633294	-0.02200676	0.10246035	-0.00990935	0.00633253	0.02461790
2.083325	0.09616397	-0.02185631	0.10301080	-0.00963546	0.00812623	0.02527079
2.099992	0.09598597	-0.02160870	0.10359819	-0.00959527	0.00832688	0.02292404
2.116658	0.09581035	-0.02134440	0.10398951	-0.00880696	0.00643132	0.01691005
2.133325	0.09566752	-0.02128017	0.10414868	-0.00732738	0.00118364	0.00868126
2.149991	0.09556124	-0.02136958	0.10414778	-0.00525968	-0.00520200	0.00179828
2.166658	0.09548622	-0.02150237	0.10408801	-0.00327916	-0.01005024	-0.00142877
2.183325	0.09545690	-0.02179426	0.10400041	-0.00165281	-0.01132726	-0.00167624
2.199991	0.09546145	-0.02198647	0.10397714	-0.00095267	-0.01013251	-0.00028554
2.216658	0.09545911	-0.02222548	0.10400190	-0.00197873	-0.00776307	0.00120372
2.233324	0.09546836	-0.02224544	0.10405980	-0.00387178	-0.00518665	0.00167650
2.249991	0.09537879	-0.02228131	0.10413300	-0.00416996	-0.00234427	0.00108295
2.266658	0.09521586	-0.02230009	0.10413186	-0.00270573	-0.00031036	-0.00061676
2.283324	0.09509356	-0.02234094	0.10409639	-0.00074487	0.00025120	-0.00268691
2.299991	0.09517552	-0.02228208	0.10403541	0.00183136	0.00127002	-0.00394297
2.316657	0.09531870	-0.02227288	0.10391488	0.00477703	0.00305244	-0.00368280
2.333324	0.09541992	-0.02220478	0.10385026	0.00617585	0.00388636	-0.00354355
2.349991	0.09548502	-0.02215106	0.10379139	0.00570523	0.00302817	-0.00437992
2.366657	0.09558348	-0.02200455	0.10382163	0.00517054	0.00102858	-0.00671211
2.383324	0.09567087	-0.02201308	0.10369405	0.00578715	-0.00223776	-0.01078379
2.399990	0.09577059	-0.02207048	0.10348602	0.00699892	-0.00660900	-0.01667078
2.416657	0.09585535	-0.02226948	0.10311346	0.00842455	-0.01048842	-0.02315504
2.433324	0.09603077	-0.02248470	0.10268561	0.01044728	-0.01184131	-0.02792168
2.449990	0.09621260	-0.02275754	0.10213626	0.01285309	-0.01091320	-0.03009246
2.466657	0.09646045	-0.02294588	0.10156329	0.01494674	-0.00800848	-0.02884161
2.483323	0.09673128	-0.02304910	0.10103397	0.01688115	-0.00333436	-0.02429823
2.499990	0.09703077	-0.02305519	0.10064094	0.01839027	0.00168490	-0.01796361
2.516657	0.09734072	-0.02298922	0.10043698	0.01875628	0.00479666	-0.01225234
2.533323	0.09770279	-0.02280218	0.10038155	0.01782681	0.00462052	-0.00844713
2.549990	0.09800507	-0.02266988	0.10031050	0.01461437	0.00149741	-0.00753078
2.566656	0.09827450	-0.02260996	0.10019392	0.00900481	-0.00334591	-0.00942532
2.583323	0.09839912	-0.02280125	0.09999812	0.00337650	-0.00649042	-0.01117923
2.599990	0.09835040	-0.02303416	0.09975665	-0.00056874	-0.00680063	-0.01132143
2.616656	0.09819154	-0.02327566	0.09949006	-0.00233010	-0.00489044	-0.01037483
2.633323	0.09812094	-0.02320688	0.09937568	-0.00238710	-0.00210161	-0.00962529
2.649989	0.09812035	-0.02314795	0.09926919	-0.00134443	0.00093052	-0.00847850
2.666656	0.09821101	-0.02305208	0.09919415	-0.00036489	0.00291492	-0.00715173
2.683323	0.09816925	-0.02312856	0.09896524	-0.00047155	0.00308080	-0.00636465
2.699989	0.09814800	-0.02305268	0.09887200	-0.00076935	0.00297763	-0.00532696
2.716656	0.09808043	-0.02298650	0.09879187	0.00001259	0.00337256	-0.00306373
2.733322	0.09807840	-0.02286504	0.09879962	0.00155587	0.00283813	-0.00048105
2.749989	0.09814902	-0.02283284	0.09880325	0.00267473	-0.00019489	0.00105955
2.766656	0.09825129	-0.02281142	0.09885269	0.00350462	-0.00362501	0.00198499
2.783322	0.09831738	-0.02295350	0.09888124	0.00330915	-0.00579616	0.00208148
2.799989	0.09834652	-0.02312969	0.09894069	0.00196316	-0.00615977	0.00126072
2.816655	0.09837005	-0.02329539	0.09895903	-0.00011690	-0.00502028	-0.00023455
2.833322	0.09837933	-0.02332177	0.09896691	-0.00202377	-0.00229060	-0.00105311
2.849988	0.09832942	-0.02330705	0.09888405	-0.00373693	0.00063530	-0.00092414
2.866655	0.09822147	-0.02325544	0.09882621	-0.00562089	0.00250933	0.00044130
2.883322	0.09810908	-0.02320352	0.09884603	-0.00740833	0.00343261	0.00291513
2.899988	0.09798200	-0.02313956	0.09893271	-0.00871688	0.00489376	0.00705919
2.916655	0.09783350	-0.02308113	0.09909908	-0.01004160	0.00642706	0.01182229
2.933321	0.09765105	-0.02296709	0.09927855	-0.01123224	0.00717564	0.01584506
2.949988	0.09744861	-0.02277957	0.09962422	-0.01185970	0.00710755	0.01885027
2.966655	0.09721313	-0.02262712	0.10000195	-0.01174112	0.00674991	0.02159921
2.983321	0.09702047	-0.02254058	0.10039309	-0.01158235	0.00616626	0.02398758
2.999988	0.09683628	-0.02250484	0.10077026	-0.01118277	0.00556064	0.02483188
3.016654	0.09669533	-0.02242417	0.10119358	-0.01043059	0.00555833	0.02416151
3.033321	0.09648061	-0.02229404	0.10166829	-0.00937246	0.00649165	0.02255225
3.049988	0.09632649	-0.02217054	0.10205687	-0.00838063	0.00743382	0.02066918
3.066654	0.09617624	-0.02204943	0.10233935	-0.00731676	0.00720476	0.01867894
3.083321	0.09611838	-0.02191462	0.10257339	-0.00570083	0.00614225	0.01668937
3.099988	0.09601955	-0.02180274	0.10283194	-0.00378115	0.00454752	0.01486244
3.116654	0.09594981	-0.02173729	0.10314318	-0.00194614	0.00276365	0.01327073
3.133321	0.09591474	-0.02171819	0.10336750	-0.00081834	0.00106014	0.01134311
3.149987	0.09595483	-0.02174934	0.10350998	-0.00030175	-0.00025655	0.00837244
3.166654	0.09599830	-0.02175176	0.10360505	-0.00036277	-0.00089015	0.00487132
3.183321	0.09598695	-0.02177815	0.10366658	0.00045929	-0.00029943	0.00266620
3.199987	0.09592062	-0.02178532	0.10369358	0.00246701	0.00100869	0.00177574
3.216654	0.09590422	-0.02178846	0.10365864	0.00556359	0.00171584	0.00087317
3.233320	0.09607249	-0.02171179	0.10369455	0.00865813	0.00179183	-0.00058092
3.249987	0.09631813	-0.02163340	0.10371856	0.01028043	0.00194534	-0.00236084
3.266654	0.09659296	-0.02162524	0.10368612	0.00977203	0.00217729	-0.00465007
3.283320	0.09672035	-0.02163983	0.10356703	0.00840094	0.00180625	-0.00783462
3.299987	0.09676621	-0.02160987	0.10337715	0.00807773	0.00102338	-0.01130377
3.316653	0.09681776	-0.02154146	0.10317965	0.00936873	0.00012243	-0.01439447
3.333320	0.09699711	-0.02151367	0.10292020	0.01168692	-0.00115976	-0.01703832
3.349987	0.09729987	-0.02157958	0.10260869	0.01305086	-0.00318039	-0.02003026
3.366653	0.09759853	-0.02167585	0.10225511	0.01302594	-0.00540503	-0.02263577
3.383320	0.09781433	-0.02178463	0.10184499	0.01133141	-0.00746246	-0.02348067
3.399986	0.09790814	-0.02190279	0.10138649	0.00944760	-0.00943211	-0.02258977
3.416653	0.09803762	-0.02204989	0.10098492	0.00866055	-0.01079131	-0.02017238
3.433320	0.09814221	-0.02228269	0.10067735	0.00919789	-0.01087076	-0.01670140
3.449986	0.09835660	-0.02252740	0.10046242	0.00928484	-0.00983540	-0.01335447
3.466653	0.09852923	-0.02269893	0.10030206	0.00794753	-0.00775828	-0.01185604
3.483319	0.09871614	-0.02276939	0.10014099	0.00531433	-0.00468032	-0.01217232
3.499986	0.09874197	-0.02279395	0.09996002	0.00196499	-0.00176190	-0.01283394
3.516653	0.09872902	-0.02280761	0.09968176	-0.00055056	0.00038405	-0.01210206
3.533319	0.09863914	-0.02278551	0.09942056	-0.00099235	0.00099187	-0.01009565
3.549986	0.09859592	-0.02275576	0.09923694	0.00028864	0.00045294	-0.00760845
3.566652	0.09860880	-0.02268705	0.09922130	0.00118372	-0.00057401	-0.00550153
3.583319	0.09872553	-0.02274134	0.09921010	0.00120719	-0.00127071	-0.00416959
3.599986	0.09878810	-0.02279801	0.09915502	0.00067257	-0.00190684	-0.00319575
3.616652	0.09875641	-0.02288531	0.09901207	-0.00047784	-0.00251407	-0.00184067
3.633319	0.09866346	-0.02286568	0.09894202	-0.00247841	-0.00304106	0.00056759
3.649985	0.09863588	-0.02289395	0.09899369	-0.00470387	-0.00387912	0.00387663
3.666652	0.09859806	-0.02295250	0.09915676	-0.00656116	-0.00488528	0.00694151
3.683319	0.09849594	-0.02310045	0.09932417	-0.00894271	-0.00567930	0.00864625
3.699985	0.09827010	-0.02323260	0.09948254	-0.01149938	-0.00479318	0.00929885
3.716652	0.09804548	-0.02332358	0.09959593	-0.01382096	-0.00275131	0.00958003
3.733318	0.09775915	-0.02334253	0.09975363	-0.01567892	-0.00000022	0.01043819
3.749985	0.09756415	-0.02327125	0.09993713	-0.01701380	0.00294240	0.01204272
3.766652	0.09723883	-0.02322075	0.10015351	-0.01698855	0.00596267	0.01385136
3.783318	0.09693087	-0.02310602	0.10041048	-0.01553978	0.00794817	0.01463624
3.799985	0.09658412	-0.02296059	0.10067849	-0.01334639	0.00862458	0.01429776
3.816651	0.09642576	-0.02273772	0.10095507	-0.01078569	0.00816772	0.01319589
3.833318	0.09632862	-0.02258591	0.10114630	-0.00915028	0.00637750	0.01251140
3.849985	0.09625744	-0.02250087	0.10130893	-0.00889234	0.00369457	0.01255104
3.866651	0.09609217	-0.02249892	0.10146319	-0.00922620	0.00194797	0.01365049
3.883318	0.09586458	-0.02252478	0.10173044	-0.00851411	0.00225608	0.01523315
3.899984	0.09564967	-0.02253468	0.10202074	-0.00696681	0.00348215	0.01594300
3.916651	0.09558997	-0.02241556	0.10236614	-0.00462474	0.00439919	0.01474938
3.933318	0.09559971	-0.02227081	0.10260510	-0.00249372	0.00426088	0.01173147
3.949984	0.09560763	-0.02215515	0.10277605	-0.00097279	0.00347895	0.00840745
3.966651	0.09557426	-0.02216049	0.10283072	-0.00043933	0.00189029	0.00627010
3.983317	0.09550837	-0.02220751	0.10286751	0.00015944	0.00089857	0.00625091
3.999984	0.09554692	-0.02217997	0.10295100	0.00216720	0.00204714	0.00793151
4.016651	0.09557223	-0.02217471	0.10311853	0.00534198	0.00450542	0.00984185
4.033317	0.09569464	-0.02205079	0.10334732	0.00768333	0.00644970	0.01042281
4.049984	0.09587459	-0.02189130	0.10358749	0.00858795	0.00730836	0.00951965
4.066650	0.09607988	-0.02173586	0.10371906	0.00870459	0.00718713	0.00718339
4.083317	0.09622079	-0.02160400	0.10379671	0.00802289	0.00580562	0.00335527
4.099984	0.09630614	-0.02156031	0.10381988	0.00663861	0.00415726	-0.00082977
4.116650	0.09638974	-0.02149816	0.10380568	0.00517583	0.00273031	-0.00488838
4.133317	0.09649933	-0.02148522	0.10367638	0.00519702	0.00162760	-0.00864293
4.149983	0.09656195	-0.02144493	0.10349371	0.00591057	-0.00021751	-0.01268772
4.166650	0.09663460	-0.02143479	0.10321318	0.00633775	-0.00295877	-0.01698698
4.183317	0.09677660	-0.02147573	0.10295691	0.00668025	-0.00574985	-0.02115198
4.199983	0.09690059	-0.02164012	0.10254852	0.00761952	-0.00815066	-0.02475789
4.216650	0.09704420	-0.02183859	0.10210665	0.00883795	-0.00925051	-0.02695944
4.233316	0.09714372	-0.02203796	0.10155500	0.01007766	-0.00910196	-0.02719327
4.249983	0.09732997	-0.02216768	0.10106319	0.01032118	-0.00864315	-0.02625096
4.266650	0.09755252	-0.02225315	0.10066365	0.00951450	-0.00811945	-0.02452450
4.283316	0.09778001	-0.02236876	0.10034336	0.00834234	-0.00702726	-0.02146037
4.299983	0.09785851	-0.02254627	0.09996106	0.00677175	-0.00607925	-0.01848232
4.316649	0.09790291	-0.02267169	0.09964402	0.00475952	-0.00612682	-0.01654334
4.333316	0.09795021	-0.02270942	0.09939667	0.00319251	-0.00635838	-0.01498388
4.349983	0.09805170	-0.02274660	0.09922700	0.00281342	-0.00619929	-0.01252474
4.366649	0.09808533	-0.02290215	0.09901414	0.00188378	-0.00624484	-0.01041223
4.383316	0.09811008	-0.02306559	0.09880972	-0.00006605	-0.00644107	-0.00914052
4.399982	0.09810925	-0.02318893	0.09870058	-0.00158895	-0.00538898	-0.00761043
4.416649	0.09803665	-0.02323275	0.09858721	-0.00136160	-0.00288698	-0.00466643
4.433316	0.09796547	-0.02326656	0.09852026	-0.00060931	-0.00067767	-0.00129384
4.449982	0.09794661	-0.02324693	0.09848443	0.00035431	0.00070853	0.00198585
4.466649	0.09803835	-0.02320643	0.09857433	0.00076127	0.00131411	0.00473278
4.483315	0.09808395	-0.02318129	0.09871831	-0.00026010	0.00153387	0.00692981
4.499982	0.09810534	-0.02314256	0.09888733	-0.00305866	0.00139650	0.00880159
4.516649	0.09798668	-0.02314934	0.09899466	-0.00591415	0.00130451	0.01039636
4.533315	0.09784016	-0.02311685	0.09915562	-0.00720940	0.00269630	0.01218316
4.549982	0.09763309	-0.02309943	0.09936365	-0.00745523	0.00539522	0.01432272
4.566648	0.09753943	-0.02303537	0.09966584	-0.00686794	0.00825849	0.01634660
4.583315	0.09747761	-0.02280678	0.09997772	-0.00551721	0.01026882	0.01757916
4.599982	0.09739537	-0.02258081	0.10028768	-0.00382619	0.01192397	0.01865465
4.616648	0.09730645	-0.02232775	0.10056923	-0.00331895	0.01254690	0.01944494
4.633315	0.09725347	-0.02219029	0.10087324	-0.00378811	0.01163044	0.01954846
4.649981	0.09725463	-0.02198501	0.10125638	-0.00371268	0.01023719	0.01901418
4.666648	0.09718665	-0.02180327	0.10161054	-0.00349478	0.00920678	0.01848605
4.683314	0.09706369	-0.02165975	0.10189690	-0.00407232	0.00830243	0.01713130
4.699981	0.09702110	-0.02153660	0.10212460	-0.00539853	0.00660006	0.01486218
4.716648	0.09693791	-0.02144541	0.10237848	-0.00621772	0.00560863	0.01293892
4.733315	0.09687482	-0.02136059	0.10258553	-0.00642015	0.00557512	0.01168893
4.749981	0.09667704	-0.02131183	0.10276490	-0.00658846	0.00579161	0.01048856
4.766647	0.09655183	-0.02119361	0.10291425	-0.00589023	0.00566150	0.00944797
4.783314	0.09646826	-0.02106646	0.10305896	-0.00412101	0.00518236	0.00905760
4.799981	0.09641486	-0.02095795	0.10319753	-0.00139848	0.00398637	0.00795882
4.816648	0.09644383	-0.02091517	0.10335332	0.00024513	0.00165597	0.00574338
4.833314	0.09644146	-0.02091324	0.10349010	0.00049066	-0.00116193	0.00304778
4.849980	0.09652992	-0.02095526	0.10348854	-0.00029162	-0.00314053	0.00057936
4.866647	0.09649558	-0.02103965	0.10342915	-0.00115339	-0.00327966	-0.00139125
4.883314	0.09644309	-0.02115641	0.10334022	-0.00141588	-0.00158957	-0.00234724
4.899981	0.09636389	-0.02119317	0.10332154	-0.00096124	0.00105711	-0.00197166
4.916647	0.09634381	-0.02113464	0.10331713	0.00077479	0.00371149	-0.00089679
4.933313	0.09641196	-0.02097298	0.10330391	0.00232716	0.00519998	0.00043374
4.949980	0.09648231	-0.02084605	0.10330474	0.00325163	0.00506649	0.00131783
4.966647	0.09658353	-0.02076094	0.10332151	0.00390285	0.00365689	0.00136678
4.983314	0.09659730	-0.02076343	0.10340111	0.00529187	0.00238339	0.00009511
4.999980	0.09664703	-0.02075174	0.10343359	0.00746749	0.00154832	-0.00338917
5.016646	0.09677627	-0.02074648	0.10337730	0.00977606	0.00054401	-0.00983909
5.033313	0.09701877	-0.02066685	0.10318724	0.01134978	-0.00132291	-0.01755666
5.049980	0.09729417	-0.02068729	0.10280112	0.01115680	-0.00429451	-0.02334217
5.066647	0.09749533	-0.02076833	0.10225233	0.00907674	-0.00744933	-0.02504992
5.083313	0.09759509	-0.02099375	0.10170581	0.00568817	-0.01014272	-0.02321659
5.099979	0.09763867	-0.02122567	0.10131750	0.00271325	-0.01147672	-0.01954504
5.116646	0.09763716	-0.02141590	0.10116509	0.00179392	-0.01108896	-0.01520286
5.133313	0.09763476	-0.02159364	0.10100564	0.00280940	-0.01062098	-0.01255212
5.149979	0.09765756	-0.02173417	0.10080540	0.00518764	-0.01169489	-0.01323854
5.166646	0.09778305	-0.02187338	0.10057569	0.00831008	-0.01302791	-0.01525837
5.183312	0.09795570	-0.02214871	0.10027618	0.01016166	-0.01312219	-0.01639022
5.199979	0.09820050	-0.02244779	0.09996434	0.00879116	-0.01195699	-0.01664589
5.216646	0.09842196	-0.02270374	0.09968005	0.00484290	-0.00966642	-0.01677002
5.233312	0.09848445	-0.02277730	0.09942061	0.00070460	-0.00626835	-0.01629713
5.249979	0.09835672	-0.02279201	0.09919369	-0.00211527	-0.00274008	-0.01464660
5.266645	0.09818131	-0.02281388	0.09888020	-0.00291144	-0.00049256	-0.01226929
5.283312	0.09812553	-0.02282487	0.09867346	-0.00129998	0.00080500	-0.00924785
5.299979	0.09819828	-0.02281257	0.09855103	0.00152782	0.00253014	-0.00523513
5.316645	0.09828353	-0.02277334	0.09852374	0.00319352	0.00407424	-0.00101164
5.333312	0.09837057	-0.02265645	0.09857260	0.00287933	0.00479762	0.00162423
5.349978	0.09839536	-0.02253340	0.09863145	0.00120245	0.00480969	0.00282561
5.366645	0.09839431	-0.02244668	0.09871645	-0.00166439	0.00389647	0.00370746
5.383312	0.09837100	-0.02241167	0.09874326	-0.00476072	0.00181283	0.00570359
5.399978	0.09828079	-0.02239779	0.09879477	-0.00719863	0.00005113	0.00943441
5.416645	0.09808925	-0.02240920	0.09894699	-0.00895895	-0.00043300	0.01387483
5.433311	0.09789836	-0.02247120	0.09924960	-0.01010083	0.00027708	0.01791641
5.449978	0.09770951	-0.02246889	0.09968954	-0.01118325	0.00174192	0.02088477
5.466645	0.09757826	-0.02243011	0.10007334	-0.01224530	0.00375887	0.02289245
5.483311	0.09739376	-0.02231157	0.10042394	-0.01235464	0.00627789	0.02409121
5.499978	0.09711646	-0.02218953	0.10077239	-0.01096324	0.00834388	0.02445760
5.516644	0.09685560	-0.02205336	0.10121683	-0.00785715	0.00938355	0.02460225
5.533311	0.09673307	-0.02185141	0.10171652	-0.00372788	0.01022507	0.02518768
5.549978	0.09677137	-0.02168045	0.10211634	0.00011973	0.01161415	0.02573404
5.566644	0.09691636	-0.02150331	0.10248911	0.00082109	0.01234428	0.02480874
5.583311	0.09695997	-0.02128511	0.10290077	-0.00229628	0.01156934	0.02230404
5.599977	0.09695308	-0.02103925	0.10334112	-0.00704623	0.01007721	0.01883723
5.616644	0.09667771	-0.02084411	0.10368613	-0.01066395	0.00864326	0.01489016
5.633311	0.09640143	-0.02077926	0.10383694	-0.01187624	0.00690615	0.01018197
5.649977	0.09613791	-0.02072717	0.10389252	-0.01043976	0.00477124	0.00555667
5.666644	0.09602307	-0.02062828	0.10396191	-0.00701903	0.00317783	0.00274078
5.683311	0.09597949	-0.02055287	0.10398224	-0.00467500	0.00198318	0.00213535
5.699977	0.09595872	-0.02052391	0.10401642	-0.00367129	0.00034099	0.00265693
5.716644	0.09592994	-0.02056132	0.10401902	-0.00348502	-0.00178664	0.00310184
5.733310	0.09579735	-0.02062434	0.10409734	-0.00241892	-0.00407113	0.00417964
5.749977	0.09573278	-0.02068623	0.10420408	-0.00098635	-0.00648227	0.00580436
5.766644	0.09570608	-0.02079765	0.10427195	0.00034731	-0.00838298	0.00650625
5.783310	0.09583833	-0.02095912	0.10443336	0.00093300	-0.00909925	0.00461442
5.799977	0.09588256	-0.02119216	0.10454401	0.00018105	-0.00838452	0.00207201
5.816643	0.09588257	-0.02135973	0.10459683	-0.00127689	-0.00714912	-0.00035048
5.833310	0.09577083	-0.02143162	0.10445242	-0.00163373	-0.00558241	-0.00350100
5.849977	0.09568334	-0.02143301	0.10436697	0.00117355	-0.00350683	-0.00654711
5.866643	0.09567924	-0.02150458	0.10426515	0.00706422	-0.00077804	-0.00789910
5.883310	0.09584862	-0.02156343	0.10413375	0.01321470	0.00133274	-0.00864520
5.899976	0.09618744	-0.02155915	0.10395357	0.01753948	0.00310071	-0.01065735
5.916643	0.09665272	-0.02137421	0.10379317	0.01989991	0.00473896	-0.01335719
5.933310	0.09696048	-0.02127775	0.10355844	0.02047916	0.00583142	-0.01617062
5.949976	0.09727291	-0.02114923	0.10327897	0.01964119	0.00497695	-0.01959648
5.966643	0.09752303	-0.02114722	0.10288746	0.01791946	0.00218477	-0.02289658
5.983309	0.09788734	-0.02105241	0.10249209	0.01556980	-0.00114223	-0.02438570
5.999976	0.09820028	-0.02110030	0.10199524	0.01122915	-0.00499904	-0.02395170
6.016643	0.09837705	-0.02120639	0.10158531	0.00542509	-0.00872254	-0.02172181
6.033309	0.09840259	-0.02142384	0.10123972	-0.00005882	-0.01167289	-0.01777153
6.049976	0.09822963	-0.02170166	0.10098413	-0.00274361	-0.01239997	-0.01315271
6.066642	0.09809581	-0.02192819	0.10081901	-0.00265130	-0.01143310	-0.01011618
6.083309	0.09805110	-0.02211479	0.10072146	0.00014048	-0.00874176	-0.00816021
6.099976	0.09814413	-0.02221110	0.10063215	0.00411624	-0.00608756	-0.00711749
6.116642	0.09826300	-0.02228267	0.10047660	0.00693384	-0.00461306	-0.00750440
6.133309	0.09842271	-0.02229895	0.10035983	0.00787850	-0.00462482	-0.00899687
6.149975	0.09856241	-0.02237455	0.10022051	0.00710129	-0.00522652	-0.01015198
6.166642	0.09869221	-0.02247391	0.10004252	0.00562715	-0.00557186	-0.01017504
6.183309	0.09877129	-0.02263908	0.09981877	0.00296426	-0.00559999	-0.00940464
6.199975	0.09879560	-0.02272121	0.09962541	-0.00030331	-0.00466557	-0.00751625
6.216642	0.09879839	-0.02277891	0.09953897	-0.00302003	-0.00290735	-0.00412619
6.233308	0.09866598	-0.02280422	0.09950496	-0.00487221	-0.00152529	0.00039388
6.249975	0.09855021	-0.02280283	0.09954388	-0.00674001	-0.00140007	0.00433380
6.266642	0.09842981	-0.02280369	0.09965654	-0.00861730	-0.00149998	0.00694468
6.283308	0.09832750	-0.02283897	0.09984078	-0.00964992	-0.00114120	0.00923261
6.299975	0.09814553	-0.02290121	0.10001563	-0.01054664	0.00032215	0.01230990
6.316641	0.09790087	-0.02291988	0.10017746	-0.01222951	0.00213458	0.01622791
6.333308	0.09770987	-0.02285084	0.10042808	-0.01472643	0.00575714	0.02042279
6.349975	0.09749435	-0.02268589	0.10084461	-0.01616455	0.01084164	0.02443502
6.366641	0.09720882	-0.02255690	0.10136477	-0.01555926	0.01569346	0.02729658
6.383308	0.09683641	-0.02218867	0.10188845	-0.01302426	0.01839238	0.02764989
6.399974	0.09656828	-0.02183249	0.10234419	-0.00893894	0.01913432	0.02527258
6.416641	0.09650131	-0.02137501	0.10274577	-0.00374728	0.01834551	0.02183267
6.433308	0.09657445	-0.02114927	0.10306640	0.00128385	0.01558657	0.01857851
6.449974	0.09666627	-0.02094941	0.10332443	0.00387577	0.01140668	0.01554112
6.466641	0.09674652	-0.02078993	0.10356814	0.00271474	0.00677529	0.01246673
6.483307	0.09680869	-0.02067089	0.10376551	-0.00069835	0.00322504	0.00962209
6.499974	0.09681349	-0.02064673	0.10391526	-0.00380976	0.00001129	0.00736720
6.516641	0.09665655	-0.02072550	0.10398138	-0.00537647	-0.00193930	0.00557779
6.533307	0.09647143	-0.02082187	0.10402781	-0.00563672	-0.00285280	0.00412786
6.549974	0.09634359	-0.02088409	0.10410523	-0.00465250	-0.00322400	0.00269969
6.566640	0.09635175	-0.02087243	0.10416669	-0.00241705	-0.00335106	0.00090972
6.583307	0.09636539	-0.02090496	0.10420243	0.00022754	-0.00333839	-0.00149634
6.599974	0.09636110	-0.02099697	0.10413494	0.00261472	-0.00307658	-0.00390609
6.616640	0.09637585	-0.02110424	0.10401183	0.00435954	-0.00268604	-0.00585089
6.633307	0.09647142	-0.02115162	0.10387141	0.00617738	-0.00150067	-0.00737540
6.649973	0.09664551	-0.02111181	0.10376072	0.00781420	0.00020611	-0.00801689
6.666640	0.09679741	-0.02109440	0.10364603	0.00922371	0.00168399	-0.00832103
6.683307	0.09695406	-0.02104514	0.10348315	0.01053617	0.00231009	-0.00908289
6.699973	0.09707955	-0.02102743	0.10333584	0.01184763	0.00243262	-0.01047969
6.716640	0.09730217	-0.02096796	0.10315034	0.01296466	0.00223763	-0.01161587
6.733306	0.09756997	-0.02092445	0.10295378	0.01441537	0.00228850	-0.01304982
6.749973	0.09784404	-0.02088406	0.10270885	0.01552089	0.00271102	-0.01550789
6.766640	0.09807337	-0.02087748	0.10247543	0.01518077	0.00279295	-0.01860350
6.783306	0.09835194	-0.02080653	0.10214427	0.01388913	0.00173288	-0.02127209
6.799973	0.09858195	-0.02074683	0.10174216	0.01239282	-0.00046720	-0.02310680
6.816639	0.09879496	-0.02070875	0.10127122	0.01041808	-0.00308172	-0.02377114
6.833306	0.09892436	-0.02083998	0.10086882	0.00650565	-0.00621873	-0.02280609
6.849973	0.09904175	-0.02101302	0.10049714	0.00193772	-0.00871872	-0.01976744
6.866639	0.09907526	-0.02119522	0.10020506	-0.00210733	-0.01008973	-0.01625746
6.883306	0.09892537	-0.02137883	0.09993116	-0.00457050	-0.00982415	-0.01263784
6.899972	0.09878837	-0.02149935	0.09980451	-0.00493085	-0.00891063	-0.00851240
6.916639	0.09862152	-0.02169083	0.09963170	-0.00284081	-0.00820070	-0.00431971
6.933306	0.09863941	-0.02178153	0.09963904	-0.00030100	-0.00833255	-0.00134159
6.949972	0.09871567	-0.02191598	0.09964330	0.00128188	-0.00825610	-0.00017665
6.966639	0.09882553	-0.02204234	0.09974159	0.00156239	-0.00738864	-0.00080515
6.983305	0.09881572	-0.02222007	0.09972312	0.00072945	-0.00600137	-0.00217159
6.999972	0.09877464	-0.02232711	0.09963819	0.00036489	-0.00382776	-0.00233193
7.016639	0.09872053	-0.02236104	0.09948085	0.00110344	-0.00129357	-0.00074607
7.033305	0.09876566	-0.02231727	0.09946804	0.00208710	0.00088319	0.00223593
7.049972	0.09886084	-0.02227039	0.09957226	0.00135694	0.00159722	0.00444548
7.066638	0.09896712	-0.02221826	0.09980085	-0.00176706	0.00146278	0.00566630
7.083305	0.09892845	-0.02221597	0.09991828	-0.00581576	0.00216450	0.00686823
7.099971	0.09873457	-0.02222558	0.09991923	-0.00929412	0.00413281	0.00919241
7.116638	0.09843240	-0.02219013	0.09997430	-0.01097669	0.00693234	0.01293661
7.133305	0.09823924	-0.02200606	0.10023849	-0.01092740	0.00801046	0.01743771
7.149971	0.09808479	-0.02177789	0.10070174	-0.00926383	0.00643797	0.02067783
7.166638	0.09802827	-0.02154312	0.10118946	-0.00704690	0.00303338	0.02113496
7.183304	0.09785489	-0.02162968	0.10152093	-0.00530863	-0.00023698	0.01822322
7.199971	0.09778331	-0.02175960	0.10174588	-0.00486231	-0.00285684	0.01290565
7.216638	0.09770198	-0.02193186	0.10190234	-0.00513824	-0.00437032	0.00723991
7.233305	0.09770684	-0.02187405	0.10201295	-0.00450062	-0.00345070	0.00331314
7.249971	0.09757936	-0.02189033	0.10201959	-0.00323800	-0.00076139	0.00197396
7.266637	0.09746638	-0.02195060	0.10194059	-0.00179183	0.00160355	0.00240778
7.283304	0.09743761	-0.02197012	0.10194340	-0.00089981	0.00227028	0.00285623
7.299971	0.09751219	-0.02185410	0.10207954	-0.00042372	0.00295580	0.00301545
7.316638	0.09758532	-0.02172113	0.10224243	-0.00103593	0.00387222	0.00325357
7.333304	0.09753761	-0.02166859	0.10226077	-0.00171018	0.00467948	0.00328203
7.349970	0.09741270	-0.02167599	0.10220231	-0.00212983	0.00436638	0.00307207
7.366637	0.09731507	-0.02160439	0.10221913	-0.00197661	0.00353956	0.00342579
7.383304	0.09735644	-0.02146568	0.10234689	-0.00109971	0.00273933	0.00452502
7.399971	0.09740090	-0.02139604	0.10250021	-0.00046466	0.00158235	0.00485698
7.416637	0.09740889	-0.02140596	0.10258880	-0.00041031	0.00030807	0.00365426
7.433303	0.09735330	-0.02148985	0.10260983	-0.00117250	-0.00010576	0.00187018
7.449970	0.09728228	-0.02152750	0.10258499	-0.00115555	0.00072235	0.00085652
7.466637	0.09730440	-0.02146956	0.10257553	0.00053685	0.00223485	0.00058353
7.483304	0.09727684	-0.02137912	0.10259978	0.00351315	0.00328512	0.00066538
7.499970	0.09738149	-0.02128581	0.10265043	0.00594458	0.00299710	0.00020344
7.516636	0.09750088	-0.02124895	0.10265325	0.00781610	0.00217342	-0.00173491
7.533303	0.09771071	-0.02125193	0.10263751	0.00870637	0.00179100	-0.00497980
7.549970	0.09785070	-0.02125949	0.10252030	0.00860531	0.00202042	-0.00832293
7.566636	0.09800777	-0.02121765	0.10233361	0.00847395	0.00256718	-0.01091820
7.583303	0.09807749	-0.02113399	0.10208266	0.00877846	0.00269864	-0.01312965
7.599969	0.09823684	-0.02105699	0.10185044	0.00986066	0.00171426	-0.01489779
7.616636	0.09839799	-0.02102742	0.10163233	0.01066190	-0.00068152	-0.01596409
7.633303	0.09864327	-0.02106326	0.10135028	0.01073827	-0.00361859	-0.01616105
7.649969	0.09885225	-0.02116310	0.10103963	0.00921033	-0.00627173	-0.01606035
7.666636	0.09898890	-0.02131724	0.10073767	0.00593929	-0.00889637	-0.01558344
7.683302	0.09907360	-0.02147254	0.10051211	0.00175637	-0.01128810	-0.01492234
7.699969	0.09905224	-0.02165496	0.10030367	-0.00112087	-0.01260198	-0.01438296
7.716636	0.09895810	-0.02190988	0.10008647	-0.00242961	-0.01274161	-0.01388734
7.733302	0.09885967	-0.02217028	0.09981444	-0.00281596	-0.01170386	-0.01325948
7.749969	0.09883423	-0.02237830	0.09956516	-0.00277267	-0.00917257	-0.01197973
7.766635	0.09884907	-0.02250170	0.09937485	-0.00259505	-0.00548914	-0.00980813
7.783302	0.09882003	-0.02253771	0.09924822	-0.00285034	-0.00232384	-0.00663834
7.799969	0.09873141	-0.02252841	0.09916918	-0.00338649	-0.00028297	-0.00321214
7.816635	0.09864447	-0.02247750	0.09912179	-0.00369725	0.00072251	-0.00010792
7.833302	0.09856790	-0.02248662	0.09915873	-0.00371212	0.00091192	0.00197024
7.849968	0.09855570	-0.02246825	0.09923700	-0.00382354	0.00095143	0.00326124
7.866635	0.09850389	-0.02247167	0.09934318	-0.00373253	0.00171778	0.00458730
7.883302	0.09842819	-0.02244608	0.09938308	-0.00357767	0.00332084	0.00649064
7.899968	0.09831469	-0.02238415	0.09945150	-0.00371715	0.00480779	0.00907931
7.916635	0.09827657	-0.02227431	0.09960768	-0.00443807	0.00573266	0.01175256
7.933301	0.09824329	-0.02212875	0.09988646	-0.00458633	0.00632803	0.01496045
7.949968	0.09818532	-0.02202311	0.10021167	-0.00388493	0.00627829	0.01665714
7.966635	0.09802002	-0.02194977	0.10048047	-0.00329324	0.00567708	0.01631229
7.983301	0.09797775	-0.02184224	0.10081066	-0.00284144	0.00524530	0.01507083
7.999968	0.09796553	-0.02178333	0.10097450	-0.00295409	0.00442104	0.01424229
8.016635	0.09800056	-0.02167307	0.10121392	-0.00392148	0.00271327	0.01293616
8.033301	0.09793916	-0.02161552	0.10139994	-0.00627654	0.00000576	0.01036011
8.049968	0.09775011	-0.02164313	0.10165293	-0.00864275	-0.00237016	0.00800233
8.066634	0.09756214	-0.02171933	0.10176653	-0.00985272	-0.00349543	0.00641479
8.083301	0.09733447	-0.02189731	0.10174873	-0.00949666	-0.00337867	0.00534451
8.099968	0.09722012	-0.02192288	0.10179181	-0.00831723	-0.00220050	0.00464803
8.116634	0.09711691	-0.02191478	0.10190617	-0.00610179	0.00022010	0.00593449
8.133301	0.09701502	-0.02187717	0.10205262	-0.00320946	0.00213130	0.00761162
8.149967	0.09693768	-0.02182393	0.10218585	-0.00120972	0.00229390	0.00775489
8.166634	0.09695712	-0.02176802	0.10232780	0.00034321	0.00214967	0.00644403
8.183301	0.09704436	-0.02173618	0.10244627	0.00178271	0.00241069	0.00542658
8.199967	0.09707888	-0.02172962	0.10250994	0.00310705	0.00260192	0.00492109
8.216634	0.09710552	-0.02169734	0.10252596	0.00318793	0.00179283	0.00393161
8.233300	0.09713766	-0.02160532	0.10262683	0.00246883	0.00080001	0.00266955
8.249967	0.09724598	-0.02157480	0.10269737	0.00240830	0.00060202	0.00156046
8.266634	0.09726835	-0.02163510	0.10272516	0.00335911	0.00048768	-0.00009447
8.283300	0.09728076	-0.02168096	0.10267663	0.00457795	0.00005535	-0.00239392
8.299967	0.09732895	-0.02164247	0.10260621	0.00577389	0.00013802	-0.00454133
8.316633	0.09748286	-0.02158373	0.10251613	0.00748406	0.00059333	-0.00616016
8.333300	0.09766563	-0.02157590	0.10241179	0.00895217	0.00104574	-0.00788770
8.349966	0.09782109	-0.02160190	0.10226502	0.00952020	0.00084565	-0.00985369
8.366633	0.09796862	-0.02161586	0.10210882	0.00858005	0.00084162	-0.01119529
8.383300	0.09810913	-0.02154653	0.10185618	0.00757287	0.00133468	-0.01153939
8.399966	0.09825419	-0.02153529	0.10163916	0.00647678	0.00093670	-0.01235553
8.416633	0.09831820	-0.02147597	0.10144466	0.00543556	-0.00085010	-0.01335723
8.433299	0.09842805	-0.02150096	0.10130164	0.00412045	-0.00267000	-0.01324745
8.449966	0.09844114	-0.02159283	0.10101124	0.00252371	-0.00415351	-0.01271380
8.466633	0.09853590	-0.02171529	0.10075167	0.00044953	-0.00634291	-0.01322673
8.483299	0.09850646	-0.02180642	0.10054503	-0.00088159	-0.00769832	-0.01365969
8.499966	0.09847835	-0.02190831	0.10039981	0.00014242	-0.00676027	-0.01194825
8.516632	0.09836431	-0.02210294	0.10014719	0.00259155	-0.00450555	-0.00940997
8.533299	0.09841426	-0.02221911	0.09993692	0.00483969	-0.00287091	-0.00808063
8.549966	0.09862289	-0.02218254	0.09985481	0.00593791	-0.00120849	-0.00726084
8.566632	0.09884836	-0.02209877	0.09984931	0.00647845	0.00115291	-0.00605392
8.583299	0.09891623	-0.02209360	0.09973558	0.00552314	0.00224873	-0.00575481
8.599965	0.09889637	-0.02210835	0.09960500	0.00317362	0.00117805	-0.00653623
8.616632	0.09892381	-0.02205315	0.09944872	0.00024315	-0.00093329	-0.00686838
8.633299	0.09899801	-0.02202629	0.09935998	-0.00241608	-0.00273043	-0.00582440
8.649965	0.09898597	-0.02208670	0.09926512	-0.00539912	-0.00499606	-0.00435481
8.666632	0.09882203	-0.02225932	0.09920678	-0.00842537	-0.00725768	-0.00256010
8.683298	0.09858187	-0.02240672	0.09917714	-0.00996638	-0.00793116	-0.00037465
8.699965	0.09834163	-0.02258343	0.09916069	-0.00910316	-0.00645929	0.00248474
8.716632	0.09821486	-0.02266511	0.09923262	-0.00659539	-0.00306080	0.00531862
8.733298	0.09816827	-0.02271436	0.09934550	-0.00413986	-0.00053440	0.00766772
8.749965	0.09816445	-0.02266332	0.09954032	-0.00271783	0.00038590	0.00921994
8.766631	0.09814142	-0.02253036	0.09971724	-0.00207492	-0.00005292	0.00968129
8.783298	0.09806845	-0.02258839	0.09987705	-0.00097473	0.00035218	0.00980910
8.799965	0.09801695	-0.02262682	0.10002636	0.00070919	0.00215419	0.01042761
8.816631	0.09802910	-0.02274339	0.10015637	0.00201256	0.00512021	0.01168364
8.833298	0.09815309	-0.02254056	0.10037512	0.00201684	0.00832278	0.01263892
8.849964	0.09826030	-0.02226473	0.10063421	0.00021901	0.01069504	0.01299394
8.866632	0.09825073	-0.02199489	0.10090104	-0.00318964	0.01129166	0.01332333
8.883298	0.09812389	-0.02185588	0.10109489	-0.00715303	0.00885863	0.01261355
8.899964	0.09791773	-0.02178066	0.10124829	-0.00957228	0.00571048	0.01144805
8.916631	0.09772077	-0.02169333	0.10148009	-0.01008090	0.00308078	0.01063161
8.933297	0.09753735	-0.02165756	0.10162034	-0.00895150	0.00277660	0.01128872
8.949965	0.09742809	-0.02163548	0.10183294	-0.00718000	0.00361481	0.01225581
8.966631	0.09730908	-0.02164756	0.10196791	-0.00546517	0.00470436	0.01260997
8.983297	0.09725940	-0.02149444	0.10226552	-0.00396343	0.00588586	0.01222705
8.999964	0.09718300	-0.02136762	0.10249120	-0.00266899	0.00686171	0.01066290
9.016630	0.09715930	-0.02119714	0.10268993	-0.00125204	0.00655557	0.00828068
9.033298	0.09714080	-0.02112300	0.10277117	-0.00001781	0.00464824	0.00529720
9.049964	0.09715289	-0.02104877	0.10278450	0.00088670	0.00294931	0.00333270
9.066630	0.09720224	-0.02103771	0.10281663	0.00152201	0.00224575	0.00244268
9.083297	0.09722889	-0.02104704	0.10284625	0.00211661	0.00220331	0.00288000
9.099963	0.09725426	-0.02100299	0.10291938	0.00258912	0.00215645	0.00293506
9.116631	0.09729725	-0.02092584	0.10297912	0.00260935	0.00246170	0.00171584
9.133297	0.09734494	-0.02087584	0.10304876	0.00211884	0.00243245	-0.00003602
9.149963	0.09743018	-0.02084448	0.10301245	0.00147462	0.00188826	-0.00111796
9.166630	0.09742326	-0.02083753	0.10292351	0.00111275	0.00146811	-0.00143678
9.183296	0.09740899	-0.02081850	0.10285079	0.00063334	0.00141598	-0.00162196
9.199964	0.09739386	-0.02079346	0.10287984	0.00123792	0.00139435	-0.00155979
9.216630	0.09743537	-0.02075549	0.10291418	0.00330312	0.00114705	-0.00198585
9.233296	0.09747232	-0.02072803	0.10288072	0.00538519	0.00019202	-0.00416888
9.249963	0.09762137	-0.02072823	0.10278054	0.00615946	-0.00097703	-0.00714771
9.266629	0.09776232	-0.02075287	0.10262195	0.00635127	-0.00175077	-0.00923481
9.283296	0.09790883	-0.02083238	0.10239469	0.00631011	-0.00187074	-0.01003526
9.299963	0.09793015	-0.02086984	0.10222812	0.00576662	-0.00168544	-0.01041141
9.316629	0.09802745	-0.02088958	0.10205857	0.00462407	-0.00125640	-0.01064741
9.333296	0.09810448	-0.02086987	0.10194319	0.00322228	-0.00220045	-0.01141076
9.349962	0.09822518	-0.02089014	0.10172692	0.00163329	-0.00478481	-0.01313900
9.366629	0.09820854	-0.02093771	0.10150187	-0.00061181	-0.00761661	-0.01477456
9.383296	0.09816099	-0.02117001	0.10119790	-0.00230127	-0.00824517	-0.01489127
9.399962	0.09805622	-0.02139042	0.10090305	-0.00246239	-0.00699375	-0.01283993
9.416629	0.09798878	-0.02158683	0.10067507	-0.00038475	-0.00466263	-0.00991758
9.433295	0.09799779	-0.02149797	0.10056619	0.00228808	-0.00181272	-0.00743467
9.449962	0.09807933	-0.02146525	0.10054634	0.00410514	0.00049420	-0.00564715
9.466629	0.09824269	-0.02140689	0.10049203	0.00459598	0.00100411	-0.00450356
9.483295	0.09833588	-0.02147094	0.10035202	0.00403387	-0.00013247	-0.00394461
9.499962	0.09835967	-0.02146827	0.10026731	0.00287344	-0.00098339	-0.00377310
9.516628	0.09836476	-0.02148891	0.10020797	0.00174165	-0.00191565	-0.00297779
9.533295	0.09836876	-0.02149552	0.10023922	0.00145592	-0.00252163	-0.00056051
9.549962	0.09843299	-0.02154142	0.10018674	0.00120681	-0.00362071	0.00167646
9.566628	0.09845367	-0.02165019	0.10019625	0.00014905	-0.00468391	0.00207533
9.583295	0.09848510	-0.02171889	0.10032495	-0.00164685	-0.00574047	0.00123315
9.599961	0.09842141	-0.02184192	0.10038689	-0.00354772	-0.00605972	0.00038911
9.616628	0.09831881	-0.02192095	0.10037440	-0.00508907	-0.00608923	-0.00061266
9.633295	0.09820515	-0.02205604	0.10025260	-0.00607865	-0.00604691	-0.00169259
9.649961	0.09809931	-0.02213708	0.10019152	-0.00592271	-0.00599358	-0.00172061
9.666628	0.09800748	-0.02224424	0.10022888	-0.00501143	-0.00595374	-0.00008628
9.683294	0.09791420	-0.02232375	0.10022802	-0.00412503	-0.00562235	0.00233446
9.699961	0.09785806	-0.02243744	0.10028696	-0.00419034	-0.00516482	0.00410190
9.716628	0.09783017	-0.02252533	0.10034534	-0.00361370	-0.00500482	0.00476712
9.733294	0.09776778	-0.02260191	0.10047397	-0.00467958	-0.00413112	0.00658798
9.749961	0.09764746	-0.02264423	0.10060808	-0.00574546	-0.00325743	0.00840883
