Time	thumb tip right X	thumb tip right Y	thumb tip right Z	thumb tip right v(X)	thumb tip right v(Y)	thumb tip right v(Z)
0.00000000	0.00000000	0.00000000	0.00000000	0.00000000	0.00000000	0.00000000
0.01666660	0.01666660	0.01666660	0.01666660	0.01666660	0.01666660	0.01666660
0.000000	0.09361193	-0.05798603	0.09373579	-0.00127405	-0.00989486	-0.01716736
0.016667	0.09358949	-0.05818394	0.09338582	-0.00176043	-0.00526631	-0.00957351
0.033333	0.09356655	-0.05826392	0.09325202	-0.00224681	-0.00063777	-0.00197966
0.050000	0.09352881	-0.05822959	0.09329810	-0.00217111	0.00084298	0.00081633
0.066666	0.09346948	-0.05814437	0.09341165	-0.00187092	0.00521369	0.00945643
0.083333	0.09343071	-0.05806689	0.09352581	-0.00065502	0.00857452	0.01762039
0.100000	0.09341801	-0.05791203	0.09384327	0.00143506	0.01093340	0.02573735
0.116666	0.09344905	-0.05768471	0.09437422	0.00349106	0.01286912	0.03334386
0.133333	0.09355816	-0.05740447	0.09510967	0.00475021	0.01458224	0.03858276
0.149999	0.09367899	-0.05716037	0.09587030	0.00563642	0.01527300	0.03914677
0.166666	0.09378519	-0.05691567	0.09655765	0.00666871	0.01458230	0.03508909
0.183333	0.09384564	-0.05665980	0.09712137	0.00823173	0.01301368	0.02900638
0.199999	0.09396448	-0.05642666	0.09750254	0.01092472	0.01112603	0.02425524
0.216666	0.09416893	-0.05625636	0.09777591	0.01388671	0.00848412	0.02130405
0.233332	0.09446600	-0.05615157	0.09806477	0.01522815	0.00526702	0.01873564
0.249999	0.09482241	-0.05608904	0.09844789	0.01346772	0.00232185	0.01541669
0.266666	0.09507988	-0.05608586	0.09879295	0.00955161	0.00038181	0.01134683
0.283332	0.09519105	-0.05611565	0.09893685	0.00465101	-0.00057163	0.00674940
0.299999	0.09512903	-0.05615525	0.09889157	-0.00006869	-0.00069250	0.00198711
0.316665	0.09507077	-0.05616244	0.09882657	-0.00301657	0.00004597	-0.00170846
0.333332	0.09499874	-0.05615028	0.09880879	-0.00386266	0.00049742	-0.00475319
0.349999	0.09493656	-0.05612020	0.09878675	-0.00305404	-0.00043456	-0.00905175
0.366665	0.09488627	-0.05608129	0.09867100	-0.00189912	-0.00243158	-0.01528254
0.383332	0.09483272	-0.05613974	0.09833496	-0.00130404	-0.00419853	-0.02204378
0.399998	0.09486894	-0.05627622	0.09782891	-0.00191008	-0.00523608	-0.02762936
0.416665	0.09487025	-0.05643786	0.09724647	-0.00282300	-0.00542078	-0.03076726
0.433332	0.09481975	-0.05651383	0.09670595	-0.00355677	-0.00471922	-0.03115782
0.449998	0.09467525	-0.05653756	0.09621061	-0.00407399	-0.00395728	-0.03003628
0.466665	0.09457647	-0.05656543	0.09573809	-0.00442834	-0.00403670	-0.02827901
0.483331	0.09453790	-0.05663554	0.09527596	-0.00455459	-0.00488566	-0.02540274
0.499998	0.09452701	-0.05675762	0.09481593	-0.00481749	-0.00540894	-0.02086510
0.516665	0.09442979	-0.05688444	0.09445469	-0.00580835	-0.00515269	-0.01549663
0.533331	0.09430186	-0.05697414	0.09426989	-0.00700253	-0.00406913	-0.00927877
0.549998	0.09413090	-0.05701043	0.09422730	-0.00711563	-0.00213702	-0.00089579
0.566664	0.09401254	-0.05702689	0.09423160	-0.00566697	0.00022469	0.00909809
0.583331	0.09391224	-0.05702254	0.09436730	-0.00343723	0.00247869	0.01861211
0.599998	0.09389728	-0.05696407	0.09479303	-0.00091467	0.00474326	0.02654812
0.616664	0.09391186	-0.05685769	0.09543785	0.00095368	0.00741913	0.03323292
0.633331	0.09395485	-0.05671229	0.09612245	0.00187428	0.01077245	0.03793087
0.649997	0.09402013	-0.05652371	0.09672301	0.00150860	0.01440153	0.03908068
0.666664	0.09403797	-0.05627296	0.09735724	0.00087865	0.01763792	0.03749378
0.683331	0.09405290	-0.05591186	0.09803486	0.00069466	0.01983665	0.03531213
0.699997	0.09399959	-0.05552072	0.09863816	0.00128683	0.02006041	0.03244971
0.716664	0.09402414	-0.05513925	0.09914670	0.00210707	0.01770053	0.02704478
0.733330	0.09408500	-0.05484370	0.09955942	0.00296702	0.01380138	0.02045900
0.749997	0.09419463	-0.05467498	0.09986960	0.00329619	0.01029192	0.01551396
0.766664	0.09424733	-0.05459929	0.10000239	0.00249454	0.00765155	0.01235352
0.783330	0.09428516	-0.05452733	0.10011657	0.00108667	0.00546450	0.00946194
0.799997	0.09426052	-0.05439688	0.10029690	-0.00044283	0.00355184	0.00623482
0.816663	0.09424807	-0.05429780	0.10047819	-0.00120059	0.00196523	0.00277010
0.833330	0.09421051	-0.05430207	0.10052066	-0.00088297	-0.00029432	-0.00244156
0.849997	0.09417677	-0.05437449	0.10037918	-0.00002388	-0.00366091	-0.00968728
0.866663	0.09418212	-0.05444112	0.10015766	0.00045918	-0.00719325	-0.01707084
0.883330	0.09423003	-0.05455800	0.09980061	0.00049621	-0.01031826	-0.02273863
0.899996	0.09426702	-0.05475239	0.09935613	0.00024930	-0.01315053	-0.02687036
0.916663	0.09425662	-0.05503742	0.09883793	-0.00094891	-0.01551601	-0.03009823
0.933330	0.09420311	-0.05534983	0.09831263	-0.00294631	-0.01673809	-0.03226822
0.949996	0.09417392	-0.05564299	0.09777330	-0.00462534	-0.01682258	-0.03361171
0.966663	0.09406164	-0.05591264	0.09719731	-0.00468524	-0.01591493	-0.03354995
0.983329	0.09395351	-0.05615674	0.09660699	-0.00359891	-0.01449013	-0.03176221
0.999996	0.09383803	-0.05641045	0.09602343	-0.00170034	-0.01276554	-0.02813343
1.016663	0.09387242	-0.05661413	0.09558223	0.00090812	-0.01090704	-0.02335595
1.033329	0.09392774	-0.05678502	0.09525815	0.00323561	-0.00890812	-0.01815233
1.049996	0.09404104	-0.05689389	0.09505510	0.00430951	-0.00696911	-0.01317819
1.066662	0.09411746	-0.05698982	0.09486891	0.00326113	-0.00462597	-0.00845324
1.083329	0.09417951	-0.05706158	0.09473234	0.00049044	-0.00172156	-0.00341018
1.099996	0.09419527	-0.05711427	0.09467275	-0.00267402	0.00144199	0.00315850
1.116662	0.09410464	-0.05704196	0.09477010	-0.00432430	0.00463825	0.01252157
1.133329	0.09393667	-0.05691658	0.09501661	-0.00424297	0.00783912	0.02381315
1.149995	0.09381194	-0.05672544	0.09550287	-0.00360133	0.01042826	0.03393302
1.166662	0.09380711	-0.05655473	0.09623002	-0.00282870	0.01177276	0.03964168
1.183329	0.09387816	-0.05633137	0.09711129	-0.00203953	0.01243619	0.04092940
1.199995	0.09382657	-0.05611715	0.09787656	-0.00138075	0.01310935	0.03938411
1.216662	0.09374402	-0.05589768	0.09840120	-0.00051864	0.01343591	0.03608677
1.233328	0.09366289	-0.05567511	0.09886017	0.00131012	0.01266227	0.03198230
1.249995	0.09373318	-0.05543108	0.09938774	0.00459230	0.01142948	0.02900224
1.266662	0.09389079	-0.05524152	0.09994808	0.00776309	0.01043219	0.02713363
1.283328	0.09406526	-0.05510875	0.10039415	0.00926629	0.01003601	0.02474854
1.299995	0.09426727	-0.05499595	0.10074238	0.00852503	0.01009338	0.02199811
1.316661	0.09439151	-0.05482351	0.10103270	0.00710941	0.01028039	0.01971629
1.333328	0.09449431	-0.05459834	0.10133258	0.00589526	0.01025100	0.01816883
1.349995	0.09452981	-0.05438888	0.10168011	0.00466505	0.00903815	0.01568663
1.366661	0.09461272	-0.05425606	0.10196158	0.00330565	0.00598293	0.01088981
1.383328	0.09470172	-0.05417162	0.10217780	0.00169405	0.00161814	0.00343231
1.399994	0.09473068	-0.05418790	0.10215186	-0.00091058	-0.00254837	-0.00569193
1.416661	0.09469728	-0.05426945	0.10196011	-0.00458183	-0.00551550	-0.01475169
1.433328	0.09458444	-0.05444438	0.10158139	-0.00779822	-0.00735697	-0.02241069
1.449994	0.09438251	-0.05459603	0.10111210	-0.00929467	-0.00819567	-0.02786815
1.466661	0.09418003	-0.05472048	0.10060477	-0.00926971	-0.00853495	-0.03207305
1.483328	0.09399474	-0.05483890	0.10004453	-0.00882495	-0.00914300	-0.03563209
1.499994	0.09392260	-0.05497167	0.09945797	-0.00891842	-0.01104171	-0.03944181
1.516661	0.09382650	-0.05517247	0.09875601	-0.00914667	-0.01372380	-0.04218796
1.533327	0.09365979	-0.05542238	0.09799958	-0.00860840	-0.01708633	-0.04262561
1.549994	0.09341476	-0.05575646	0.09717365	-0.00680796	-0.01995327	-0.03990725
1.566661	0.09325515	-0.05610544	0.09650622	-0.00443747	-0.02123919	-0.03521464
1.583327	0.09325790	-0.05653913	0.09597232	-0.00283052	-0.02015308	-0.02973602
1.599994	0.09336985	-0.05688821	0.09564485	-0.00257657	-0.01702747	-0.02365438
1.616660	0.09335791	-0.05718498	0.09526724	-0.00472443	-0.01261060	-0.01653186
1.633327	0.09320710	-0.05729827	0.09496935	-0.00803403	-0.00814124	-0.00793222
1.649993	0.09297551	-0.05736768	0.09479703	-0.00929005	-0.00502737	0.00185163
1.666660	0.09272525	-0.05737758	0.09496478	-0.00656995	-0.00382276	0.01290017
1.683327	0.09261550	-0.05744053	0.09536373	-0.00089765	-0.00347228	0.02399163
1.699993	0.09266274	-0.05751687	0.09588776	0.00548696	-0.00143573	0.03451823
1.716660	0.09288350	-0.05762202	0.09650122	0.01011145	0.00313108	0.04279645
1.733326	0.09316817	-0.05758191	0.09724456	0.01126365	0.00958780	0.04724640
1.749993	0.09340145	-0.05733906	0.09820819	0.00854805	0.01562279	0.04696123
1.766660	0.09353438	-0.05691110	0.09915038	0.00430403	0.01944963	0.04390328
1.783326	0.09352431	-0.05645843	0.09985440	0.00163373	0.02052714	0.04011680
1.799993	0.09340695	-0.05613320	0.10028498	0.00110325	0.01871124	0.03522648
1.816659	0.09339645	-0.05590308	0.10074962	0.00155528	0.01468789	0.02949607
1.833326	0.09349795	-0.05567364	0.10135965	0.00256513	0.00963299	0.02304276
1.849993	0.09365060	-0.05551736	0.10184579	0.00338027	0.00432348	0.01498374
1.866659	0.09368179	-0.05543433	0.10205118	0.00298136	-0.00127987	0.00379605
1.883326	0.09367105	-0.05556171	0.10188270	0.00135698	-0.00657175	-0.00916581
1.899992	0.09366625	-0.05576045	0.10157279	0.00028424	-0.01133795	-0.02104361
1.916659	0.09369761	-0.05602208	0.10112566	0.00129540	-0.01548406	-0.03067856
1.933326	0.09369112	-0.05624977	0.10057640	0.00285597	-0.01802902	-0.03833942
1.949992	0.09373594	-0.05657135	0.09986986	0.00419615	-0.01811741	-0.04433638
1.966659	0.09384980	-0.05696145	0.09900509	0.00550015	-0.01594423	-0.04865975
1.983325	0.09396067	-0.05730142	0.09810800	0.00636357	-0.01268762	-0.05094917
1.999992	0.09409981	-0.05744132	0.09724959	0.00607523	-0.00823915	-0.04915737
2.016659	0.09419262	-0.05745425	0.09640437	0.00513466	-0.00365570	-0.04283255
2.033325	0.09426740	-0.05745240	0.09565764	0.00462180	-0.00102707	-0.03419845
2.049992	0.09431496	-0.05745333	0.09514037	0.00481112	-0.00129223	-0.02534414
2.066658	0.09436034	-0.05746822	0.09489853	0.00531690	-0.00251974	-0.01563887
2.083325	0.09448750	-0.05751557	0.09477495	0.00638517	-0.00318560	-0.00448147
2.099992	0.09461702	-0.05762261	0.09467881	0.00735889	-0.00249938	0.00671259
2.116658	0.09474146	-0.05769149	0.09480983	0.00679268	-0.00076335	0.01574083
2.133325	0.09489962	-0.05771154	0.09524006	0.00386210	0.00245008	0.02350783
2.149992	0.09496188	-0.05759543	0.09586847	-0.00083298	0.00748490	0.03210371
2.166658	0.09495804	-0.05747506	0.09639769	-0.00612019	0.01391869	0.04103721
2.183325	0.09474412	-0.05720774	0.09698746	-0.01013104	0.01958646	0.04733995
2.199991	0.09446142	-0.05682643	0.09785203	-0.01211875	0.02255288	0.04957222
2.216658	0.09419131	-0.05627738	0.09896945	-0.01155932	0.02238118	0.04843247
2.233325	0.09403646	-0.05583459	0.09992377	-0.00805228	0.01897488	0.04371168
2.249991	0.09393302	-0.05556167	0.10050869	-0.00288935	0.01369634	0.03523617
2.266658	0.09391797	-0.05547502	0.10085002	0.00174050	0.00868052	0.02525287
2.283324	0.09398793	-0.05544560	0.10117918	0.00424484	0.00552386	0.01668400
2.299991	0.09417111	-0.05537080	0.10147512	0.00532700	0.00339239	0.00944536
2.316658	0.09429594	-0.05525163	0.10165506	0.00529854	0.00154384	0.00141606
2.333324	0.09434096	-0.05519622	0.10158715	0.00390092	-0.00054226	-0.00798806
2.349991	0.09436532	-0.05526662	0.10132873	0.00162036	-0.00381842	-0.01827016
2.366657	0.09438850	-0.05540403	0.10090332	0.00011090	-0.00777827	-0.02756524
2.383324	0.09440006	-0.05553035	0.10040072	-0.00017375	-0.01080703	-0.03375286
2.399991	0.09435417	-0.05574338	0.09971251	-0.00003174	-0.01211207	-0.03679312
2.416657	0.09433033	-0.05597819	0.09901406	-0.00027668	-0.01280300	-0.03783304
2.433324	0.09435873	-0.05624472	0.09835876	-0.00048340	-0.01332109	-0.03780987
2.449990	0.09438355	-0.05642577	0.09779733	0.00015438	-0.01346176	-0.03644358
2.466657	0.09436157	-0.05663544	0.09723489	0.00188374	-0.01380913	-0.03410904
2.483324	0.09433339	-0.05685021	0.09661238	0.00414224	-0.01443505	-0.03099089
2.499990	0.09440381	-0.05711889	0.09606765	0.00576245	-0.01481341	-0.02728354
2.516657	0.09461159	-0.05741069	0.09564241	0.00596105	-0.01385355	-0.02253012
2.533323	0.09480468	-0.05765677	0.09536750	0.00444462	-0.01119029	-0.01571505
2.549990	0.09486376	-0.05783862	0.09514866	0.00204098	-0.00654888	-0.00594145
2.566657	0.09478129	-0.05790999	0.09499974	-0.00045538	-0.00126282	0.00569342
2.583323	0.09467233	-0.05787504	0.09513566	-0.00241072	0.00311555	0.01671373
2.599990	0.09467994	-0.05772865	0.09563117	-0.00352481	0.00726746	0.02718344
2.616656	0.09467395	-0.05756680	0.09631883	-0.00407168	0.01178806	0.03732122
2.633323	0.09461384	-0.05741557	0.09696805	-0.00450505	0.01594222	0.04470541
2.649990	0.09445880	-0.05711650	0.09769265	-0.00488890	0.01821346	0.04693340
2.666656	0.09432116	-0.05671671	0.09858703	-0.00397930	0.01870923	0.04530433
2.683323	0.09428602	-0.05627704	0.09950057	-0.00136652	0.01714275	0.04142405
2.699989	0.09428576	-0.05603286	0.10016626	0.00156139	0.01303324	0.03452083
2.716656	0.09437931	-0.05588850	0.10060126	0.00307084	0.00771054	0.02486138
2.733323	0.09447293	-0.05585029	0.10088331	0.00286062	0.00361727	0.01544623
2.749989	0.09453314	-0.05584036	0.10108284	0.00162010	0.00180623	0.00854686
2.766656	0.09454204	-0.05583947	0.10115220	-0.00053708	0.00120979	0.00318976
2.783322	0.09447682	-0.05581234	0.10114665	-0.00244160	0.00067055	-0.00270867
2.799989	0.09443648	-0.05577557	0.10108344	-0.00247181	-0.00105814	-0.00972990
2.816656	0.09433460	-0.05576007	0.10092291	-0.00053019	-0.00437645	-0.01722179
2.833322	0.09431091	-0.05584854	0.10056557	0.00234843	-0.00898436	-0.02443144
2.849989	0.09440249	-0.05604860	0.10003534	0.00542729	-0.01397949	-0.03173617
2.866655	0.09455437	-0.05636563	0.09939790	0.00770445	-0.01787094	-0.03802519
2.883322	0.09475467	-0.05672799	0.09876319	0.00723927	-0.01908626	-0.04038487
2.899988	0.09489620	-0.05710683	0.09798825	0.00416277	-0.01714136	-0.03736876
2.916655	0.09496471	-0.05741014	0.09726581	-0.00030022	-0.01227846	-0.03126894
2.933322	0.09488750	-0.05758390	0.09673967	-0.00505766	-0.00591573	-0.02451839
2.949988	0.09472502	-0.05761104	0.09654949	-0.00851161	-0.00007745	-0.01810815
2.966655	0.09452768	-0.05749005	0.09642293	-0.00867888	0.00305034	-0.01344954
2.983321	0.09431715	-0.05734525	0.09623213	-0.00528461	0.00323858	-0.01144976
2.999988	0.09420941	-0.05725228	0.09595800	-0.00062604	0.00188292	-0.01098902
3.016655	0.09428552	-0.05730833	0.09574013	0.00336850	0.00043741	-0.00951327
3.033321	0.09448201	-0.05738890	0.09560349	0.00614456	0.00000725	-0.00552802
3.049988	0.09465280	-0.05740232	0.09556205	0.00694997	0.00110230	0.00146069
3.066654	0.09471980	-0.05733453	0.09557251	0.00560059	0.00357233	0.01037304
3.083321	0.09477824	-0.05722263	0.09577334	0.00212655	0.00592534	0.01941882
3.099988	0.09481655	-0.05712064	0.09621895	-0.00265219	0.00785613	0.02799224
3.116654	0.09482838	-0.05698046	0.09686149	-0.00791620	0.01002578	0.03682021
3.133321	0.09462506	-0.05683131	0.09753136	-0.01273000	0.01266952	0.04380087
3.149987	0.09429265	-0.05659139	0.09826600	-0.01588533	0.01425428	0.04615749
3.166654	0.09389953	-0.05628798	0.09916278	-0.01628580	0.01340801	0.04349808
3.183321	0.09361915	-0.05597270	0.10001024	-0.01300534	0.01011003	0.03769323
3.199987	0.09345280	-0.05581487	0.10063262	-0.00809345	0.00560087	0.03001515
3.216654	0.09337816	-0.05582529	0.10092149	-0.00294854	0.00090307	0.02149739
3.233320	0.09341830	-0.05594608	0.10110545	0.00101630	-0.00274153	0.01424456
3.249987	0.09343188	-0.05600440	0.10130561	0.00317158	-0.00407314	0.00943735
3.266654	0.09356569	-0.05607735	0.10148127	0.00343831	-0.00400655	0.00554165
3.283320	0.09362826	-0.05611089	0.10159319	0.00314900	-0.00407070	0.00009060
3.299987	0.09368378	-0.05617219	0.10155537	0.00284028	-0.00543095	-0.00766563
3.316653	0.09366773	-0.05626880	0.10135829	0.00212834	-0.00727820	-0.01682482
3.333320	0.09370363	-0.05638919	0.10101080	0.00161522	-0.00938723	-0.02563267
3.349987	0.09375926	-0.05661233	0.10046313	0.00209977	-0.01126221	-0.03283539
3.366653	0.09379553	-0.05679551	0.09981530	0.00345872	-0.01272145	-0.03781307
3.383320	0.09380981	-0.05704648	0.09910315	0.00447789	-0.01315834	-0.04023810
3.399987	0.09391225	-0.05725894	0.09839799	0.00539309	-0.01270929	-0.04089949
3.416653	0.09403045	-0.05749342	0.09773582	0.00571778	-0.01175552	-0.04037880
3.433320	0.09417396	-0.05767744	0.09708139	0.00509145	-0.00989760	-0.03836330
3.449986	0.09426376	-0.05783236	0.09641650	0.00371264	-0.00766621	-0.03459299
3.466653	0.09427048	-0.05794672	0.09581361	0.00248839	-0.00552198	-0.02952863
3.483320	0.09428183	-0.05799802	0.09533992	0.00178494	-0.00400625	-0.02362715
3.499986	0.09428231	-0.05803433	0.09506460	0.00199986	-0.00271381	-0.01592754
3.516653	0.09435088	-0.05807110	0.09485884	0.00288696	-0.00153842	-0.00661659
3.533319	0.09440728	-0.05811325	0.09474701	0.00356918	-0.00041068	0.00242111
3.549986	0.09447654	-0.05812133	0.09486762	0.00339852	0.00135216	0.01095310
3.566653	0.09455211	-0.05807915	0.09518149	0.00265536	0.00404544	0.02106164
3.583319	0.09458658	-0.05800522	0.09561993	0.00173197	0.00794211	0.03174060
3.599986	0.09459775	-0.05784986	0.09616166	0.00057034	0.01197039	0.03897816
3.616652	0.09459656	-0.05763163	0.09695936	-0.00070893	0.01511757	0.04068916
3.633319	0.09457003	-0.05727578	0.09785701	-0.00141040	0.01682050	0.03896274
3.649986	0.09455252	-0.05695242	0.09855058	-0.00087247	0.01676298	0.03631222
3.666652	0.09448408	-0.05665120	0.09893915	0.00153695	0.01500229	0.03253085
3.683319	0.09449870	-0.05644769	0.09930139	0.00473900	0.01190518	0.02778783
3.699985	0.09459580	-0.05628558	0.09984059	0.00697191	0.00886807	0.02280516
3.716652	0.09484609	-0.05615516	0.10037244	0.00704250	0.00640579	0.01748416
3.733319	0.09504176	-0.05609003	0.10065662	0.00535088	0.00472475	0.01038690
3.749985	0.09510286	-0.05602132	0.10062034	0.00266099	0.00345237	0.00192840
3.766652	0.09500681	-0.05599055	0.10049134	-0.00011940	0.00218238	-0.00640991
3.783318	0.09495268	-0.05594459	0.10034831	-0.00162919	-0.00017773	-0.01352271
3.799985	0.09493155	-0.05592277	0.10018794	-0.00112862	-0.00390054	-0.01990985
3.816652	0.09496877	-0.05598574	0.09980102	0.00006098	-0.00789988	-0.02616770
3.833318	0.09495250	-0.05618796	0.09924176	0.00029951	-0.01131789	-0.03175927
3.849985	0.09498698	-0.05648187	0.09855928	-0.00027269	-0.01331493	-0.03568644
3.866651	0.09496278	-0.05675419	0.09793958	-0.00049744	-0.01381462	-0.03721982
3.883318	0.09495318	-0.05696274	0.09734856	0.00081446	-0.01257141	-0.03645743
3.899985	0.09491125	-0.05712367	0.09675568	0.00319169	-0.01083771	-0.03444983
3.916651	0.09496365	-0.05730902	0.09614392	0.00556248	-0.00921700	-0.03198867
3.933318	0.09513840	-0.05744043	0.09561627	0.00720787	-0.00763103	-0.02923880
3.949984	0.09534410	-0.05760223	0.09515623	0.00752083	-0.00563326	-0.02561579
3.966651	0.09547960	-0.05765030	0.09481128	0.00652759	-0.00307475	-0.02105393
3.983318	0.09555152	-0.05769762	0.09444247	0.00438487	-0.00050634	-0.01594747
3.999984	0.09554159	-0.05766068	0.09421238	0.00175507	0.00224168	-0.01013745
4.016651	0.09561864	-0.05759899	0.09405608	-0.00013612	0.00461092	-0.00269686
4.033318	0.09558314	-0.05752505	0.09408101	-0.00036996	0.00693086	0.00760573
4.049984	0.09555179	-0.05736180	0.09424228	-0.00012495	0.00881178	0.01907740
4.066650	0.09549499	-0.05722104	0.09463075	-0.00093025	0.01028164	0.02876814
4.083317	0.09554819	-0.05699321	0.09531938	-0.00298095	0.01105538	0.03545909
4.099984	0.09556668	-0.05680980	0.09608605	-0.00624033	0.01183500	0.04137897
4.116651	0.09544730	-0.05661659	0.09677437	-0.00959560	0.01337828	0.04677426
4.133317	0.09516090	-0.05642745	0.09743082	-0.01301756	0.01528917	0.04948714
4.149983	0.09484056	-0.05616606	0.09831536	-0.01473056	0.01646397	0.04834324
4.166650	0.09460712	-0.05581119	0.09935933	-0.01316199	0.01597958	0.04446882
4.183317	0.09438490	-0.05546338	0.10019519	-0.00815227	0.01384541	0.03881004
4.199984	0.09425920	-0.05526169	0.10064632	-0.00147313	0.01008429	0.03055517
4.216650	0.09424332	-0.05516412	0.10091554	0.00490056	0.00530860	0.02106820
4.233316	0.09444451	-0.05516439	0.10123426	0.00971135	0.00129477	0.01297468
4.249983	0.09475187	-0.05515662	0.10150261	0.01246919	-0.00177403	0.00560811
4.266650	0.09501678	-0.05521735	0.10159051	0.01316858	-0.00408156	-0.00286815
4.283317	0.09519096	-0.05526779	0.10142910	0.01159360	-0.00629759	-0.01227078
4.299983	0.09533255	-0.05543410	0.10104413	0.00861615	-0.00808883	-0.02008889
4.316649	0.09549058	-0.05556894	0.10061040	0.00493145	-0.00940392	-0.02514510
4.333316	0.09559867	-0.05579071	0.10012075	0.00056077	-0.01090425	-0.02835244
4.349983	0.09558398	-0.05592064	0.09969260	-0.00439783	-0.01293800	-0.03180524
4.366650	0.09542687	-0.05613609	0.09918301	-0.00938702	-0.01572483	-0.03623559
4.383316	0.09517602	-0.05639697	0.09856290	-0.01252347	-0.01843147	-0.04093939
4.399982	0.09491803	-0.05677953	0.09776974	-0.01211123	-0.02031031	-0.04420264
4.416649	0.09465706	-0.05719845	0.09691851	-0.00869304	-0.02032778	-0.04507365
4.433316	0.09452850	-0.05756126	0.09610891	-0.00373004	-0.01852410	-0.04371824
4.449982	0.09454318	-0.05783271	0.09546182	0.00165467	-0.01519397	-0.04006018
4.466649	0.09465469	-0.05803958	0.09483341	0.00686730	-0.01179687	-0.03552767
4.483315	0.09483132	-0.05818576	0.09427175	0.01100604	-0.00887558	-0.03112231
4.499982	0.09501418	-0.05831963	0.09376547	0.01385735	-0.00645525	-0.02678345
4.516649	0.09528814	-0.05841669	0.09334156	0.01451535	-0.00336859	-0.02130748
4.533315	0.09558003	-0.05846611	0.09304466	0.01210333	0.00109217	-0.01401754
4.549982	0.09586665	-0.05846490	0.09281693	0.00632948	0.00710982	-0.00407429
4.566648	0.09595608	-0.05828645	0.09278715	-0.00171371	0.01321395	0.00806007
4.583315	0.09581912	-0.05799981	0.09298261	-0.00945602	0.01786651	0.02127589
4.599982	0.09548076	-0.05754980	0.09350292	-0.01485611	0.02014352	0.03350237
4.616648	0.09510898	-0.05716836	0.09425287	-0.01545871	0.02035175	0.04253225
4.633315	0.09482668	-0.05684616	0.09512682	-0.01170841	0.01887934	0.04712127
4.649981	0.09464235	-0.05660432	0.09597606	-0.00567826	0.01653853	0.04687946
4.666648	0.09466993	-0.05633494	0.09676343	-0.00032533	0.01465697	0.04363923
4.683315	0.09473884	-0.05609120	0.09744930	0.00358460	0.01239686	0.03797300
4.699981	0.09489338	-0.05586520	0.09803338	0.00591999	0.00904249	0.03143025
4.716648	0.09495127	-0.05571703	0.09855518	0.00666457	0.00482502	0.02578000
4.733315	0.09507228	-0.05569388	0.09885279	0.00573049	0.00109852	0.02186717
4.749981	0.09518255	-0.05575814	0.09914567	0.00340009	-0.00141547	0.01824747
4.766648	0.09529202	-0.05585214	0.09940378	0.00087794	-0.00245159	0.01438869
4.783314	0.09525958	-0.05588975	0.09973381	-0.00155315	-0.00263047	0.00995211
4.799981	0.09514374	-0.05589095	0.09989003	-0.00324210	-0.00302066	0.00381598
4.816648	0.09502952	-0.05590684	0.09989768	-0.00375771	-0.00506606	-0.00445200
4.833314	0.09498650	-0.05599026	0.09971491	-0.00223295	-0.00842575	-0.01425905
4.849981	0.09498090	-0.05616315	0.09941579	0.00025623	-0.01261180	-0.02383163
4.866647	0.09499401	-0.05645805	0.09894146	0.00187886	-0.01667536	-0.03213388
4.883314	0.09506080	-0.05674804	0.09831043	0.00157063	-0.01956031	-0.03778152
4.899981	0.09513409	-0.05714769	0.09754116	-0.00023544	-0.01996886	-0.04027207
4.916647	0.09514707	-0.05749574	0.09678604	-0.00322719	-0.01830652	-0.04002699
4.933314	0.09504091	-0.05785529	0.09613155	-0.00686868	-0.01596228	-0.03791958
4.949980	0.09486285	-0.05804044	0.09558779	-0.01030680	-0.01357672	-0.03429169
4.966647	0.09463757	-0.05819548	0.09504613	-0.01177032	-0.01142002	-0.02997999
4.983314	0.09442072	-0.05835781	0.09452631	-0.01126137	-0.00960419	-0.02572405
4.999980	0.09419104	-0.05855396	0.09410527	-0.01001291	-0.00834075	-0.02112643
5.016647	0.09408525	-0.05870964	0.09381823	-0.00853918	-0.00667739	-0.01566979
5.033313	0.09396453	-0.05879829	0.09362384	-0.00633410	-0.00431217	-0.00966389
5.049980	0.09387691	-0.05881846	0.09351026	-0.00349180	-0.00086779	-0.00289225
5.066647	0.09377642	-0.05882860	0.09346735	-0.00128460	0.00305047	0.00489356
5.083313	0.09379353	-0.05877510	0.09357523	0.00029735	0.00755566	0.01426829
5.099980	0.09388729	-0.05861790	0.09389506	0.00153512	0.01277895	0.02483318
5.116646	0.09393249	-0.05836566	0.09440253	0.00276887	0.01738723	0.03422892
5.133313	0.09394901	-0.05797715	0.09513511	0.00339729	0.01972107	0.03940583
5.149980	0.09395733	-0.05755840	0.09594668	0.00414802	0.01917794	0.03963866
5.166646	0.09406162	-0.05720618	0.09669256	0.00586378	0.01709429	0.03663297
5.183313	0.09418941	-0.05697251	0.09721804	0.00869397	0.01490342	0.03298042
5.199979	0.09434561	-0.05685683	0.09759949	0.01167343	0.01277700	0.02934538
5.216646	0.09453972	-0.05664435	0.09801880	0.01353292	0.01063664	0.02510863
5.233313	0.09481844	-0.05640672	0.09855536	0.01363320	0.00901161	0.02106820
5.249979	0.09511728	-0.05622710	0.09896199	0.01190268	0.00778483	0.01708011
5.266646	0.09534273	-0.05616670	0.09913593	0.00835973	0.00652703	0.01266943
5.283312	0.09541459	-0.05615070	0.09919335	0.00358792	0.00558857	0.00838782
5.299979	0.09540664	-0.05605139	0.09926354	-0.00118845	0.00516018	0.00553066
5.316646	0.09531343	-0.05590374	0.09942787	-0.00420587	0.00427889	0.00339293
5.333312	0.09522188	-0.05578877	0.09951961	-0.00461241	0.00150908	-0.00017665
5.349979	0.09508501	-0.05575908	0.09951437	-0.00353256	-0.00312792	-0.00696945
5.366645	0.09503628	-0.05589200	0.09934258	-0.00239921	-0.00802431	-0.01587568
5.383312	0.09505577	-0.05610419	0.09900655	-0.00214212	-0.01154964	-0.02396123
5.399979	0.09507921	-0.05637917	0.09847174	-0.00223366	-0.01330753	-0.02981756
5.416645	0.09503709	-0.05661730	0.09784752	-0.00277334	-0.01360194	-0.03328798
5.433312	0.09490195	-0.05680971	0.09724940	-0.00295089	-0.01344045	-0.03509133
5.449978	0.09483754	-0.05702128	0.09670068	-0.00230306	-0.01336718	-0.03564755
5.466645	0.09480129	-0.05722767	0.09614767	-0.00066538	-0.01348495	-0.03491065
5.483312	0.09486307	-0.05749592	0.09551871	0.00107352	-0.01267393	-0.03239566
5.499978	0.09489267	-0.05772932	0.09489708	0.00120134	-0.01018126	-0.02738792
5.516645	0.09493572	-0.05792047	0.09443142	-0.00010051	-0.00589293	-0.01984515
5.533311	0.09494455	-0.05797899	0.09418550	-0.00216258	-0.00071749	-0.01157009
5.549978	0.09485764	-0.05792118	0.09416176	-0.00343641	0.00375526	-0.00438196
5.566645	0.09477144	-0.05776260	0.09421692	-0.00431286	0.00647749	0.00056688
5.583311	0.09463920	-0.05759992	0.09424330	-0.00535572	0.00681472	0.00343738
5.599978	0.09462644	-0.05747029	0.09429821	-0.00617439	0.00558671	0.00556859
5.616644	0.09453336	-0.05741037	0.09436049	-0.00697731	0.00372108	0.00892512
5.633311	0.09438062	-0.05739637	0.09454127	-0.00820614	0.00227411	0.01392672
5.649978	0.09421916	-0.05737349	0.09479403	-0.00960793	0.00221877	0.02036878
5.666644	0.09401972	-0.05735775	0.09519609	-0.00962019	0.00411350	0.02730723
5.683311	0.09387788	-0.05729715	0.09570295	-0.00778097	0.00657352	0.03224166
5.699977	0.09371553	-0.05716640	0.09635925	-0.00428369	0.00883499	0.03453551
5.716644	0.09364340	-0.05693744	0.09704456	-0.00000820	0.01081085	0.03507010
5.733311	0.09370249	-0.05673992	0.09759679	0.00353375	0.01207496	0.03400097
5.749977	0.09384148	-0.05652773	0.09809807	0.00484427	0.01192261	0.03009152
5.766644	0.09403461	-0.05634589	0.09859736	0.00333836	0.01042912	0.02446847
5.783310	0.09408992	-0.05614178	0.09906106	0.00040934	0.00782970	0.01974140
5.799977	0.09400569	-0.05601123	0.09931547	-0.00240971	0.00441268	0.01604060
5.816644	0.09385823	-0.05595813	0.09942016	-0.00410115	0.00094261	0.01203765
5.833310	0.09375504	-0.05602551	0.09958784	-0.00418497	-0.00164133	0.00781290
5.849977	0.09374804	-0.05611352	0.09977701	-0.00356538	-0.00270751	0.00394554
5.866643	0.09373252	-0.05619397	0.09988289	-0.00302931	-0.00283177	-0.00117228
5.883310	0.09368536	-0.05619488	0.09979851	-0.00246604	-0.00246338	-0.00861812
5.899977	0.09358558	-0.05619996	0.09956194	-0.00080575	-0.00282780	-0.01737821
5.916643	0.09352683	-0.05624418	0.09919411	0.00202455	-0.00407632	-0.02538479
5.933310	0.09359188	-0.05632190	0.09870236	0.00452211	-0.00563434	-0.03094957
5.949976	0.09378085	-0.05647825	0.09808069	0.00495484	-0.00641898	-0.03362177
5.966643	0.09396437	-0.05659682	0.09743267	0.00287612	-0.00612809	-0.03405871
5.983310	0.09400834	-0.05671866	0.09684493	-0.00003051	-0.00553636	-0.03397508
5.999976	0.09386857	-0.05677017	0.09636600	-0.00141524	-0.00692057	-0.03342094
6.016643	0.09370932	-0.05681378	0.09587419	0.00014059	-0.01055699	-0.03179559
6.033309	0.09369624	-0.05695648	0.09526219	0.00308768	-0.01440952	-0.02909556
6.049976	0.09388319	-0.05732548	0.09470893	0.00428857	-0.01636545	-0.02562928
6.066643	0.09414538	-0.05775467	0.09429832	0.00227929	-0.01559057	-0.02074779
6.083309	0.09420377	-0.05808764	0.09408774	-0.00218567	-0.01158935	-0.01405565
6.099976	0.09400865	-0.05815008	0.09391942	-0.00782359	-0.00417975	-0.00562663
6.116642	0.09371202	-0.05813158	0.09380693	-0.01229056	0.00408364	0.00293018
6.133309	0.09347458	-0.05799731	0.09386451	-0.01311009	0.01011392	0.01057245
6.149976	0.09328217	-0.05775769	0.09421054	-0.01075875	0.01337869	0.01789499
6.166642	0.09310881	-0.05745664	0.09464411	-0.00714301	0.01493048	0.02479682
6.183309	0.09300064	-0.05716595	0.09511397	-0.00341875	0.01465807	0.02986521
6.199975	0.09296456	-0.05693651	0.09557847	0.00075352	0.01313328	0.03186831
6.216642	0.09303965	-0.05675239	0.09617576	0.00474090	0.01144255	0.03156522
6.233309	0.09315658	-0.05659234	0.09679897	0.00697820	0.01076300	0.03015463
6.249975	0.09335171	-0.05643776	0.09730501	0.00713381	0.01098646	0.02774398
6.266642	0.09350348	-0.05625435	0.09767967	0.00531933	0.01171770	0.02467396
6.283309	0.09356934	-0.05603101	0.09801129	0.00226875	0.01211534	0.02190490
6.299975	0.09357178	-0.05581451	0.09835025	-0.00094161	0.01127933	0.01910921
6.316642	0.09347844	-0.05558667	0.09874062	-0.00252695	0.00897992	0.01566163
6.333308	0.09340555	-0.05545600	0.09901161	-0.00236233	0.00528680	0.01051944
6.349975	0.09333221	-0.05539556	0.09913842	-0.00034694	-0.00005666	0.00298755
6.366642	0.09336691	-0.05543224	0.09911757	0.00292466	-0.00588306	-0.00598534
6.383308	0.09342888	-0.05557309	0.09893717	0.00572147	-0.01117716	-0.01453837
6.399975	0.09359441	-0.05585095	0.09861504	0.00709954	-0.01513515	-0.02211002
6.416641	0.09376639	-0.05615839	0.09814712	0.00668018	-0.01728467	-0.02800908
6.433308	0.09388833	-0.05652051	0.09760658	0.00529690	-0.01778162	-0.03250638
6.449975	0.09394830	-0.05678215	0.09700741	0.00276358	-0.01701161	-0.03584995
6.466641	0.09393140	-0.05705965	0.09641761	-0.00019323	-0.01654030	-0.03875219
6.483308	0.09394576	-0.05729658	0.09574784	-0.00252367	-0.01674882	-0.04065247
6.499974	0.09386519	-0.05755217	0.09505614	-0.00347463	-0.01706108	-0.04056742
6.516641	0.09377342	-0.05789823	0.09426863	-0.00327968	-0.01620508	-0.03777232
6.533308	0.09367725	-0.05819659	0.09362396	-0.00229315	-0.01462655	-0.03267763
6.549974	0.09365441	-0.05846184	0.09311090	-0.00042435	-0.01232422	-0.02591985
6.566641	0.09369906	-0.05857419	0.09282184	0.00130684	-0.00920772	-0.01800604
6.583307	0.09375053	-0.05869152	0.09258278	0.00219502	-0.00446720	-0.00833988
6.599974	0.09381430	-0.05878830	0.09245761	0.00176315	0.00133414	0.00274127
6.616641	0.09383191	-0.05880079	0.09247902	0.00006296	0.00712722	0.01280592
6.633307	0.09383128	-0.05857470	0.09289835	-0.00216865	0.01288246	0.02150399
6.649974	0.09378400	-0.05823624	0.09347025	-0.00297518	0.01760449	0.03046916
6.666640	0.09366542	-0.05784575	0.09403747	-0.00151773	0.02003052	0.03915087
6.683307	0.09357315	-0.05751666	0.09458607	0.00083883	0.01952343	0.04349044
6.699974	0.09363177	-0.05719935	0.09540887	0.00270029	0.01696802	0.04221214
6.716640	0.09380276	-0.05691333	0.09638311	0.00371931	0.01349501	0.03814168
6.733307	0.09394223	-0.05669888	0.09709309	0.00369699	0.01062489	0.03323155
6.749973	0.09393474	-0.05657961	0.09737024	0.00211243	0.00856774	0.02685922
6.766640	0.09389428	-0.05652158	0.09757862	-0.00063319	0.00717447	0.02058648
6.783307	0.09388718	-0.05640305	0.09792142	-0.00273035	0.00601015	0.01766238
6.799973	0.09387214	-0.05626437	0.09835479	-0.00320868	0.00502309	0.01757621
6.816640	0.09378234	-0.05614481	0.09863141	-0.00247252	0.00332863	0.01622311
6.833306	0.09367914	-0.05612944	0.09884126	-0.00146673	0.00088580	0.01192310
6.849973	0.09364659	-0.05615120	0.09901021	-0.00047662	-0.00154287	0.00651243
6.866640	0.09373243	-0.05623629	0.09912515	0.00062391	-0.00324221	0.00172422
6.883306	0.09378343	-0.05628324	0.09910758	0.00145339	-0.00435406	-0.00330278
6.899973	0.09379288	-0.05636589	0.09897245	0.00108440	-0.00501357	-0.00887263
6.916639	0.09376334	-0.05643281	0.09878219	-0.00054740	-0.00532292	-0.01450529
6.933306	0.09377477	-0.05656115	0.09850670	-0.00199140	-0.00604278	-0.01968455
6.949973	0.09375546	-0.05665432	0.09814847	-0.00224155	-0.00736754	-0.02432646
6.966639	0.09367304	-0.05676181	0.09767782	-0.00142754	-0.00892652	-0.02835099
6.983306	0.09360008	-0.05690900	0.09713620	-0.00048038	-0.01028998	-0.03155773
6.999972	0.09360908	-0.05712397	0.09658165	0.00041723	-0.01186471	-0.03369862
7.016639	0.09369713	-0.05735490	0.09600519	0.00133277	-0.01334149	-0.03423488
7.033306	0.09375250	-0.05757903	0.09542112	0.00154637	-0.01388019	-0.03221942
7.049972	0.09374366	-0.05780993	0.09483425	0.00085231	-0.01312080	-0.02801452
7.066639	0.09373404	-0.05806033	0.09434009	-0.00002917	-0.01184492	-0.02264628
7.083305	0.09371114	-0.05825399	0.09406594	-0.00010029	-0.01043216	-0.01682415
7.099972	0.09373240	-0.05839595	0.09388532	-0.00048936	-0.00813975	-0.01017463
7.116639	0.09372771	-0.05850438	0.09378273	-0.00187279	-0.00453355	-0.00347627
7.133305	0.09374399	-0.05859992	0.09368804	-0.00406412	-0.00033543	0.00238304
7.149972	0.09362800	-0.05859471	0.09379175	-0.00622454	0.00354860	0.00784966
7.166638	0.09348547	-0.05845968	0.09401701	-0.00717661	0.00672563	0.01534356
7.183305	0.09328292	-0.05825302	0.09432682	-0.00596790	0.00927623	0.02479187
7.199972	0.09317193	-0.05807382	0.09469632	-0.00320905	0.01074115	0.03257783
7.216638	0.09315726	-0.05792839	0.09537310	-0.00137318	0.01114619	0.03647263
7.233305	0.09325652	-0.05774862	0.09619729	-0.00151605	0.01099445	0.03767438
7.249971	0.09330160	-0.05754303	0.09694578	-0.00261535	0.01109357	0.03792346
7.266638	0.09319118	-0.05732656	0.09740427	-0.00314684	0.01139019	0.03608863
7.283305	0.09298689	-0.05716417	0.09786204	-0.00244451	0.01106352	0.03187490
7.299971	0.09291939	-0.05698661	0.09847228	0.00022113	0.00949107	0.02618696
7.316638	0.09300341	-0.05680859	0.09905110	0.00430906	0.00699370	0.01968406
7.333304	0.09319652	-0.05667016	0.09936240	0.00749252	0.00441452	0.01099889
7.349971	0.09336594	-0.05664144	0.09932303	0.00786814	0.00158370	0.00041638
7.366638	0.09350681	-0.05668915	0.09916907	0.00549080	-0.00141932	-0.01010549
7.383304	0.09357826	-0.05673230	0.09895227	0.00246120	-0.00420872	-0.01835249
7.399971	0.09358769	-0.05680272	0.09864292	0.00127785	-0.00647056	-0.02416076
7.416637	0.09351065	-0.05690739	0.09814171	0.00228376	-0.00941703	-0.02888661
7.433304	0.09350526	-0.05709599	0.09754657	0.00462757	-0.01324799	-0.03366360
7.449971	0.09363573	-0.05732868	0.09694966	0.00664527	-0.01726731	-0.03790125
7.466637	0.09386378	-0.05768312	0.09636232	0.00704828	-0.02047806	-0.04025929
7.483304	0.09406567	-0.05806361	0.09564043	0.00545563	-0.02182302	-0.04000225
7.499970	0.09409895	-0.05850172	0.09487779	0.00189607	-0.02066417	-0.03650683
7.516637	0.09403852	-0.05886441	0.09417264	-0.00301407	-0.01648261	-0.02909646
7.533304	0.09396025	-0.05912914	0.09374619	-0.00686205	-0.01030274	-0.01799401
7.549970	0.09382412	-0.05924829	0.09358649	-0.00781696	-0.00317601	-0.00418985
7.566637	0.09363019	-0.05919076	0.09366583	-0.00616002	0.00389985	0.01051098
7.583303	0.09346265	-0.05906507	0.09392472	-0.00388423	0.01037479	0.02323082
7.599970	0.09343787	-0.05883017	0.09444872	-0.00221376	0.01565472	0.03224788
7.616637	0.09355374	-0.05852971	0.09517163	-0.00127540	0.01992185	0.03830303
7.633303	0.09357024	-0.05814895	0.09593931	-0.00222494	0.02369825	0.04256120
7.649970	0.09349240	-0.05770824	0.09660688	-0.00474127	0.02605139	0.04342249
7.666636	0.09334117	-0.05724607	0.09730852	-0.00651317	0.02554043	0.04007027
7.683303	0.09315220	-0.05674078	0.09806712	-0.00623590	0.02199828	0.03507945
7.699970	0.09306627	-0.05635178	0.09868525	-0.00487493	0.01689873	0.03061914
7.716636	0.09302065	-0.05614811	0.09905738	-0.00340865	0.01133804	0.02604540
7.733303	0.09303191	-0.05608668	0.09934013	-0.00214697	0.00589265	0.02087400
7.749969	0.09299429	-0.05606553	0.09967504	-0.00172038	0.00215390	0.01586283
7.766636	0.09292502	-0.05602564	0.10002869	-0.00164524	0.00061920	0.01070720
7.783303	0.09291667	-0.05604163	0.10020353	-0.00065692	0.00019547	0.00419503
7.799969	0.09287681	-0.05604437	0.10017575	0.00232921	-0.00077004	-0.00395747
7.816636	0.09292540	-0.05605840	0.09997206	0.00562331	-0.00224869	-0.01271484
7.833302	0.09303678	-0.05607071	0.09970168	0.00711012	-0.00443842	-0.02135781
7.849969	0.09327748	-0.05616317	0.09932521	0.00682476	-0.00773522	-0.02915133
7.866635	0.09345866	-0.05629887	0.09879111	0.00495805	-0.01156409	-0.03515086
7.883302	0.09347241	-0.05655403	0.09805266	0.00243534	-0.01490653	-0.03883716
7.899969	0.09342596	-0.05685083	0.09728487	-0.00030466	-0.01685136	-0.03993359
7.916636	0.09334323	-0.05719273	0.09659333	-0.00206240	-0.01749204	-0.03871292
7.933302	0.09337292	-0.05749032	0.09603018	-0.00277751	-0.01670173	-0.03624886
7.949968	0.09333597	-0.05774407	0.09549180	-0.00235178	-0.01523013	-0.03387554
7.966635	0.09327974	-0.05798725	0.09493390	-0.00123758	-0.01337057	-0.03124864
7.983302	0.09318523	-0.05818078	0.09436614	-0.00028573	-0.01095404	-0.02651560
7.999969	0.09320963	-0.05838809	0.09387883	0.00010032	-0.00667470	-0.01879796
8.016635	0.09329716	-0.05850427	0.09359169	-0.00059352	-0.00057759	-0.00876546
8.033301	0.09334870	-0.05850872	0.09358831	-0.00154056	0.00654676	0.00342329
8.049968	0.09325811	-0.05828797	0.09376974	-0.00278966	0.01348713	0.01791834
8.066635	0.09309860	-0.05794981	0.09412916	-0.00393761	0.01870986	0.03204243
8.083302	0.09303253	-0.05753412	0.09473996	-0.00409009	0.02121442	0.04152188
8.099968	0.09301364	-0.05715586	0.09570123	-0.00302037	0.02087303	0.04508017
8.116634	0.09300079	-0.05681028	0.09670136	-0.00204516	0.01915075	0.04452656
8.133301	0.09295268	-0.05652384	0.09742453	-0.00219394	0.01714251	0.04116540
8.149968	0.09289911	-0.05627448	0.09787284	-0.00278020	0.01500538	0.03510012
8.166635	0.09286632	-0.05602911	0.09833616	-0.00271497	0.01274421	0.02893351
8.183301	0.09280394	-0.05580820	0.09889909	-0.00152387	0.01085898	0.02556170
8.199967	0.09276284	-0.05565932	0.09935093	0.00015568	0.00877037	0.02411245
8.216634	0.09276543	-0.05554377	0.09966073	0.00215606	0.00627552	0.02148529
8.233301	0.09284709	-0.05544918	0.09994185	0.00427244	0.00374876	0.01691952
8.249968	0.09295296	-0.05540172	0.10026117	0.00566403	0.00182493	0.01162321
8.266634	0.09307781	-0.05538971	0.10050853	0.00588933	0.00044856	0.00575604
8.283300	0.09318229	-0.05543884	0.10053784	0.00493700	-0.00106674	-0.00179783
8.299967	0.09325954	-0.05544717	0.10039078	0.00344106	-0.00288501	-0.01128056
8.316634	0.09330437	-0.05547319	0.10012771	0.00218385	-0.00490770	-0.02110806
8.333301	0.09330402	-0.05556266	0.09972924	0.00144382	-0.00671438	-0.02883356
8.349967	0.09330487	-0.05571403	0.09915408	0.00073582	-0.00791672	-0.03322689
8.366633	0.09333088	-0.05592652	0.09842785	0.00017520	-0.00828206	-0.03513272
8.383300	0.09335426	-0.05606242	0.09777954	-0.00009358	-0.00780010	-0.03617372
8.399967	0.09333656	-0.05615516	0.09726716	-0.00022754	-0.00681016	-0.03650318
8.416634	0.09330805	-0.05623898	0.09676350	-0.00042264	-0.00596609	-0.03535892
8.433300	0.09328868	-0.05632467	0.09611394	-0.00093978	-0.00552751	-0.03337307
8.449966	0.09330727	-0.05645318	0.09542086	-0.00188549	-0.00456301	-0.03071834
8.466633	0.09329896	-0.05653717	0.09491825	-0.00354310	-0.00258538	-0.02668980
8.483300	0.09322311	-0.05658835	0.09458795	-0.00540475	0.00040714	-0.02071042
8.499967	0.09309015	-0.05654030	0.09436011	-0.00722489	0.00384383	-0.01435077
8.516633	0.09290991	-0.05642854	0.09411551	-0.00859145	0.00666235	-0.00947759
8.533299	0.09278709	-0.05627105	0.09397711	-0.00873755	0.00798862	-0.00594991
8.549966	0.09262867	-0.05609497	0.09393680	-0.00737640	0.00790688	-0.00147351
8.566633	0.09249333	-0.05595779	0.09396069	-0.00539856	0.00734174	0.00582351
8.583300	0.09240121	-0.05587538	0.09402031	-0.00356370	0.00654126	0.01488472
8.599966	0.09238683	-0.05579091	0.09427727	-0.00184894	0.00612837	0.02398113
8.616632	0.09240909	-0.05569060	0.09483136	-0.00067499	0.00656430	0.03170994
8.633299	0.09240835	-0.05557533	0.09556540	-0.00003241	0.00731922	0.03767125
8.649966	0.09239188	-0.05543622	0.09629435	0.00015952	0.00735839	0.04076318
8.666633	0.09237589	-0.05529576	0.09692078	0.00011064	0.00681178	0.04032583
8.683299	0.09239475	-0.05516646	0.09757787	-0.00006329	0.00634151	0.03773917
8.699965	0.09242091	-0.05510273	0.09823412	-0.00010807	0.00621154	0.03487277
8.716632	0.09241212	-0.05502708	0.09882572	0.00069943	0.00637018	0.03185679
8.733299	0.09238234	-0.05491957	0.09930969	0.00180417	0.00633110	0.02750348
8.749966	0.09238698	-0.05477089	0.09970862	0.00321222	0.00552982	0.02209922
8.766632	0.09250972	-0.05463548	0.10006722	0.00442454	0.00369435	0.01664440
8.783298	0.09261348	-0.05459839	0.10030229	0.00504701	0.00132207	0.01159594
8.799965	0.09274980	-0.05463572	0.10043716	0.00495313	-0.00127795	0.00599297
8.816632	0.09276693	-0.05471040	0.10047856	0.00471009	-0.00367539	-0.00074033
8.833299	0.09282598	-0.05476581	0.10045820	0.00416687	-0.00566632	-0.00810544
8.849965	0.09289014	-0.05484923	0.10028878	0.00377731	-0.00827088	-0.01616276
8.866632	0.09301168	-0.05499033	0.09993822	0.00425184	-0.01252531	-0.02514626
8.883298	0.09305111	-0.05520517	0.09943052	0.00534965	-0.01798637	-0.03494340
8.899964	0.09311616	-0.05555996	0.09876736	0.00746059	-0.02394136	-0.04441182
8.916632	0.09320405	-0.05603575	0.09795990	0.00997689	-0.02997358	-0.05180174
8.933298	0.09342805	-0.05659095	0.09697539	0.01139366	-0.03424373	-0.05426801
8.949965	0.09372468	-0.05723608	0.09591065	0.00945203	-0.03482573	-0.05096440
8.966631	0.09396859	-0.05790615	0.09495360	0.00472823	-0.03196863	-0.04328763
8.983297	0.09401479	-0.05847199	0.09435079	-0.00055213	-0.02710808	-0.03328124
8.999965	0.09381056	-0.05883731	0.09400078	-0.00410275	-0.02074628	-0.02224376
9.016631	0.09359444	-0.05905936	0.09378676	-0.00529146	-0.01391869	-0.01180706
9.033298	0.09350803	-0.05924544	0.09358041	-0.00438517	-0.00762156	-0.00325957
9.049964	0.09356249	-0.05934109	0.09356178	-0.00313086	-0.00178494	0.00355931
9.066630	0.09359156	-0.05936741	0.09372846	-0.00317396	0.00450224	0.01082782
9.083298	0.09351313	-0.05922180	0.09403900	-0.00425020	0.01144324	0.01930885
9.099964	0.09334110	-0.05896231	0.09434926	-0.00550511	0.01848584	0.02786163
9.116631	0.09320688	-0.05857718	0.09484837	-0.00545586	0.02453434	0.03397020
9.133297	0.09315256	-0.05810168	0.09550903	-0.00331105	0.02824692	0.03698986
9.149963	0.09311750	-0.05755398	0.09636346	0.00060443	0.02965294	0.03773004
9.166631	0.09313126	-0.05700610	0.09698534	0.00470119	0.02919929	0.03578476
9.183297	0.09321544	-0.05653207	0.09750134	0.00768009	0.02757664	0.03124186
9.199964	0.09343929	-0.05611582	0.09791256	0.00943575	0.02543532	0.02700846
9.216630	0.09367680	-0.05572913	0.09834647	0.00943415	0.02323262	0.02527120
9.233296	0.09383854	-0.05534595	0.09873828	0.00763434	0.02053643	0.02373537
9.249964	0.09393582	-0.05497992	0.09916536	0.00417912	0.01673537	0.02056048
9.266630	0.09393476	-0.05470056	0.09953940	0.00075721	0.01198758	0.01615799
9.283297	0.09395175	-0.05455270	0.09979313	-0.00145294	0.00637426	0.01179677
9.299963	0.09386049	-0.05452921	0.09986160	-0.00146125	-0.00003558	0.00636241
9.316629	0.09381337	-0.05457143	0.09990986	0.00075892	-0.00574189	-0.00007100
9.333297	0.09377602	-0.05470949	0.09993359	0.00434959	-0.01008995	-0.00674925
9.349963	0.09390896	-0.05496013	0.09980614	0.00770199	-0.01324918	-0.01410207
9.366630	0.09413902	-0.05521550	0.09950387	0.00920080	-0.01503066	-0.02280375
9.383296	0.09439181	-0.05551419	0.09900690	0.00868808	-0.01511485	-0.03133309
9.399962	0.09451985	-0.05575637	0.09838463	0.00690537	-0.01445260	-0.03777537
9.416630	0.09455138	-0.05598691	0.09766502	0.00559995	-0.01398941	-0.04096766
9.433296	0.09454980	-0.05618110	0.09690769	0.00522169	-0.01336475	-0.04063756
9.449963	0.09465795	-0.05640447	0.09619274	0.00580559	-0.01283025	-0.03773320
9.466629	0.09482938	-0.05665372	0.09558339	0.00619105	-0.01224344	-0.03252634
9.483295	0.09497463	-0.05684549	0.09510826	0.00484856	-0.01130440	-0.02583402
9.499963	0.09505728	-0.05703383	0.09471480	0.00102044	-0.00922000	-0.01835599
9.516629	0.09503143	-0.05716369	0.09447832	-0.00350883	-0.00643496	-0.01094893
9.533296	0.09492462	-0.05727845	0.09433801	-0.00721469	-0.00377094	-0.00399990
9.549962	0.09471302	-0.05729845	0.09437843	-0.00957433	-0.00116732	0.00193734
9.566628	0.09452510	-0.05727401	0.09447552	-0.01108587	0.00059407	0.00651887
9.583296	0.09433802	-0.05723783	0.09465410	-0.01132236	0.00122115	0.01052548
9.599962	0.09418076	-0.05717577	0.09482890	-0.01096737	0.00134761	0.01621398
9.616629	0.09395912	-0.05719520	0.09506305	-0.01164843	0.00221577	0.02474884
9.633295	0.09380475	-0.05719034	0.09544972	-0.01368964	0.00319596	0.03413877
9.649961	0.09358162	-0.05714336	0.09617382	-0.01579913	0.00347582	0.04218524
9.666629	0.09330851	-0.05699729	0.09710241	-0.01695606	0.00273283	0.04724525
9.683295	0.09292623	-0.05690135	0.09803490	-0.01701727	0.00101692	0.04784442
9.699962	0.09260383	-0.05691702	0.09880636	-0.01553515	-0.00132973	0.04357892
9.716628	0.09236483	-0.05703855	0.09946173	-0.01278018	-0.00336749	0.03656260
9.733294	0.09222576	-0.05714092	0.10001019	-0.00886477	-0.00408496	0.02893586
9.749962	0.09211043	-0.05721278	0.10045341	-0.00475867	-0.00364916	0.02150019
9.766628	0.09202365	-0.05721476	0.10075560	-0.00116107	-0.00262476	0.01390023
9.783295	0.09203495	-0.05725425	0.10090950	0.00147440	-0.00141726	0.00717468
9.799961	0.09212749	-0.05729272	0.10094159	0.00285209	-0.00022078	0.00205804
9.816628	0.09224367	-0.05731836	0.10087029	0.00293930	0.00059990	-0.00173279
9.833295	0.09230438	-0.05727207	0.10082988	0.00177887	0.00147611	-0.00480397
9.849961	0.09226985	-0.05720041	0.10075711	-0.00000283	0.00179634	-0.00825244
9.866628	0.09224617	-0.05717053	0.10063717	-0.00155360	0.00077490	-0.01360932
9.883294	0.09219653	-0.05714672	0.10040183	-0.00202791	-0.00213225	-0.02069228
9.899961	0.09218036	-0.05720080	0.09998795	-0.00129246	-0.00587166	-0.02842162
9.916628	0.09213585	-0.05730718	0.09939999	0.00022918	-0.00967400	-0.03583948
9.933294	0.09213171	-0.05754407	0.09872064	0.00210673	-0.01278558	-0.04144200
9.949961	0.09219044	-0.05780738	0.09794729	0.00384474	-0.01463987	-0.04368326
9.966627	0.09230018	-0.05810358	0.09716873	0.00530420	-0.01422428	-0.04200568
9.983294	0.09242495	-0.05833901	0.09640308	0.00577132	-0.01170217	-0.03766164
9.999961	0.09252276	-0.05855054	0.09580629	0.00539156	-0.00879934	-0.03187363
10.016627	0.09260415	-0.05861855	0.09538717	0.00448489	-0.00635297	-0.02490810
10.033294	0.09265735	-0.05866994	0.09504742	0.00349732	-0.00454485	-0.01688964
10.049960	0.09271752	-0.05871737	0.09479022	0.00230235	-0.00304065	-0.00749651
10.066627	0.09275086	-0.05879953	0.09466154	0.00086215	-0.00145624	0.00469001
10.083294	0.09277388	-0.05885528	0.09477404	-0.00124056	0.00108410	0.01872055
10.099960	0.09272856	-0.05881678	0.09523851	-0.00463178	0.00506478	0.03099260
10.116627	0.09265769	-0.05868971	0.09601899	-0.00941474	0.00952430	0.03878672
10.133293	0.09247737	-0.05848240	0.09689319	-0.01364829	0.01298885	0.04248736
10.149960	0.09218787	-0.05817906	0.09761157	-0.01533406	0.01509335	0.04403485
10.166627	0.09178340	-0.05791222	0.09818113	-0.01395004	0.01583858	0.04405642
10.183293	0.09150933	-0.05763106	0.09884891	-0.01037483	0.01510229	0.04297474
10.199960	0.09140076	-0.05739756	0.09970409	-0.00564086	0.01345276	0.04144178
10.216626	0.09146872	-0.05717364	0.10051992	-0.00120011	0.01126419	0.03811989
10.233293	0.09149810	-0.05699667	0.10112764	0.00168883	0.00859011	0.03110723
10.249959	0.09152608	-0.05686868	0.10152079	0.00322701	0.00548056	0.02124262
10.266626	0.09152902	-0.05681100	0.10177039	0.00401696	0.00172562	0.01164471
10.283293	0.09162688	-0.05679865	0.10189621	0.00426030	-0.00210876	0.00343551
10.299959	0.09175806	-0.05687441	0.10186860	0.00317910	-0.00544071	-0.00467958
10.316626	0.09186001	-0.05701023	0.10174930	0.00119243	-0.00792620	-0.01326458
10.333292	0.09184150	-0.05719350	0.10147636	-0.00081353	-0.00931431	-0.02141503
10.349959	0.09172046	-0.05737007	0.10102713	-0.00189994	-0.00966231	-0.02848774
10.366626	0.09163393	-0.05753144	0.10044041	-0.00137423	-0.00926603	-0.03426092
10.383292	0.09163987	-0.05766630	0.09978376	0.00098724	-0.00881154	-0.03828458
10.399959	0.09170422	-0.05780959	0.09912261	0.00481876	-0.00906877	-0.04081545
10.416625	0.09181636	-0.05793714	0.09843894	0.00857338	-0.01040614	-0.04254488
10.433292	0.09194659	-0.05811304	0.09772371	0.01093019	-0.01237600	-0.04378373
10.449959	0.09220957	-0.05832672	0.09696530	0.01175594	-0.01438651	-0.04344898
10.466625	0.09245881	-0.05862194	0.09618672	0.01163990	-0.01574584	-0.04061447
10.483292	0.09266694	-0.05891710	0.09546587	0.00961468	-0.01537780	-0.03503687
10.499958	0.09278216	-0.05920802	0.09492122	0.00569841	-0.01243643	-0.02654183
10.516625	0.09287134	-0.05941958	0.09454805	0.00148759	-0.00680613	-0.01481483
10.533292	0.09284054	-0.05951506	0.09438248	-0.00171733	0.00006806	-0.00051823
10.549958	0.09276843	-0.05943755	0.09443162	-0.00403927	0.00677249	0.01409503
10.566625	0.09262802	-0.05920180	0.09481733	-0.00588263	0.01208902	0.02719428
10.583291	0.09255835	-0.05891570	0.09549320	-0.00611665	0.01563088	0.03738254
10.599958	0.09243987	-0.05861859	0.09628526	-0.00506492	0.01702537	0.04418886
10.616625	0.09233152	-0.05834946	0.09710017	-0.00361586	0.01725665	0.04656572
10.633291	0.09229117	-0.05805282	0.09784971	-0.00270044	0.01726602	0.04542786
10.649958	0.09227224	-0.05778126	0.09864817	-0.00193790	0.01712878	0.04256232
10.666624	0.09230121	-0.05746965	0.09932936	-0.00121695	0.01606458	0.03918201
10.683291	0.09224247	-0.05719403	0.09997050	0.00004947	0.01424607	0.03584205
10.699958	0.09220606	-0.05694189	0.10049148	0.00172143	0.01212782	0.03245500
10.716624	0.09222638	-0.05680276	0.10098708	0.00322015	0.00961388	0.02867181
10.733291	0.09235482	-0.05666699	0.10148162	0.00433476	0.00684745	0.02337964
10.749957	0.09250157	-0.05657278	0.10189164	0.00426335	0.00450827	0.01645404
10.766624	0.09256639	-0.05649379	0.10214821	0.00274611	0.00296633	0.00800155
10.783291	0.09257343	-0.05649025	0.10216655	-0.00052437	0.00164813	-0.00116107
10.799957	0.09253039	-0.05648402	0.10201462	-0.00366123	0.00063541	-0.01039006
10.816624	0.09246716	-0.05648302	0.10176800	-0.00581382	0.00059212	-0.01802742
10.833290	0.09230248	-0.05647176	0.10141270	-0.00696505	0.00125001	-0.02398541
10.849957	0.09217946	-0.05646562	0.10093406	-0.00684752	0.00087172	-0.02924066
10.866624	0.09201990	-0.05640529	0.10041866	-0.00465231	-0.00100594	-0.03407790
10.883290	0.09195962	-0.05638519	0.09978676	-0.00107401	-0.00406421	-0.03775425
10.899957	0.09194885	-0.05647466	0.09913754	0.00213046	-0.00751856	-0.04041233
10.916623	0.09207992	-0.05667837	0.09839304	0.00431904	-0.01034646	-0.04245957
10.933290	0.09221631	-0.05694619	0.09768862	0.00536347	-0.01107777	-0.04385973
10.949957	0.09231234	-0.05715946	0.09694740	0.00524664	-0.00988465	-0.04410552
10.966623	0.09235643	-0.05730331	0.09620175	0.00488566	-0.00798799	-0.04167998
10.983290	0.09241726	-0.05735380	0.09544832	0.00562480	-0.00667148	-0.03539978
10.999956	0.09248019	-0.05742718	0.09480398	0.00681276	-0.00560534	-0.02577099
11.016623	0.09265356	-0.05753913	0.09443124	0.00677834	-0.00448082	-0.01508205
11.033290	0.09282093	-0.05768466	0.09439184	0.00466859	-0.00289253	-0.00315731
11.049956	0.09295233	-0.05771004	0.09449978	0.00096243	0.00015985	0.01116608
11.066623	0.09289888	-0.05767924	0.09467391	-0.00297484	0.00488933	0.02574055
11.083289	0.09273580	-0.05754646	0.09510715	-0.00655635	0.00969624	0.03707818
11.099957	0.09254948	-0.05735307	0.09599146	-0.00953041	0.01356672	0.04511955
11.116623	0.09243747	-0.05705176	0.09704372	-0.01187538	0.01704813	0.05101477
11.133289	0.09225861	-0.05674740	0.09794071	-0.01450876	0.02025510	0.05342471
11.149956	0.09201884	-0.05639284	0.09868515	-0.01707244	0.02238197	0.05079993
11.166622	0.09163344	-0.05600280	0.09950120	-0.01766920	0.02187642	0.04474885
11.183290	0.09124163	-0.05555332	0.10037303	-0.01424009	0.01868825	0.03781378
11.199956	0.09095461	-0.05518918	0.10103737	-0.00726125	0.01297578	0.03053200
11.216622	0.09089854	-0.05503649	0.10137361	0.00075475	0.00614910	0.02231238
11.233289	0.09109538	-0.05505443	0.10154048	0.00619883	-0.00018468	0.01346467
11.249955	0.09137164	-0.05520820	0.10171138	0.00769637	-0.00409435	0.00528952
11.266623	0.09156600	-0.05530892	0.10186733	0.00545366	-0.00539841	-0.00216485
11.283289	0.09156115	-0.05540367	0.10180126	0.00136264	-0.00493029	-0.01029417
11.299955	0.09147798	-0.05543685	0.10150588	-0.00206013	-0.00457667	-0.02027445
11.316622	0.09137629	-0.05550852	0.10102977	-0.00310988	-0.00545563	-0.03084921
11.333288	0.09133370	-0.05557663	0.10046344	-0.00008188	-0.00845734	-0.04142889
11.349956	0.09132470	-0.05573580	0.09971872	0.00558304	-0.01335114	-0.05078533
11.366622	0.09138560	-0.05594011	0.09881062	0.01131967	-0.01825561	-0.05706917
11.383288	0.09170805	-0.05635621	0.09762806	0.01534047	-0.02151859	-0.05847164
11.399955	0.09208124	-0.05681498	0.09652783	0.01676599	-0.02200320	-0.05546256
11.416621	0.09247127	-0.05726973	0.09558105	0.01457566	-0.02011396	-0.04911751
11.433289	0.09267270	-0.05755772	0.09497509	0.00967398	-0.01606223	-0.04068193
11.449955	0.09273938	-0.05772040	0.09440169	0.00541935	-0.01234661	-0.03273209
11.466621	0.09271688	-0.05787555	0.09390492	0.00309547	-0.00982178	-0.02586550
11.483288	0.09269596	-0.05797676	0.09346446	0.00302018	-0.00876901	-0.01900300
11.499954	0.09280846	-0.05819529	0.09316622	0.00397579	-0.00760940	-0.01006261
11.516622	0.09290775	-0.05830328	0.09308230	0.00444068	-0.00535850	0.00075870
11.533288	0.09303464	-0.05843478	0.09317709	0.00302383	-0.00119573	0.01266283
11.549954	0.09307161	-0.05840046	0.09350122	-0.00022873	0.00450285	0.02403805
11.566621	0.09303505	-0.05829673	0.09402150	-0.00331001	0.01005236	0.03347063
11.583287	0.09292939	-0.05803671	0.09470546	-0.00563467	0.01482230	0.03996693
11.599954	0.09274949	-0.05771258	0.09549733	-0.00621172	0.01765143	0.04307033
11.616621	0.09266267	-0.05737263	0.09626181	-0.00499608	0.01879681	0.04391740
11.633287	0.09254915	-0.05704123	0.09698949	-0.00309744	0.01849701	0.04414415
11.649954	0.09256713	-0.05676000	0.09765083	-0.00267261	0.01781053	0.04427253
11.666620	0.09258045	-0.05647859	0.09837390	-0.00330613	0.01598068	0.04273223
11.683287	0.09255017	-0.05620467	0.09917594	-0.00418858	0.01228347	0.03866259
11.699954	0.09238971	-0.05594397	0.09991762	-0.00451324	0.00722910	0.03239261
11.716620	0.09226438	-0.05585382	0.10038972	-0.00351270	0.00175751	0.02376689
11.733287	0.09216866	-0.05593608	0.10063241	-0.00153889	-0.00390183	0.01330120
11.749953	0.09225918	-0.05611127	0.10072818	0.00029087	-0.00901183	0.00226677
11.766620	0.09230982	-0.05628252	0.10073441	0.00081480	-0.01211953	-0.00850286
11.783287	0.09236950	-0.05649906	0.10055871	-0.00002049	-0.01306330	-0.01886439
11.799953	0.09230071	-0.05674993	0.10013145	-0.00242383	-0.01305382	-0.02794023
11.816620	0.09223104	-0.05700499	0.09948710	-0.00504019	-0.01292249	-0.03495711
11.833286	0.09215561	-0.05719206	0.09876487	-0.00588896	-0.01272097	-0.03965401
11.849953	0.09200586	-0.05737118	0.09809650	-0.00402318	-0.01267846	-0.04162555
11.866620	0.09187808	-0.05756231	0.09743533	-0.00107877	-0.01269595	-0.03985331
11.883286	0.09187671	-0.05780997	0.09672283	0.00219063	-0.01244622	-0.03529283
11.899953	0.09201632	-0.05805856	0.09605514	0.00491476	-0.01121445	-0.02933700
11.916619	0.09219926	-0.05824573	0.09562967	0.00572497	-0.00857742	-0.02344029
11.933286	0.09231114	-0.05836583	0.09538808	0.00488548	-0.00485178	-0.01856923
11.949953	0.09234481	-0.05840077	0.09525479	0.00370593	-0.00106136	-0.01473280
11.966619	0.09232253	-0.05837363	0.09497221	0.00312300	0.00186206	-0.01124565
11.983286	0.09237391	-0.05830127	0.09468546	0.00263901	0.00402128	-0.00666476
11.999952	0.09247087	-0.05820002	0.09453699	0.00200939	0.00628627	-0.00013620
12.016619	0.09256355	-0.05811977	0.09463478	0.00204843	0.00832837	0.00869687
12.033286	0.09253225	-0.05797775	0.09494844	0.00427032	0.00915497	0.01798734
12.049953	0.09249089	-0.05775718	0.09531201	0.00885818	0.00958540	0.02641282
12.066619	0.09260248	-0.05755730	0.09580886	0.01449226	0.01061153	0.03286006
12.083285	0.09301330	-0.05742831	0.09638879	0.01866597	0.01216031	0.03731686
12.099952	0.09352154	-0.05728123	0.09713416	0.01854285	0.01364356	0.03958286
12.116619	0.09394834	-0.05703501	0.09787056	0.01339262	0.01565641	0.04003209
12.133286	0.09407491	-0.05667142	0.09855071	0.00483064	0.01831071	0.03959101
12.149952	0.09397948	-0.05635665	0.09911846	-0.00355517	0.01945796	0.03771860
12.166618	0.09378149	-0.05600962	0.09972190	-0.00871505	0.01735245	0.03476432
12.183285	0.09356114	-0.05568804	0.10036252	-0.01030389	0.01366881	0.03173736
12.199952	0.09339529	-0.05546340	0.10090064	-0.00957098	0.00993533	0.02850309
12.216619	0.09326765	-0.05539461	0.10130823	-0.00784542	0.00565579	0.02342133
12.233285	0.09313290	-0.05536342	0.10163943	-0.00629841	0.00108894	0.01607778
12.249951	0.09306147	-0.05535995	0.10190446	-0.00474190	-0.00258849	0.00763926
12.266618	0.09297314	-0.05539987	0.10202654	-0.00390151	-0.00478424	-0.00120007
12.283285	0.09293140	-0.05554763	0.10188454	-0.00420166	-0.00630117	-0.01056143
12.299952	0.09292264	-0.05570576	0.10158353	-0.00483649	-0.00778863	-0.02038587
12.316618	0.09280042	-0.05583078	0.10115042	-0.00499418	-0.00969824	-0.02942056
12.333284	0.09268454	-0.05594106	0.10062487	-0.00510091	-0.01196536	-0.03570526
12.349951	0.09255368	-0.05612696	0.09993257	-0.00382853	-0.01535964	-0.03937915
12.366618	0.09252530	-0.05644913	0.09914421	-0.00020705	-0.01988348	-0.04094963
12.383285	0.09251507	-0.05682665	0.09844339	0.00425746	-0.02405787	-0.04070473
12.399951	0.09262559	-0.05729536	0.09778642	0.00646001	-0.02570716	-0.03862184
12.416617	0.09284224	-0.05777819	0.09721525	0.00460574	-0.02406407	-0.03551244
12.433284	0.09304807	-0.05823459	0.09660678	0.00017557	-0.01979662	-0.03113390
12.449951	0.09300722	-0.05854026	0.09606525	-0.00519486	-0.01348976	-0.02437150
12.466618	0.09273168	-0.05867400	0.09564176	-0.00904128	-0.00639341	-0.01540812
12.483284	0.09241518	-0.05869328	0.09546033	-0.00891816	0.00012824	-0.00621642
12.499950	0.09222799	-0.05860749	0.09553374	-0.00537398	0.00409176	0.00112702
12.516617	0.09225390	-0.05848823	0.09572642	-0.00142340	0.00535529	0.00674928
12.533284	0.09240019	-0.05832941	0.09586627	0.00039075	0.00501447	0.01128812
12.549951	0.09245565	-0.05827230	0.09598411	-0.00067227	0.00505544	0.01661411
12.566617	0.09240201	-0.05824355	0.09621714	-0.00357350	0.00666969	0.02406134
12.583283	0.09223409	-0.05821370	0.09667747	-0.00609937	0.01015041	0.03220705
12.599950	0.09208932	-0.05799987	0.09739997	-0.00697783	0.01455069	0.03827211
12.616617	0.09197634	-0.05765966	0.09821671	-0.00599420	0.01781739	0.04024167
12.633284	0.09190419	-0.05722891	0.09894697	-0.00378986	0.01872780	0.03889673
12.649950	0.09183868	-0.05689022	0.09952986	-0.00095036	0.01739082	0.03588586
12.666616	0.09183217	-0.05665717	0.09998394	0.00236415	0.01558226	0.03281390
12.683283	0.09187842	-0.05649167	0.10052951	0.00533493	0.01333451	0.02929788
12.699950	0.09203984	-0.05628763	0.10105941	0.00693067	0.01137952	0.02529530
12.716617	0.09222458	-0.05601472	0.10156069	0.00712833	0.00951784	0.01960214
12.733283	0.09237272	-0.05587729	0.10178186	0.00568776	0.00670935	0.01166855
12.749949	0.09241451	-0.05577387	0.10190342	0.00315634	0.00275687	0.00250691
12.766616	0.09244191	-0.05581173	0.10182084	0.00128940	-0.00103599	-0.00629260
12.783283	0.09239827	-0.05587564	0.10168112	0.00107907	-0.00369170	-0.01375044
12.799950	0.09240807	-0.05596391	0.10136431	0.00266445	-0.00586221	-0.02054990
12.816616	0.09244633	-0.05607454	0.10096107	0.00511887	-0.00691068	-0.02613886
12.833282	0.09256621	-0.05617494	0.10045420	0.00715001	-0.00707018	-0.03040210
12.849949	0.09275676	-0.05635924	0.09987751	0.00785067	-0.00662255	-0.03321035
12.866616	0.09292640	-0.05645621	0.09930415	0.00710229	-0.00702198	-0.03582134
12.883283	0.09303819	-0.05654842	0.09871054	0.00603868	-0.00825136	-0.03789276
12.899949	0.09308910	-0.05661234	0.09809083	0.00558677	-0.00972830	-0.03791302
12.916615	0.09309775	-0.05682823	0.09737331	0.00543712	-0.01172901	-0.03580331
12.933282	0.09324436	-0.05709049	0.09669497	0.00566235	-0.01399329	-0.03257727
12.949949	0.09337883	-0.05735897	0.09622312	0.00593158	-0.01560201	-0.02802670
12.966616	0.09350049	-0.05760517	0.09585941	0.00466628	-0.01532533	-0.02127145
12.983282	0.09356759	-0.05786875	0.09555148	0.00109967	-0.01322036	-0.01285010
12.999949	0.09356846	-0.05812435	0.09529797	-0.00351296	-0.00966964	-0.00361749
13.016615	0.09349497	-0.05829968	0.09527007	-0.00795539	-0.00542246	0.00654022
13.033281	0.09328312	-0.05831434	0.09553210	-0.01143579	-0.00068207	0.01788351
13.049949	0.09301415	-0.05824054	0.09597331	-0.01281360	0.00373100	0.02897039
13.066615	0.09275541	-0.05812513	0.09655406	-0.01177200	0.00761195	0.03695357
13.083282	0.09252989	-0.05798873	0.09726379	-0.00862863	0.01084162	0.04033421
13.099948	0.09246170	-0.05782756	0.09805146	-0.00574900	0.01369657	0.03960260
13.116614	0.09240609	-0.05753458	0.09878972	-0.00325286	0.01604014	0.03593951
13.133282	0.09245290	-0.05722504	0.09932729	-0.00104640	0.01779831	0.03067233
13.149948	0.09234942	-0.05687219	0.09971989	0.00074916	0.01846658	0.02465455
13.166615	0.09238527	-0.05658592	0.10004213	0.00220143	0.01801546	0.01990214
13.183281	0.09242135	-0.05629267	0.10036746	0.00384206	0.01668776	0.01698679
13.199947	0.09256347	-0.05602181	0.10061198	0.00641129	0.01427677	0.01354405
13.216615	0.09266777	-0.05576091	0.10086239	0.00866826	0.01095510	0.00799879
13.233281	0.09279393	-0.05558405	0.10100379	0.00970237	0.00676024	0.00125509
13.249948	0.09300148	-0.05552028	0.10096613	0.00977326	0.00161062	-0.00594261
13.266614	0.09322042	-0.05555704	0.10074338	0.01009822	-0.00421814	-0.01400830
13.283280	0.09335762	-0.05565599	0.10042895	0.00948213	-0.01037408	-0.02261290
13.299948	0.09350187	-0.05587643	0.10003357	0.00765170	-0.01577022	-0.03023740
13.316614	0.09361937	-0.05617820	0.09948739	0.00520634	-0.01990147	-0.03549269
13.333281	0.09372593	-0.05663567	0.09874087	0.00254535	-0.02194542	-0.03720812
13.349947	0.09375356	-0.05703410	0.09799351	-0.00074603	-0.02125676	-0.03549448
13.366613	0.09368384	-0.05743868	0.09735677	-0.00383095	-0.01776831	-0.03092275
13.383281	0.09358679	-0.05767800	0.09699684	-0.00496069	-0.01230895	-0.02540446
13.399947	0.09341902	-0.05784559	0.09668313	-0.00342512	-0.00671082	-0.02001007
13.416614	0.09333763	-0.05787869	0.09642039	-0.00150663	-0.00233293	-0.01508111
13.433280	0.09337859	-0.05783714	0.09607971	-0.00026167	0.00013795	-0.01023215
13.449946	0.09350196	-0.05778484	0.09592574	0.00021506	0.00144145	-0.00470759
13.466614	0.09350245	-0.05776842	0.09591350	-0.00053015	0.00172884	0.00139386
13.483280	0.09343740	-0.05776559	0.09607729	-0.00369111	0.00208220	0.00856701
13.499947	0.09331961	-0.05774351	0.09625915	-0.00798698	0.00367462	0.01679434
13.516613	0.09325018	-0.05768198	0.09650111	-0.01071766	0.00722253	0.02554147
13.533279	0.09298864	-0.05756109	0.09695895	-0.01156059	0.01127624	0.03316564
13.549947	0.09271952	-0.05733325	0.09769005	-0.01216409	0.01459599	0.03917378
13.566613	0.09247927	-0.05698286	0.09852993	-0.01251982	0.01654833	0.04291667
13.583280	0.09236322	-0.05666455	0.09928903	-0.01094964	0.01787277	0.04355027
13.599946	0.09219160	-0.05636146	0.09993691	-0.00830557	0.01847060	0.04083683
13.616612	0.09200574	-0.05614338	0.10059220	-0.00585301	0.01808518	0.03571397
13.633280	0.09190554	-0.05579308	0.10122693	-0.00335758	0.01671643	0.02990004
13.649946	0.09190919	-0.05547101	0.10173509	0.00063099	0.01461646	0.02398858
13.666613	0.09196298	-0.05518875	0.10201301	0.00550816	0.01137814	0.01771453
13.683279	0.09206630	-0.05507349	0.10219013	0.00907287	0.00698528	0.01109880
13.699945	0.09225470	-0.05502527	0.10232789	0.00969842	0.00256724	0.00500174
13.716613	0.09254058	-0.05504274	0.10243697	0.00832274	-0.00092551	-0.00023734
13.733279	0.09271415	-0.05505816	0.10238729	0.00628831	-0.00282235	-0.00541417
13.749946	0.09272099	-0.05514979	0.10221396	0.00380786	-0.00417692	-0.01167350
13.766612	0.09267376	-0.05522843	0.10195028	0.00195187	-0.00554772	-0.01862060
13.783278	0.09268557	-0.05532452	0.10164084	0.00219279	-0.00713739	-0.02534891
13.799946	0.09276269	-0.05543868	0.10116165	0.00461472	-0.00914618	-0.03141106
13.816612	0.09286983	-0.05559253	0.10056397	0.00712375	-0.01130652	-0.03614704
13.833279	0.09298326	-0.05581507	0.09983152	0.00812970	-0.01375668	-0.03907081
13.849945	0.09318471	-0.05609272	0.09913392	0.00810000	-0.01613508	-0.03961903
13.866611	0.09332748	-0.05635095	0.09848328	0.00706213	-0.01795075	-0.03713980
13.883279	0.09344625	-0.05670208	0.09787365	0.00467082	-0.01802437	-0.03102408
13.899945	0.09350719	-0.05700036	0.09733202	0.00136085	-0.01555581	-0.02254066
13.916612	0.09348779	-0.05735231	0.09696790	-0.00274529	-0.01099002	-0.01278711
13.933278	0.09343245	-0.05749408	0.09689252	-0.00738795	-0.00619302	-0.00265465
13.949944	0.09328532	-0.05748904	0.09700429	-0.01121514	-0.00187010	0.00808224
13.966612	0.09301977	-0.05738529	0.09723523	-0.01305954	0.00263781	0.01776792
13.983278	0.09272423	-0.05735805	0.09753853	-0.01293128	0.00584770	0.02440540
13.999945	0.09245195	-0.05730770	0.09807815	-0.01177766	0.00709127	0.02790287
14.016611	0.09234272	-0.05713228	0.09866618	-0.01044397	0.00737923	0.02988142
14.033278	0.09224870	-0.05692415	0.09921747	-0.00868968	0.00910697	0.03113241
14.049945	0.09210227	-0.05679067	0.09962755	-0.00613394	0.01127883	0.03081483
14.066611	0.09191316	-0.05669448	0.10010061	-0.00368734	0.01208208	0.02911531
14.083278	0.09183277	-0.05644457	0.10066457	-0.00187796	0.01163947	0.02725899
14.099944	0.09193783	-0.05614680	0.10118108	-0.00033036	0.01131003	0.02634897
14.116611	0.09202483	-0.05592615	0.10154978	0.00192017	0.01056040	0.02507231
14.133278	0.09200758	-0.05585165	0.10185631	0.00395575	0.00881530	0.02264713
14.149944	0.09196593	-0.05576035	0.10225456	0.00453120	0.00725298	0.01968928
14.166611	0.09209308	-0.05564063	0.10266219	0.00454510	0.00608763	0.01623365
14.183277	0.09230388	-0.05547968	0.10294115	0.00579438	0.00426542	0.01089611
14.199944	0.09240121	-0.05537796	0.10305268	0.00718537	0.00134152	0.00324787
14.216611	0.09241325	-0.05540144	0.10301031	0.00738288	-0.00215891	-0.00517013
14.233277	0.09252884	-0.05552645	0.10285962	0.00730424	-0.00538143	-0.01311583
14.249944	0.09270240	-0.05566543	0.10257650	0.00821262	-0.00765803	-0.02029490
14.266610	0.09291854	-0.05580755	0.10217469	0.00909164	-0.00841278	-0.02684276
14.283277	0.09302329	-0.05592168	0.10165262	0.00843968	-0.00834044	-0.03257161
14.299944	0.09315706	-0.05609651	0.10104616	0.00605973	-0.00853601	-0.03784340
14.316610	0.09326270	-0.05621195	0.10037155	0.00313809	-0.00874433	-0.04166731
14.333277	0.09333245	-0.05637286	0.09965351	0.00036050	-0.00861508	-0.04244817
14.349943	0.09328241	-0.05652256	0.09883265	-0.00136056	-0.00860020	-0.04024462
14.366610	0.09318705	-0.05665716	0.09812864	-0.00089094	-0.00870751	-0.03618079
14.383276	0.09308252	-0.05679842	0.09757426	0.00047516	-0.00795438	-0.03039897
14.399943	0.09316287	-0.05694371	0.09719048	0.00167832	-0.00669011	-0.02326516
14.416610	0.09330856	-0.05707277	0.09685127	0.00196040	-0.00545513	-0.01656520
14.433276	0.09338185	-0.05713512	0.09660184	0.00019003	-0.00417802	-0.01009580
14.449943	0.09334088	-0.05715850	0.09647696	-0.00451026	-0.00317590	-0.00243732
14.466609	0.09320077	-0.05720569	0.09646385	-0.00957306	-0.00154149	0.00814214
14.483276	0.09300741	-0.05723636	0.09665161	-0.01187821	0.00127042	0.02040584
14.499943	0.09270450	-0.05729291	0.09705394	-0.01090430	0.00534464	0.03146467
14.516609	0.09245722	-0.05714146	0.09779609	-0.00827297	0.00954470	0.03906567
14.533276	0.09236868	-0.05690972	0.09865209	-0.00428190	0.01324921	0.04187381
14.549942	0.09240507	-0.05655889	0.09944109	0.00047911	0.01606148	0.04024771
14.566609	0.09246092	-0.05630546	0.10005917	0.00404538	0.01681156	0.03545194
14.583276	0.09255437	-0.05604235	0.10050672	0.00559787	0.01576454	0.02998002
14.599942	0.09265841	-0.05576711	0.10096765	0.00641654	0.01435988	0.02554185
14.616609	0.09279332	-0.05552766	0.10136741	0.00691201	0.01348749	0.02239474
14.633275	0.09289054	-0.05532602	0.10174476	0.00651645	0.01110139	0.01862068
14.649942	0.09303255	-0.05513978	0.10204048	0.00544759	0.00765496	0.01357434
14.666609	0.09311252	-0.05499442	0.10224449	0.00441177	0.00400975	0.00803880
14.683275	0.09316964	-0.05499206	0.10230310	0.00419033	0.00070220	0.00186366
14.699942	0.09319122	-0.05503363	0.10227798	0.00509961	-0.00260477	-0.00548115
14.716608	0.09324864	-0.05514523	0.10215478	0.00673345	-0.00530012	-0.01408635
14.733275	0.09340139	-0.05520085	0.10191061	0.00847805	-0.00736487	-0.02250751
14.749942	0.09361275	-0.05535268	0.10143126	0.00988029	-0.00987250	-0.02975505
14.766608	0.09379522	-0.05550332	0.10077226	0.01045540	-0.01299973	-0.03613434
14.783275	0.09396943	-0.05575895	0.10008572	0.01059875	-0.01569357	-0.04135029
14.799941	0.09409704	-0.05607829	0.09941381	0.01006283	-0.01798592	-0.04454086
14.816608	0.09428181	-0.05642585	0.09866354	0.00892486	-0.02059563	-0.04523988
14.833275	0.09448103	-0.05673396	0.09784172	0.00765885	-0.02192182	-0.04281191
14.849941	0.09458891	-0.05712063	0.09700786	0.00700182	-0.02030315	-0.03675833
14.866608	0.09465996	-0.05753830	0.09639605	0.00590737	-0.01605947	-0.02773735
14.883274	0.09469362	-0.05787811	0.09606445	0.00282900	-0.01051395	-0.01702829
14.899941	0.09483866	-0.05794099	0.09596635	-0.00146971	-0.00381464	-0.00564283
14.916608	0.09486212	-0.05785605	0.09596370	-0.00483563	0.00298457	0.00580075
14.933274	0.09465070	-0.05772187	0.09606799	-0.00634829	0.00798214	0.01622329
14.949941	0.09437471	-0.05757251	0.09639601	-0.00682997	0.01118841	0.02536169
14.966607	0.09421807	-0.05738946	0.09700582	-0.00614999	0.01414722	0.03337855
14.983274	0.09428704	-0.05714345	0.09769463	-0.00477361	0.01690741	0.03955946
14.999941	0.09430543	-0.05680072	0.09842809	-0.00439251	0.01852430	0.04258661
15.016607	0.09419774	-0.05642865	0.09911397	-0.00576051	0.01874197	0.04286954
15.033274	0.09400865	-0.05607748	0.09986193	-0.00645417	0.01772651	0.04191240
15.049940	0.09381536	-0.05583455	0.10056528	-0.00319497	0.01485245	0.03954557
15.066607	0.09375095	-0.05561111	0.10123984	0.00316532	0.01055448	0.03471716
15.083274	0.09386030	-0.05542658	0.10182568	0.00933781	0.00584238	0.02691138
15.099940	0.09418619	-0.05536446	0.10224148	0.01213175	0.00176063	0.01809112
15.116607	0.09454291	-0.05539391	0.10244682	0.01103420	-0.00124341	0.01011670
15.133273	0.09475403	-0.05552883	0.10243754	0.00774021	-0.00224727	0.00336961
15.149940	0.09473531	-0.05559263	0.10240065	0.00421749	-0.00163347	-0.00276496
15.166607	0.09465583	-0.05560141	0.10238089	0.00198805	-0.00024753	-0.00879399
15.183273	0.09467268	-0.05552134	0.10226475	0.00203044	0.00138145	-0.01514843
15.199940	0.09479250	-0.05548726	0.10196567	0.00418504	0.00186291	-0.02305073
15.216606	0.09489360	-0.05547239	0.10144193	0.00615204	0.00108121	-0.03236351
15.233274	0.09498478	-0.05544662	0.10083365	0.00553051	-0.00135933	-0.04182214
15.249940	0.09509903	-0.05547233	0.10007175	0.00383870	-0.00545971	-0.04965429
15.266606	0.09519688	-0.05551518	0.09917819	0.00310679	-0.01208364	-0.05448605
15.283273	0.09516267	-0.05576773	0.09812609	0.00273300	-0.01948348	-0.05465637
15.299939	0.09518053	-0.05616234	0.09708981	0.00093427	-0.02431721	-0.04871045
15.316607	0.09522133	-0.05678604	0.09623251	-0.00159845	-0.02446829	-0.03749325
15.333273	0.09528644	-0.05731374	0.09572443	-0.00435991	-0.02064977	-0.02350615
15.349939	0.09514485	-0.05760743	0.09554709	-0.00780623	-0.01432147	-0.00822693
15.366606	0.09493918	-0.05764686	0.09558830	-0.01107984	-0.00593098	0.00745758
15.383272	0.09466296	-0.05765257	0.09574799	-0.01247843	0.00276760	0.02211013
15.399940	0.09444578	-0.05762958	0.09621254	-0.01105548	0.01024634	0.03358139
15.416606	0.09426396	-0.05744956	0.09695665	-0.00850655	0.01554531	0.04130733
15.433272	0.09415614	-0.05704162	0.09791707	-0.00676374	0.01900243	0.04526648
15.449939	0.09411515	-0.05656097	0.09871365	-0.00638372	0.02000051	0.04498008
15.466605	0.09405203	-0.05620127	0.09940203	-0.00665071	0.01828899	0.04164772
15.483273	0.09389637	-0.05598046	0.09999142	-0.00772166	0.01509792	0.03796916
15.499939	0.09372920	-0.05583504	0.10059541	-0.00941910	0.01188309	0.03596547
15.516605	0.09356160	-0.05564804	0.10120666	-0.01015093	0.00927238	0.03409891
15.533272	0.09340995	-0.05544233	0.10178585	-0.00933438	0.00644256	0.03073298
15.549938	0.09321042	-0.05532796	0.10232650	-0.00828340	0.00302718	0.02537607
15.566606	0.09308251	-0.05531318	0.10271294	-0.00727232	-0.00061330	0.01911517
15.583272	0.09299713	-0.05544174	0.10294656	-0.00531720	-0.00320844	0.01247530
15.599938	0.09291638	-0.05553994	0.10305818	-0.00232679	-0.00440596	0.00520876
15.616605	0.09286621	-0.05562680	0.10310686	0.00044007	-0.00454105	-0.00266516
15.633271	0.09289204	-0.05564240	0.10306799	0.00260462	-0.00440247	-0.01084749
15.649939	0.09300990	-0.05570536	0.10282376	0.00506373	-0.00449970	-0.01913056
15.666605	0.09313061	-0.05579787	0.10238270	0.00738717	-0.00501471	-0.02776928
15.683271	0.09322079	-0.05592282	0.10181037	0.00859219	-0.00614824	-0.03559469
15.699938	0.09339956	-0.05600515	0.10116175	0.00771879	-0.00759728	-0.04023240
15.716604	0.09355932	-0.05611530	0.10041172	0.00537498	-0.00934392	-0.04062006
15.733271	0.09372271	-0.05626665	0.09963089	0.00269276	-0.01130755	-0.03817171
15.749938	0.09366561	-0.05651066	0.09897861	0.00002794	-0.01277165	-0.03500550
15.766604	0.09356924	-0.05677130	0.09852014	-0.00362208	-0.01334240	-0.03217069
15.783271	0.09349600	-0.05702870	0.09811381	-0.00770743	-0.01365717	-0.02988946
15.799937	0.09344568	-0.05719924	0.09761991	-0.01011804	-0.01426894	-0.02783954
15.816604	0.09322581	-0.05739913	0.09704842	-0.01068175	-0.01500359	-0.02464379
15.833271	0.09291776	-0.05765980	0.09657735	-0.01037255	-0.01525388	-0.01839042
15.849937	0.09267714	-0.05800164	0.09631511	-0.01039885	-0.01401985	-0.00825319
15.866604	0.09263125	-0.05828365	0.09629200	-0.01042102	-0.00963686	0.00487255
15.883270	0.09257730	-0.05844345	0.09647711	-0.01097046	-0.00163997	0.01825414
15.899937	0.09235863	-0.05840915	0.09689168	-0.01308033	0.00811539	0.02990310
15.916604	0.09203228	-0.05816481	0.09755562	-0.01607801	0.01660730	0.03908504
15.933270	0.09169777	-0.05772573	0.09833584	-0.01672498	0.02216808	0.04525571
15.949937	0.09141496	-0.05723726	0.09918781	-0.01335213	0.02447793	0.04755020
15.966603	0.09117354	-0.05679776	0.10001128	-0.00711559	0.02364060	0.04590671
15.983270	0.09107541	-0.05644787	0.10079552	-0.00032991	0.02062293	0.04096058
15.999937	0.09116465	-0.05613034	0.10147057	0.00564421	0.01679686	0.03398655
16.016603	0.09139782	-0.05587903	0.10198287	0.01014825	0.01302650	0.02625099
16.033270	0.09164038	-0.05567095	0.10231116	0.01274486	0.01002027	0.01845609
16.049936	0.09184929	-0.05556405	0.10252911	0.01322282	0.00794067	0.01141590
16.066603	0.09203947	-0.05549150	0.10265074	0.01253666	0.00663074	0.00467742
16.083269	0.09226988	-0.05539253	0.10270786	0.01091563	0.00566643	-0.00191712
16.099936	0.09246223	-0.05527351	0.10265655	0.00921495	0.00381073	-0.00986859
16.116604	0.09264109	-0.05516460	0.10241708	0.00747758	0.00013316	-0.01891959
16.133270	0.09266328	-0.05514950	0.10207184	0.00632598	-0.00512682	-0.02852600
16.149937	0.09276210	-0.05531718	0.10143455	0.00677037	-0.01165979	-0.03809296
16.166603	0.09281055	-0.05558760	0.10075620	0.00802386	-0.01879267	-0.04629928
16.183270	0.09301370	-0.05596649	0.09985825	0.00850051	-0.02501071	-0.05039790
16.199936	0.09323725	-0.05642824	0.09890912	0.00717885	-0.02816187	-0.04880272
16.216602	0.09338557	-0.05699076	0.09797237	0.00579352	-0.02786388	-0.04343318
16.233269	0.09341597	-0.05756566	0.09727983	0.00461535	-0.02469950	-0.03568242
16.249935	0.09334729	-0.05794138	0.09688221	0.00377072	-0.01973750	-0.02719905
16.266602	0.09344707	-0.05817930	0.09655905	0.00279264	-0.01401482	-0.01879245
16.283270	0.09358060	-0.05828227	0.09628452	0.00248239	-0.00883639	-0.01159643
16.299936	0.09367027	-0.05840548	0.09606200	0.00147161	-0.00408191	-0.00424737
16.316603	0.09360827	-0.05849657	0.09603307	-0.00154634	0.00155988	0.00461677
16.333269	0.09355021	-0.05849201	0.09619942	-0.00392770	0.00372229	0.01048044
16.349936	0.09344646	-0.05829892	0.09655919	-0.00565032	0.01108986	0.01888551
16.366602	0.09333324	-0.05796123	0.09700023	-0.00737294	0.01845743	0.02729058
