Time	thumb tip right X	thumb tip right Y	thumb tip right Z	thumb tip right v(X)	thumb tip right v(Y)	thumb tip right v(Z)
0.00000000	0.00000000	0.00000000	0.00000000	0.00000000	0.00000000	0.00000000
0.01666660	0.01666660	0.01666660	0.01666660	0.01666660	0.01666660	0.01666660
0.000000	0.07743300	-0.03176064	0.12278309	0.00566969	0.01567748	-0.00285094
0.016667	0.07752843	-0.03147759	0.12273540	0.00362189	0.00888038	0.00271284
0.033333	0.07760264	-0.03130868	0.12276502	0.00157409	0.00208328	0.00827662
0.050000	0.07759335	-0.03135543	0.12291213	0.00101068	0.00093758	0.01282801
0.066666	0.07761121	-0.03142079	0.12317193	-0.00040073	-0.00219812	0.02050475
0.083333	0.07756285	-0.03155293	0.12358746	-0.00112784	-0.00190801	0.02755374
0.100000	0.07755472	-0.03154671	0.12413107	-0.00171126	0.00007125	0.03299581
0.116666	0.07752270	-0.03153138	0.12477590	-0.00285485	0.00134975	0.03566503
0.133333	0.07748844	-0.03140778	0.12544930	-0.00410547	0.00171154	0.03463338
0.149999	0.07741912	-0.03136881	0.12605846	-0.00548868	0.00101576	0.03008825
0.166666	0.07727517	-0.03140381	0.12654644	-0.00650386	0.00013966	0.02238506
0.183333	0.07715598	-0.03143651	0.12684789	-0.00719651	-0.00098370	0.01189564
0.199999	0.07701524	-0.03147966	0.12698649	-0.00719017	-0.00092890	-0.00045546
0.216666	0.07692187	-0.03143920	0.12689428	-0.00686462	-0.00078477	-0.01324778
0.233332	0.07680342	-0.03147670	0.12654611	-0.00623195	-0.00113760	-0.02573977
0.249999	0.07670274	-0.03144696	0.12596843	-0.00439869	-0.00136460	-0.03751386
0.266666	0.07659573	-0.03153348	0.12522574	-0.00146937	-0.00073709	-0.04619613
0.283332	0.07656679	-0.03156791	0.12434552	0.00212655	0.00162345	-0.04914628
0.299999	0.07666562	-0.03155488	0.12336990	0.00484841	0.00461862	-0.04517458
0.316665	0.07682959	-0.03144245	0.12252444	0.00617209	0.00778020	-0.03498926
0.333332	0.07701004	-0.03119170	0.12198349	0.00592435	0.01041056	-0.01998202
0.349999	0.07705956	-0.03101468	0.12185007	0.00449644	0.01282724	-0.00300669
0.366665	0.07709018	-0.03080218	0.12201753	0.00216042	0.01303762	0.01198848
0.383332	0.07709698	-0.03059876	0.12241844	-0.00023719	0.00989083	0.02259658
0.399998	0.07712439	-0.03031904	0.12292586	-0.00182957	0.00418312	0.02884955
0.416665	0.07707345	-0.03022788	0.12346816	-0.00274466	-0.00249867	0.03205781
0.433332	0.07697538	-0.03039765	0.12401589	-0.00336104	-0.00915334	0.03266888
0.449998	0.07688703	-0.03075048	0.12457304	-0.00384604	-0.01440385	0.03110447
0.466665	0.07685185	-0.03106459	0.12513334	-0.00369729	-0.01553687	0.02767053
0.483331	0.07681511	-0.03133631	0.12559485	-0.00324709	-0.01281700	0.02264222
0.499998	0.07675661	-0.03150808	0.12593105	-0.00304804	-0.00916333	0.01593358
0.516665	0.07668352	-0.03161031	0.12611927	-0.00314297	-0.00691245	0.00765982
0.533331	0.07663263	-0.03164645	0.12619764	-0.00320071	-0.00657464	-0.00115782
0.549998	0.07659186	-0.03172778	0.12612413	-0.00235056	-0.00779420	-0.00960272
0.566664	0.07655404	-0.03187422	0.12586561	-0.00061803	-0.00991011	-0.01679844
0.583331	0.07650635	-0.03210747	0.12547745	0.00152045	-0.01202594	-0.02224056
0.599998	0.07656462	-0.03233371	0.12500587	0.00370653	-0.01300122	-0.02514626
0.616664	0.07666005	-0.03257377	0.12456055	0.00576055	-0.01165397	-0.02519733
0.633331	0.07681967	-0.03277345	0.12412299	0.00728863	-0.00809330	-0.02290362
0.649997	0.07693931	-0.03293598	0.12375161	0.00710211	-0.00348014	-0.01958363
0.666664	0.07706419	-0.03293102	0.12345411	0.00504283	0.00069950	-0.01572705
0.683331	0.07717789	-0.03283118	0.12324321	0.00234974	0.00369126	-0.01136267
0.699997	0.07718404	-0.03266579	0.12307596	0.00086926	0.00510693	-0.00704910
0.716664	0.07712054	-0.03259621	0.12299902	0.00052769	0.00438467	-0.00301347
0.733330	0.07705719	-0.03254150	0.12298166	0.00123505	0.00241949	0.00106600
0.749997	0.07712183	-0.03252821	0.12304372	0.00267283	0.00104787	0.00589481
0.766664	0.07723621	-0.03253416	0.12315377	0.00416608	0.00127411	0.01114276
0.783330	0.07735024	-0.03254623	0.12336041	0.00455292	0.00257782	0.01641202
0.799997	0.07739975	-0.03250258	0.12370802	0.00334458	0.00440039	0.02143533
0.816663	0.07744434	-0.03239398	0.12413032	0.00139505	0.00561018	0.02494975
0.833330	0.07745419	-0.03223378	0.12462012	-0.00056856	0.00507288	0.02576406
0.849997	0.07744060	-0.03211197	0.12510842	-0.00239761	0.00268285	0.02403001
0.866663	0.07737570	-0.03207769	0.12549411	-0.00444455	-0.00038240	0.02069895
0.883330	0.07728134	-0.03217188	0.12580065	-0.00688537	-0.00246440	0.01613288
0.899996	0.07715762	-0.03229434	0.12599660	-0.00982370	-0.00286279	0.01080830
0.916663	0.07699015	-0.03237288	0.12616940	-0.01183302	-0.00055101	0.00479588
0.933330	0.07674854	-0.03233655	0.12622535	-0.01179879	0.00476053	-0.00220836
0.949996	0.07645527	-0.03225870	0.12615781	-0.00978418	0.01081465	-0.01101148
0.966663	0.07628158	-0.03200912	0.12590745	-0.00712480	0.01422927	-0.02090045
0.983329	0.07624123	-0.03164668	0.12547755	-0.00423005	0.01505986	-0.02967317
0.999996	0.07629635	-0.03127946	0.12482886	-0.00175127	0.01409101	-0.03525845
1.016663	0.07626119	-0.03112615	0.12411337	0.00024457	0.01209164	-0.03638140
1.033329	0.07622816	-0.03100878	0.12340951	0.00176147	0.00949595	-0.03277784
1.049996	0.07620408	-0.03094004	0.12289882	0.00331455	0.00753527	-0.02511042
1.066662	0.07634781	-0.03071495	0.12254946	0.00493666	0.00616483	-0.01536089
1.083329	0.07648255	-0.03061534	0.12240151	0.00584091	0.00478509	-0.00592115
1.099996	0.07662663	-0.03052021	0.12241191	0.00602766	0.00356916	0.00180770
1.116662	0.07666826	-0.03058523	0.12254618	0.00598344	0.00223653	0.00787660
1.133329	0.07671989	-0.03056252	0.12273350	0.00712167	0.00139432	0.01251546
1.149995	0.07683290	-0.03049850	0.12297142	0.00892531	0.00002481	0.01612230
1.166662	0.07702094	-0.03045017	0.12325331	0.01058415	-0.00124562	0.01900207
1.183329	0.07729155	-0.03046294	0.12361694	0.01060006	-0.00301437	0.02119270
1.199995	0.07748471	-0.03063887	0.12400672	0.00853494	-0.00485678	0.02219220
1.216662	0.07762577	-0.03072699	0.12441866	0.00491599	-0.00602519	0.02114774
1.233328	0.07764005	-0.03083704	0.12478404	0.00089776	-0.00593657	0.01778833
1.249995	0.07759573	-0.03090336	0.12508468	-0.00243497	-0.00524342	0.01232301
1.266662	0.07752457	-0.03098378	0.12524770	-0.00517434	-0.00552401	0.00458846
1.283328	0.07741642	-0.03109333	0.12528136	-0.00694516	-0.00577087	-0.00506187
1.299995	0.07730602	-0.03116435	0.12513712	-0.00700778	-0.00405094	-0.01517067
1.316661	0.07712581	-0.03131557	0.12478148	-0.00418419	0.00069239	-0.02381949
1.333328	0.07700078	-0.03133621	0.12423261	0.00087679	0.00578686	-0.03006839
1.349995	0.07702497	-0.03115525	0.12360860	0.00658235	0.00956562	-0.03327581
1.366661	0.07727646	-0.03079410	0.12301573	0.01097501	0.01215121	-0.03272532
1.383328	0.07760826	-0.03052945	0.12247546	0.01198122	0.01258890	-0.02856020
1.399994	0.07788454	-0.03039187	0.12199816	0.00961784	0.01085759	-0.02187052
1.416661	0.07798515	-0.03029074	0.12165866	0.00511317	0.00839182	-0.01324629
1.433328	0.07794946	-0.03015701	0.12149407	0.00050504	0.00747067	-0.00302443
1.449994	0.07789870	-0.03000053	0.12153965	-0.00274030	0.00805908	0.00780489
1.466661	0.07783325	-0.02988976	0.12178578	-0.00404181	0.00912296	0.01777935
1.483327	0.07777759	-0.02974903	0.12219881	-0.00410029	0.00977131	0.02563129
1.499994	0.07768424	-0.02957715	0.12273572	-0.00395255	0.00937381	0.03042226
1.516661	0.07760984	-0.02936072	0.12332278	-0.00381892	0.00710669	0.03181873
1.533327	0.07756378	-0.02919715	0.12390038	-0.00290831	0.00382314	0.02999787
1.549994	0.07751235	-0.02917695	0.12440351	-0.00172500	0.00021997	0.02551886
1.566660	0.07747918	-0.02930574	0.12479678	-0.00145611	-0.00375284	0.01963865
1.583327	0.07750303	-0.02939444	0.12506613	-0.00247126	-0.00760010	0.01340406
1.599994	0.07748156	-0.02951467	0.12520565	-0.00304167	-0.00870540	0.00681552
1.616660	0.07742094	-0.02965915	0.12527652	-0.00255675	-0.00826623	-0.00119910
1.633327	0.07725231	-0.02991860	0.12524781	-0.00102275	-0.00891926	-0.01060408
1.649993	0.07725873	-0.02997733	0.12505282	0.00086245	-0.01014782	-0.02004859
1.666660	0.07732379	-0.03011978	0.12457686	0.00264754	-0.00973157	-0.02793096
1.683327	0.07750059	-0.03028539	0.12392809	0.00376599	-0.00739194	-0.03257783
1.699993	0.07754253	-0.03054073	0.12325636	0.00350678	-0.00461338	-0.03240550
1.716660	0.07755350	-0.03061162	0.12270170	0.00261732	-0.00043164	-0.02709448
1.733326	0.07755195	-0.03049732	0.12229760	0.00146133	0.00361610	-0.01851708
1.749993	0.07759702	-0.03033734	0.12206525	0.00113715	0.00669151	-0.00927262
1.766659	0.07765791	-0.03014201	0.12201162	0.00093531	0.00756753	-0.00082877
1.783326	0.07764600	-0.03010843	0.12210917	0.00074968	0.00790552	0.00630929
1.799993	0.07764433	-0.02998025	0.12228511	0.00033036	0.00785360	0.01162563
1.816659	0.07761741	-0.02988642	0.12254053	0.00008665	0.00788990	0.01521117
1.833326	0.07765222	-0.02964117	0.12282569	0.00014015	0.00785247	0.01774057
1.849993	0.07766179	-0.02952935	0.12314279	0.00021342	0.00660856	0.01935773
1.866659	0.07766348	-0.02941113	0.12348204	0.00050776	0.00476215	0.01969107
1.883326	0.07765219	-0.02939655	0.12384176	0.00116904	0.00308388	0.01865342
1.899992	0.07765097	-0.02938454	0.12417532	0.00161995	0.00133901	0.01622534
1.916659	0.07771125	-0.02934796	0.12443511	0.00221875	-0.00036448	0.01262476
1.933326	0.07779444	-0.02930956	0.12460456	0.00262146	-0.00174680	0.00817988
1.949992	0.07780283	-0.02940588	0.12469260	0.00253123	-0.00245811	0.00381218
1.966659	0.07787707	-0.02945344	0.12471366	0.00144534	-0.00252224	-0.00037123
1.983325	0.07784908	-0.02960134	0.12466609	0.00018925	-0.00168618	-0.00448389
1.999992	0.07791180	-0.02952231	0.12458374	-0.00079695	-0.00026152	-0.00858117
2.016659	0.07782909	-0.02953259	0.12439606	-0.00154984	0.00130311	-0.01291433
2.033325	0.07780558	-0.02944842	0.12415367	-0.00172262	0.00216492	-0.01737911
2.049992	0.07774914	-0.02945189	0.12381741	-0.00087086	0.00187917	-0.02107491
2.066658	0.07773491	-0.02940371	0.12340949	0.00070840	0.00071241	-0.02257122
2.083325	0.07776415	-0.02938860	0.12296700	0.00111137	-0.00206613	-0.02134637
2.099992	0.07784694	-0.02937971	0.12255817	0.00123084	-0.00466240	-0.01750644
2.116658	0.07788207	-0.02951904	0.12230251	0.00140764	-0.00597432	-0.01142633
2.133325	0.07784890	-0.02972208	0.12218197	0.00131365	-0.00499131	-0.00383874
2.149991	0.07783965	-0.02987619	0.12218767	0.00115503	-0.00237256	0.00376014
2.166658	0.07788850	-0.02985446	0.12232367	0.00204270	0.00054817	0.01038727
2.183325	0.07794269	-0.02970364	0.12256390	0.00418031	0.00212088	0.01607551
2.199991	0.07800437	-0.02958366	0.12289998	0.00611349	0.00056933	0.02019168
2.216658	0.07809585	-0.02960337	0.12328757	0.00699888	-0.00460560	0.02163072
2.233324	0.07828566	-0.02972180	0.12371606	0.00736403	-0.00957741	0.01998924
2.249991	0.07843680	-0.02999907	0.12408882	0.00643874	-0.01140181	0.01562740
2.266658	0.07854250	-0.03032329	0.12432138	0.00346353	-0.00941449	0.00902209
2.283324	0.07859617	-0.03048229	0.12439940	-0.00114706	-0.00552691	0.00084877
2.299991	0.07852481	-0.03050935	0.12433166	-0.00594749	-0.00137093	-0.00720701
2.316657	0.07839251	-0.03033256	0.12413554	-0.00998836	0.00097935	-0.01388466
2.333324	0.07813215	-0.03030306	0.12381248	-0.01261895	0.00049971	-0.01895525
2.349991	0.07787589	-0.03029364	0.12343094	-0.01287495	-0.00245662	-0.02236912
2.366657	0.07763800	-0.03042105	0.12301958	-0.01006723	-0.00557763	-0.02345419
2.383324	0.07744428	-0.03054856	0.12260044	-0.00471799	-0.00657460	-0.02138247
2.399990	0.07740710	-0.03070772	0.12220370	0.00089441	-0.00598521	-0.01608360
2.416657	0.07750367	-0.03080836	0.12192009	0.00493029	-0.00401838	-0.00811055
2.433324	0.07772651	-0.03084018	0.12184658	0.00643148	-0.00111967	0.00185457
2.449990	0.07789648	-0.03083436	0.12199661	0.00560256	0.00313291	0.01279240
2.466657	0.07794215	-0.03077707	0.12232529	0.00354023	0.00692979	0.02299031
2.483323	0.07792065	-0.03063556	0.12281200	0.00232921	0.00896177	0.03005867
2.499990	0.07789338	-0.03036977	0.12342080	0.00379523	0.00884583	0.03207994
2.516657	0.07794874	-0.03016928	0.12409263	0.00698722	0.00645543	0.02838783
2.533323	0.07812639	-0.03006984	0.12462530	0.01011867	0.00166425	0.01928814
2.549990	0.07838847	-0.03012933	0.12488911	0.01137854	-0.00360821	0.00602106
2.566656	0.07863693	-0.03026632	0.12483388	0.00972085	-0.00607973	-0.00852152
2.583323	0.07881464	-0.03047087	0.12450442	0.00483925	-0.00603944	-0.02084729
2.599990	0.07884676	-0.03060437	0.12397932	-0.00178789	-0.00520477	-0.02889220
2.616656	0.07876627	-0.03058426	0.12337469	-0.00731281	-0.00397605	-0.03160098
2.633323	0.07851179	-0.03059524	0.12277937	-0.01000855	-0.00198037	-0.02887119
2.649989	0.07824238	-0.03065417	0.12227185	-0.00934713	-0.00016077	-0.02193065
2.666656	0.07806394	-0.03072803	0.12194496	-0.00538735	0.00198749	-0.01302706
2.683322	0.07801934	-0.03067749	0.12183969	0.00069518	0.00526388	-0.00419801
2.699989	0.07812260	-0.03052783	0.12191449	0.00648926	0.00920414	0.00369729
2.716656	0.07831201	-0.03029408	0.12207061	0.01044181	0.01154600	0.00977781
2.733322	0.07855301	-0.03006548	0.12225565	0.01218063	0.01244386	0.01332903
2.749989	0.07878850	-0.02981937	0.12252832	0.01184103	0.01207155	0.01507061
2.766655	0.07897615	-0.02970120	0.12282115	0.00985880	0.00970040	0.01637626
2.783322	0.07913984	-0.02946789	0.12310660	0.00736549	0.00594268	0.01722749
2.799989	0.07922506	-0.02939303	0.12337320	0.00499943	0.00181555	0.01678216
2.816655	0.07926726	-0.02938644	0.12366637	0.00314729	-0.00187517	0.01449822
2.833322	0.07930402	-0.02951916	0.12395325	0.00173789	-0.00538245	0.00937000
2.849988	0.07930617	-0.02969015	0.12414072	0.00030380	-0.00796656	0.00054270
2.866655	0.07934484	-0.02978366	0.12412527	-0.00210361	-0.00971513	-0.01211238
2.883322	0.07930746	-0.02995118	0.12381762	-0.00577232	-0.01048915	-0.02562507
2.899988	0.07921119	-0.03013253	0.12321835	-0.00967138	-0.01068196	-0.03501262
2.916655	0.07897959	-0.03036655	0.12236665	-0.01240597	-0.00966551	-0.03666680
2.933321	0.07866390	-0.03057129	0.12156586	-0.01298358	-0.00644206	-0.02976876
2.949988	0.07840594	-0.03064820	0.12106790	-0.01144250	-0.00144924	-0.01571073
2.966655	0.07823481	-0.03064171	0.12099113	-0.00743373	0.00380203	0.00194044
2.983321	0.07817887	-0.03047139	0.12127272	-0.00232012	0.00662580	0.01819499
2.999988	0.07816740	-0.03026558	0.12178805	0.00268021	0.00694752	0.02900213
3.016654	0.07826772	-0.03009669	0.12243321	0.00659904	0.00596023	0.03336421
3.033321	0.07841361	-0.03008233	0.12309401	0.00951246	0.00504672	0.03261955
3.049988	0.07864751	-0.03008513	0.12362939	0.01126376	0.00461538	0.02802949
3.066654	0.07883738	-0.03003641	0.12405438	0.01066067	0.00381680	0.02122571
3.083321	0.07905918	-0.02985079	0.12433759	0.00844940	0.00218176	0.01386622
3.099988	0.07919458	-0.02975159	0.12449380	0.00592707	-0.00049249	0.00724684
3.116654	0.07922162	-0.02981348	0.12455381	0.00463406	-0.00454736	0.00164733
3.133321	0.07923945	-0.03001908	0.12449709	0.00428548	-0.00939225	-0.00330084
3.149987	0.07926115	-0.03021893	0.12441973	0.00512900	-0.01279240	-0.00868447
3.166654	0.07943424	-0.03044245	0.12426227	0.00556460	-0.01384279	-0.01507426
3.183321	0.07956054	-0.03068956	0.12400894	0.00418903	-0.01254589	-0.02200270
3.199987	0.07969956	-0.03094615	0.12356753	0.00064917	-0.00909873	-0.02838712
3.216654	0.07964320	-0.03112973	0.12295878	-0.00364875	-0.00412882	-0.03299175
3.233320	0.07950250	-0.03114161	0.12230689	-0.00663656	0.00079270	-0.03454848
3.249987	0.07928275	-0.03099730	0.12169353	-0.00728327	0.00447849	-0.03152268
3.266654	0.07913663	-0.03082287	0.12116381	-0.00509570	0.00662186	-0.02426302
3.283320	0.07907910	-0.03071182	0.12077470	-0.00175954	0.00668687	-0.01442442
3.299987	0.07912055	-0.03066043	0.12060983	0.00129026	0.00512383	-0.00397337
3.316653	0.07920762	-0.03056132	0.12068209	0.00231431	0.00278992	0.00543977
3.333320	0.07927632	-0.03050647	0.12093262	0.00175488	0.00059192	0.01298627
3.349987	0.07930970	-0.03048120	0.12123718	0.00037108	-0.00176976	0.01878496
3.366653	0.07925013	-0.03058840	0.12156013	-0.00038769	-0.00325097	0.02348701
3.383320	0.07922142	-0.03068565	0.12194225	0.00015073	-0.00305132	0.02701413
3.399986	0.07918304	-0.03080758	0.12244735	0.00168883	-0.00165150	0.02845179
3.416653	0.07926828	-0.03076050	0.12304591	0.00326162	-0.00070215	0.02670649
3.433320	0.07936809	-0.03070697	0.12356744	0.00454469	-0.00159859	0.02120645
3.449986	0.07947625	-0.03064937	0.12388553	0.00564782	-0.00422999	0.01204443
3.466653	0.07953241	-0.03078722	0.12396707	0.00619455	-0.00778996	0.00118644
3.483319	0.07962315	-0.03101733	0.12386240	0.00602993	-0.01121295	-0.00885401
3.499986	0.07975481	-0.03128022	0.12359339	0.00533516	-0.01352017	-0.01673962
3.516653	0.07989567	-0.03148170	0.12323615	0.00492370	-0.01294628	-0.02203201
3.533319	0.07994092	-0.03171081	0.12279723	0.00459956	-0.01013754	-0.02430914
3.549986	0.07996154	-0.03190775	0.12233664	0.00413177	-0.00656494	-0.02361218
3.566652	0.08001679	-0.03199639	0.12190246	0.00399122	-0.00383671	-0.02075502
3.583319	0.08012616	-0.03196983	0.12158129	0.00470826	-0.00194053	-0.01678447
3.599986	0.08022189	-0.03190434	0.12137180	0.00525514	-0.00174858	-0.01256579
3.616652	0.08029845	-0.03195252	0.12123398	0.00493473	-0.00272128	-0.00882909
3.633319	0.08038517	-0.03203189	0.12111016	0.00452341	-0.00407021	-0.00592446
3.649985	0.08045040	-0.03219428	0.12102322	0.00534738	-0.00419300	-0.00306216
3.666652	0.08051439	-0.03223362	0.12097019	0.00723663	-0.00302495	0.00076860
3.683319	0.08061640	-0.03229067	0.12099522	0.00890788	-0.00207440	0.00581122
3.699985	0.08082047	-0.03223528	0.12112414	0.00977986	-0.00257651	0.01139858
3.716652	0.08106533	-0.03225867	0.12137820	0.00980422	-0.00491520	0.01700617
3.733318	0.08123463	-0.03234984	0.12173871	0.00841762	-0.00802736	0.02178775
3.749985	0.08133513	-0.03255285	0.12215368	0.00513734	-0.01081477	0.02446848
3.766651	0.08139119	-0.03281117	0.12262163	0.00082154	-0.01179199	0.02413659
3.783318	0.08140089	-0.03304281	0.12307221	-0.00350313	-0.01086772	0.02083783
3.799985	0.08131324	-0.03320829	0.12342848	-0.00753517	-0.00822927	0.01549250
3.816651	0.08112103	-0.03331463	0.12363213	-0.01080376	-0.00483194	0.00842295
3.833318	0.08087353	-0.03335423	0.12367478	-0.01230845	-0.00050666	0.00018977
3.849984	0.08061983	-0.03335712	0.12363531	-0.01146146	0.00375274	-0.00870060
3.866651	0.08041867	-0.03328018	0.12342998	-0.00931058	0.00661074	-0.01766845
3.883318	0.08030332	-0.03305833	0.12308445	-0.00706690	0.00792005	-0.02604376
3.899984	0.08025589	-0.03287390	0.12252463	-0.00532927	0.00776203	-0.03236001
3.916651	0.08019152	-0.03273482	0.12185697	-0.00474626	0.00608050	-0.03494668
3.933317	0.08011027	-0.03269679	0.12117046	-0.00561605	0.00464560	-0.03282102
3.949984	0.08000971	-0.03268268	0.12060244	-0.00722288	0.00554011	-0.02549022
3.966651	0.07988477	-0.03263495	0.12021554	-0.00871524	0.00798523	-0.01417158
3.983317	0.07971893	-0.03246867	0.12006112	-0.00914954	0.01033774	-0.00105679
3.999984	0.07952800	-0.03217786	0.12017846	-0.00809285	0.01116873	0.01122677
4.016651	0.07934864	-0.03192493	0.12053522	-0.00558449	0.00964267	0.02078966
4.033317	0.07928580	-0.03177131	0.12104107	-0.00185602	0.00560582	0.02595823
4.049984	0.07929903	-0.03174685	0.12157425	0.00253574	0.00066858	0.02633187
4.066650	0.07940605	-0.03181269	0.12205082	0.00576860	-0.00332826	0.02316253
4.083317	0.07954580	-0.03192335	0.12238885	0.00688079	-0.00549015	0.01856118
4.099984	0.07972456	-0.03204549	0.12261870	0.00672809	-0.00569156	0.01418697
4.116650	0.07981910	-0.03215811	0.12277652	0.00584303	-0.00478445	0.01056537
4.133317	0.07987700	-0.03222466	0.12293406	0.00450434	-0.00410208	0.00753167
4.149983	0.07992817	-0.03225450	0.12307309	0.00294903	-0.00426628	0.00426771
4.166650	0.07998501	-0.03228238	0.12314115	0.00241255	-0.00466829	0.00017665
4.183317	0.08003274	-0.03238901	0.12311585	0.00226782	-0.00477251	-0.00512636
4.199983	0.08002451	-0.03253211	0.12296908	0.00187178	-0.00451157	-0.01065732
4.216650	0.08008400	-0.03262209	0.12274215	0.00131097	-0.00372368	-0.01553642
4.233316	0.08009443	-0.03264261	0.12240421	0.00026591	-0.00311197	-0.01949173
4.249983	0.08012474	-0.03263450	0.12204985	-0.00246649	-0.00318851	-0.02223966
4.266650	0.08009564	-0.03266156	0.12164353	-0.00626041	-0.00330856	-0.02264621
4.283316	0.07996563	-0.03279294	0.12122916	-0.00944048	-0.00221188	-0.01978700
4.299983	0.07970655	-0.03289158	0.12083966	-0.01102083	0.00044363	-0.01369348
4.316649	0.07944357	-0.03289390	0.12061924	-0.01001757	0.00467326	-0.00504414
4.333316	0.07924599	-0.03271070	0.12062383	-0.00614053	0.00922516	0.00497395
4.349982	0.07920633	-0.03247261	0.12085581	-0.00010487	0.01244183	0.01444282
4.366649	0.07926057	-0.03219606	0.12121128	0.00568966	0.01251622	0.02123245
4.383316	0.07944214	-0.03198780	0.12167065	0.00981022	0.00971001	0.02415976
4.399982	0.07968711	-0.03180337	0.12212484	0.01237800	0.00580157	0.02336672
4.416649	0.07990986	-0.03178915	0.12255524	0.01293691	0.00195679	0.01986769
4.433315	0.08013327	-0.03180796	0.12285163	0.01129826	-0.00090953	0.01513126
4.449982	0.08034223	-0.03189324	0.12303670	0.00857878	-0.00208263	0.01039286
4.466649	0.08046029	-0.03193855	0.12312112	0.00587045	-0.00142627	0.00595766
4.483315	0.08052193	-0.03196025	0.12319255	0.00296512	-0.00088847	0.00171170
4.499982	0.08050069	-0.03193595	0.12322567	-0.00003949	-0.00184613	-0.00369815
4.516648	0.08051610	-0.03190039	0.12317510	-0.00248441	-0.00420809	-0.01099948
4.533315	0.08045245	-0.03198462	0.12296878	-0.00471955	-0.00704811	-0.01906775
4.549982	0.08035564	-0.03218994	0.12252758	-0.00730279	-0.00886101	-0.02543042
4.566648	0.08021771	-0.03242104	0.12193698	-0.00970781	-0.00818129	-0.02794787
4.583315	0.08001293	-0.03262176	0.12134946	-0.00994794	-0.00483446	-0.02586420
4.599981	0.07979628	-0.03262731	0.12091377	-0.00852707	0.00019515	-0.02016556
4.616648	0.07960630	-0.03255203	0.12069247	-0.00571618	0.00563367	-0.01307504
4.633315	0.07958945	-0.03238320	0.12058870	-0.00237335	0.01001345	-0.00617983
4.649981	0.07959902	-0.03218435	0.12055591	0.00015628	0.01268889	0.00020117
4.666648	0.07969198	-0.03194545	0.12055143	0.00103921	0.01453365	0.00735714
4.683314	0.07970126	-0.03167662	0.12067364	0.00052184	0.01570159	0.01609239
4.699981	0.07968632	-0.03141299	0.12098593	0.00027418	0.01597049	0.02565547
4.716648	0.07964877	-0.03112019	0.12155899	0.00067808	0.01539094	0.03413162
4.733315	0.07963017	-0.03085429	0.12228560	0.00208051	0.01504063	0.03913575
4.749981	0.07972328	-0.03063460	0.12306552	0.00310169	0.01360574	0.03870376
4.766647	0.07980477	-0.03042359	0.12375385	0.00320495	0.01061408	0.03261400
4.783314	0.07992109	-0.03018660	0.12428465	0.00156373	0.00742192	0.02275111
4.799981	0.07990530	-0.03011565	0.12456213	-0.00129425	0.00498516	0.01116858
4.816647	0.07986394	-0.03009665	0.12461471	-0.00519173	0.00263624	-0.00058901
4.833314	0.07971583	-0.03013987	0.12447854	-0.00966508	0.00022199	-0.01168271
4.849980	0.07956899	-0.03008343	0.12419460	-0.01340421	-0.00114523	-0.02134551
4.866647	0.07927870	-0.03008513	0.12376345	-0.01518986	-0.00155517	-0.02905779
4.883314	0.07895705	-0.03015510	0.12317514	-0.01423055	-0.00198200	-0.03410588
4.899980	0.07863043	-0.03022470	0.12249917	-0.01067013	-0.00262078	-0.03510437
4.916647	0.07849012	-0.03026860	0.12182730	-0.00522593	-0.00215732	-0.03125054
4.933313	0.07849225	-0.03028623	0.12127166	0.00044275	-0.00156688	-0.02306836
4.949980	0.07862556	-0.03029589	0.12096515	0.00416701	-0.00173538	-0.01185552
4.966647	0.07874373	-0.03030054	0.12088182	0.00476630	-0.00267914	0.00098993
4.983313	0.07886779	-0.03035794	0.12103097	0.00329671	-0.00313800	0.01349820
4.999980	0.07886898	-0.03044167	0.12136311	0.00109762	-0.00290750	0.02443227
5.016646	0.07885219	-0.03054947	0.12189382	-0.00074823	-0.00189392	0.03252143
5.033313	0.07879375	-0.03053767	0.12254912	-0.00197057	-0.00083329	0.03619041
5.049980	0.07876535	-0.03052467	0.12329047	-0.00197322	-0.00059776	0.03507036
5.066646	0.07873909	-0.03044872	0.12392444	-0.00119683	-0.00160725	0.02974656
5.083313	0.07869956	-0.03051053	0.12437257	0.00003893	-0.00288796	0.02140281
5.099979	0.07871419	-0.03060956	0.12461533	0.00090227	-0.00320819	0.01115576
5.116646	0.07874355	-0.03075184	0.12470179	0.00132412	-0.00213809	0.00070103
5.133313	0.07881390	-0.03076850	0.12465379	0.00051573	-0.00071470	-0.00895403
5.149979	0.07882672	-0.03070665	0.12441224	-0.00169777	-0.00032418	-0.01715660
5.166646	0.07880089	-0.03060043	0.12402211	-0.00430191	-0.00104658	-0.02367964
5.183312	0.07866414	-0.03066247	0.12351245	-0.00664784	-0.00173153	-0.02743143
5.199979	0.07849905	-0.03077887	0.12299456	-0.00806059	-0.00095755	-0.02765972
5.216646	0.07834817	-0.03091403	0.12248984	-0.00896893	0.00096818	-0.02525030
5.233312	0.07820682	-0.03081518	0.12209620	-0.00892732	0.00376943	-0.02108307
5.249979	0.07809387	-0.03062038	0.12180072	-0.00769235	0.00669545	-0.01617252
5.266645	0.07790204	-0.03045885	0.12157392	-0.00565475	0.00828366	-0.01115219
5.283312	0.07780407	-0.03035285	0.12144134	-0.00321270	0.00845644	-0.00636312
5.299979	0.07778323	-0.03025595	0.12135223	-0.00023149	0.00894915	-0.00139930
5.316645	0.07784198	-0.03012550	0.12137149	0.00248437	0.01033605	0.00410178
5.333312	0.07793497	-0.02989561	0.12146959	0.00356996	0.01199030	0.00973549
5.349978	0.07801351	-0.02967223	0.12168390	0.00369550	0.01269260	0.01483856
5.366645	0.07806846	-0.02941195	0.12201741	0.00371152	0.01145075	0.01876809
5.383312	0.07808868	-0.02922394	0.12238391	0.00450561	0.00825510	0.02091241
5.399978	0.07814936	-0.02909204	0.12278040	0.00601465	0.00405487	0.02051928
5.416645	0.07826447	-0.02907092	0.12313914	0.00845134	0.00009030	0.01792844
5.433311	0.07845470	-0.02914790	0.12343322	0.01062777	-0.00333211	0.01370525
5.449978	0.07865062	-0.02925732	0.12362810	0.01138606	-0.00667729	0.00819634
5.466645	0.07890785	-0.02935082	0.12371540	0.01077295	-0.00843485	0.00188847
5.483311	0.07906624	-0.02951246	0.12369785	0.00870157	-0.00874026	-0.00476474
5.499978	0.07920729	-0.02972456	0.12356546	0.00521200	-0.00822608	-0.01147372
5.516644	0.07926738	-0.02986214	0.12331145	0.00042040	-0.00764285	-0.01815911
5.533311	0.07924936	-0.02997732	0.12295377	-0.00510419	-0.00673787	-0.02397700
5.549978	0.07914361	-0.02999661	0.12248094	-0.01021777	-0.00559028	-0.02771813
5.566644	0.07888282	-0.03013260	0.12193142	-0.01293530	-0.00504964	-0.02837043
5.583311	0.07855429	-0.03022318	0.12139252	-0.01207208	-0.00537239	-0.02576887
5.599977	0.07828074	-0.03030978	0.12094721	-0.00803422	-0.00557352	-0.02030470
5.616644	0.07817294	-0.03039070	0.12067743	-0.00249391	-0.00478164	-0.01291537
5.633311	0.07829066	-0.03047542	0.12053980	0.00244868	-0.00286531	-0.00440465
5.649977	0.07843620	-0.03055790	0.12054215	0.00421399	-0.00000076	0.00444872
5.666644	0.07856787	-0.03056520	0.12066062	0.00253824	0.00320168	0.01306103
5.683311	0.07859642	-0.03042068	0.12095539	0.00010919	0.00622036	0.02130368
5.699977	0.07847560	-0.03027059	0.12140539	-0.00021197	0.00828401	0.02830967
5.716644	0.07839110	-0.03006829	0.12197579	0.00207384	0.00755316	0.03281387
5.733310	0.07840385	-0.02995804	0.12262060	0.00661231	0.00355443	0.03332956
5.749977	0.07863270	-0.02985668	0.12323040	0.01214978	-0.00217686	0.02941281
5.766644	0.07893559	-0.02995314	0.12374768	0.01646864	-0.00758547	0.02131005
5.783310	0.07926243	-0.03019120	0.12404798	0.01748230	-0.01087337	0.00944659
5.799977	0.07959601	-0.03050264	0.12412062	0.01425775	-0.01144043	-0.00471843
5.816643	0.07985703	-0.03073349	0.12392721	0.00791888	-0.00860719	-0.01890179
5.833310	0.07998377	-0.03081922	0.12343769	0.00046849	-0.00390205	-0.03071753
5.849977	0.07987821	-0.03081130	0.12275375	-0.00662080	-0.00006901	-0.03885885
5.866643	0.07960748	-0.03072026	0.12195364	-0.01167268	0.00137898	-0.04182650
5.883310	0.07933959	-0.03064352	0.12119713	-0.01288158	0.00091419	-0.03903643
5.899976	0.07906629	-0.03066286	0.12051385	-0.00994105	-0.00123562	-0.03174087
5.916643	0.07892950	-0.03071281	0.12003267	-0.00468517	-0.00451001	-0.02197788
5.933310	0.07889238	-0.03081021	0.11977445	0.00076142	-0.00666951	-0.01117353
5.949976	0.07899893	-0.03095276	0.11971330	0.00456283	-0.00618245	-0.00015181
5.966643	0.07917388	-0.03113420	0.11980558	0.00591180	-0.00288234	0.00964191
5.983309	0.07931746	-0.03121621	0.12004762	0.00497887	0.00142289	0.01751192
5.999976	0.07937485	-0.03111912	0.12044215	0.00218940	0.00564722	0.02328297
6.016643	0.07937089	-0.03085474	0.12092065	-0.00079323	0.00881325	0.02675056
6.033309	0.07930310	-0.03067291	0.12142743	-0.00257273	0.00945682	0.02714950
6.049976	0.07922848	-0.03050355	0.12190647	-0.00254841	0.00658140	0.02464155
6.066642	0.07916076	-0.03044546	0.12232351	-0.00098177	0.00160586	0.02055422
6.083309	0.07914913	-0.03040240	0.12261496	0.00122160	-0.00346847	0.01623428
6.099976	0.07921222	-0.03052980	0.12281134	0.00380462	-0.00668164	0.01268750
6.116642	0.07931757	-0.03073337	0.12295437	0.00595766	-0.00736225	0.01001619
6.133308	0.07942650	-0.03097486	0.12310282	0.00694959	-0.00669164	0.00738762
6.149975	0.07958526	-0.03102438	0.12326197	0.00672514	-0.00531000	0.00334629
6.166642	0.07968780	-0.03101180	0.12334454	0.00531728	-0.00346868	-0.00324526
6.183309	0.07979874	-0.03101460	0.12327506	0.00293986	-0.00187304	-0.01273559
6.199975	0.07982010	-0.03112232	0.12298132	0.00063017	-0.00154087	-0.02378324
6.216641	0.07978605	-0.03117163	0.12246159	-0.00116382	-0.00251801	-0.03362062
6.233308	0.07971594	-0.03117095	0.12174337	-0.00165545	-0.00334879	-0.03906713
6.249975	0.07967720	-0.03115322	0.12093446	-0.00045624	-0.00383224	-0.03814247
6.266642	0.07964947	-0.03129283	0.12019885	0.00110295	-0.00471084	-0.03046842
6.283308	0.07973398	-0.03139541	0.11971644	0.00137851	-0.00438193	-0.01673783
6.299974	0.07980457	-0.03154071	0.11955135	-0.00063483	-0.00190022	0.00060644
6.316641	0.07984839	-0.03155559	0.11973636	-0.00428965	0.00220216	0.01776635
6.333308	0.07971723	-0.03144522	0.12024666	-0.00869523	0.00579983	0.03109937
6.349975	0.07946008	-0.03127821	0.12098324	-0.01206459	0.00842080	0.03865716
6.366641	0.07919090	-0.03105228	0.12179345	-0.01264801	0.00858793	0.03969011
6.383307	0.07892692	-0.03094655	0.12250285	-0.00982773	0.00638074	0.03478463
6.399974	0.07878768	-0.03080889	0.12305252	-0.00514867	0.00249663	0.02594347
6.416641	0.07875645	-0.03082316	0.12338642	0.00050221	-0.00106253	0.01561089
6.433308	0.07883555	-0.03087897	0.12353354	0.00545198	-0.00357761	0.00562949
6.449974	0.07898191	-0.03103061	0.12352334	0.00828910	-0.00495765	-0.00296795
6.466640	0.07920159	-0.03111887	0.12338120	0.00956912	-0.00440515	-0.00941131
6.483307	0.07937006	-0.03120002	0.12314896	0.00969339	-0.00306409	-0.01414998
6.499974	0.07951276	-0.03121134	0.12285031	0.00924118	-0.00218172	-0.01824897
6.516641	0.07964230	-0.03120415	0.12254581	0.00791851	-0.00300442	-0.02249380
6.533307	0.07977191	-0.03122776	0.12217167	0.00597099	-0.00389693	-0.02674993
6.549973	0.07992902	-0.03132294	0.12169105	0.00335367	-0.00445962	-0.03027172
6.566640	0.07994441	-0.03150177	0.12109265	0.00057709	-0.00430105	-0.03192110
6.583307	0.07991689	-0.03155052	0.12047058	-0.00178699	-0.00340899	-0.03009555
6.599973	0.07979324	-0.03158959	0.11993343	-0.00277487	-0.00148358	-0.02448662
6.616640	0.07972965	-0.03153867	0.11955532	-0.00214339	0.00017516	-0.01605659
6.633307	0.07970872	-0.03155706	0.11939111	-0.00090454	0.00020601	-0.00673878
6.649973	0.07974252	-0.03152242	0.11938597	0.00019897	-0.00109733	0.00194398
6.666640	0.07977870	-0.03153946	0.11952712	0.00005048	-0.00198728	0.00907279
6.683306	0.07977639	-0.03159778	0.11973899	-0.00084080	-0.00133640	0.01493680
6.699973	0.07975043	-0.03170395	0.12003519	-0.00216477	0.00082450	0.01997445
6.716640	0.07967562	-0.03168509	0.12038895	-0.00379258	0.00320400	0.02373269
6.733306	0.07962288	-0.03158000	0.12085156	-0.00558580	0.00507349	0.02576369
6.749973	0.07952925	-0.03133695	0.12135469	-0.00694293	0.00578760	0.02575765
6.766639	0.07939060	-0.03127972	0.12181944	-0.00772982	0.00524577	0.02366254
6.783306	0.07921572	-0.03120649	0.12219308	-0.00838689	0.00316508	0.01928296
6.799973	0.07906719	-0.03125254	0.12246586	-0.00833612	0.00070676	0.01303641
6.816639	0.07894990	-0.03117562	0.12265720	-0.00705577	-0.00000059	0.00565483
6.833306	0.07882376	-0.03122168	0.12271211	-0.00528554	-0.00015561	-0.00283369
6.849972	0.07873634	-0.03123984	0.12260084	-0.00411307	-0.00084238	-0.01265609
6.866639	0.07870645	-0.03123164	0.12232297	-0.00330621	-0.00216840	-0.02247853
6.883306	0.07868351	-0.03126416	0.12183287	-0.00236680	-0.00280060	-0.02905313
6.899972	0.07863904	-0.03131719	0.12118780	-0.00176140	-0.00288488	-0.03029388
6.916639	0.07858433	-0.03142651	0.12052115	-0.00138958	-0.00181728	-0.02615172
6.933305	0.07857383	-0.03148467	0.12008952	-0.00068475	0.00065252	-0.01765299
6.949972	0.07857041	-0.03143708	0.11992944	0.00010371	0.00373411	-0.00707577
6.966639	0.07859457	-0.03132652	0.11998351	0.00071399	0.00651142	0.00274715
6.983305	0.07861602	-0.03112989	0.12015057	0.00141785	0.00831012	0.00970423
6.999972	0.07862150	-0.03099911	0.12036161	0.00253041	0.00860421	0.01416287
7.016638	0.07865841	-0.03085328	0.12063681	0.00388277	0.00697307	0.01721326
7.033305	0.07873191	-0.03072411	0.12093368	0.00555748	0.00444948	0.01959253
7.049972	0.07886191	-0.03065349	0.12129943	0.00718276	0.00290852	0.02121945
7.066638	0.07900278	-0.03066337	0.12168144	0.00717736	0.00078291	0.02129057
7.083305	0.07915590	-0.03070816	0.12207232	0.00556937	-0.00262588	0.01905151
7.099971	0.07928136	-0.03067347	0.12241960	0.00310415	-0.00674555	0.01432060
7.116638	0.07926408	-0.03080385	0.12263764	0.00113588	-0.00971710	0.00802043
7.133305	0.07923616	-0.03102691	0.12270558	-0.00033919	-0.01202845	0.00079438
7.149971	0.07915526	-0.03138950	0.12261817	-0.00103847	-0.01300678	-0.00621996
7.166638	0.07920665	-0.03157985	0.12244792	-0.00114847	-0.01141812	-0.01274684
7.183304	0.07919374	-0.03176782	0.12217919	-0.00150718	-0.00733295	-0.01900345
7.199971	0.07919261	-0.03181152	0.12185290	-0.00269571	-0.00347627	-0.02519357
7.216638	0.07911038	-0.03186261	0.12137377	-0.00436498	-0.00220160	-0.03026356
7.233304	0.07901084	-0.03178052	0.12078944	-0.00459878	-0.00209066	-0.03223749
7.249971	0.07889394	-0.03182616	0.12011231	-0.00260213	-0.00105944	-0.02991815
7.266637	0.07881502	-0.03191727	0.11955395	0.00129678	0.00174739	-0.02329918
7.283304	0.07886184	-0.03198932	0.11921936	0.00557522	0.00609559	-0.01356402
7.299971	0.07905553	-0.03181651	0.11913536	0.00883907	0.01195992	-0.00239474
7.316637	0.07929218	-0.03149357	0.11922886	0.00937577	0.01658023	0.00852421
7.333304	0.07951316	-0.03106446	0.11945211	0.00675025	0.01781826	0.01829337
7.349970	0.07959854	-0.03071839	0.11981102	0.00242178	0.01495242	0.02642046
7.366637	0.07956075	-0.03051192	0.12035286	-0.00127558	0.01120569	0.03248131
7.383304	0.07943794	-0.03042432	0.12100539	-0.00279204	0.00802543	0.03565493
7.399970	0.07932777	-0.03042347	0.12170335	-0.00236892	0.00509510	0.03482743
7.416637	0.07931855	-0.03025804	0.12231010	-0.00079461	0.00232250	0.02949451
7.433303	0.07937878	-0.03018038	0.12278700	0.00086204	-0.00022334	0.02023061
7.449970	0.07941633	-0.03019636	0.12306102	0.00146449	-0.00387431	0.00877961
7.466637	0.07945219	-0.03035087	0.12310873	0.00063323	-0.00902276	-0.00250955
7.483303	0.07943103	-0.03056088	0.12291335	-0.00109069	-0.01334448	-0.01220391
7.499970	0.07942337	-0.03079794	0.12256464	-0.00259844	-0.01435748	-0.01952868
7.516636	0.07935674	-0.03112068	0.12215549	-0.00374825	-0.01199615	-0.02427200
7.533303	0.07925930	-0.03139755	0.12172154	-0.00485530	-0.00831751	-0.02717279
7.549970	0.07918424	-0.03145687	0.12126153	-0.00587611	-0.00377555	-0.02878648
7.566636	0.07907666	-0.03141339	0.12076692	-0.00630068	0.00036295	-0.02912410
7.583303	0.07897253	-0.03131020	0.12022035	-0.00621973	0.00215712	-0.02739414
7.599969	0.07884313	-0.03125060	0.11974028	-0.00514282	0.00162975	-0.02348116
7.616636	0.07873841	-0.03126472	0.11933804	-0.00302506	0.00073541	-0.01737371
7.633303	0.07869443	-0.03128722	0.11913922	-0.00060041	0.00075328	-0.00932552
7.649969	0.07873525	-0.03132325	0.11903550	0.00140336	0.00270400	-0.00007935
7.666636	0.07881787	-0.03125428	0.11910818	0.00210822	0.00608980	0.00943478
7.683302	0.07888585	-0.03113331	0.11933085	0.00139285	0.00939053	0.01894482
7.699969	0.07889662	-0.03089569	0.11974413	0.00000369	0.01135199	0.02888825
7.716636	0.07885180	-0.03064284	0.12030727	-0.00084255	0.01150049	0.03739420
7.733302	0.07879309	-0.03043639	0.12102874	-0.00081979	0.01058970	0.04202379
7.749969	0.07877304	-0.03029511	0.12188635	0.00114803	0.00849830	0.03930372
7.766635	0.07881583	-0.03020743	0.12267469	0.00439508	0.00582062	0.02860692
7.783302	0.07887740	-0.03008762	0.12321078	0.00667869	0.00209980	0.01118325
7.799969	0.07909158	-0.03005405	0.12317871	0.00554370	-0.00279235	-0.00939053
7.816635	0.07925913	-0.03008257	0.12274805	0.00221857	-0.00729113	-0.02849192
7.833302	0.07933801	-0.03032542	0.12194814	-0.00233316	-0.00987351	-0.04160864
7.849968	0.07911442	-0.03063148	0.12108772	-0.00782664	-0.01006317	-0.04647080
7.866635	0.07891284	-0.03082972	0.12020577	-0.01239100	-0.00850665	-0.04412434
7.883302	0.07864662	-0.03089570	0.11946489	-0.01344645	-0.00602650	-0.03675159
7.899968	0.07842725	-0.03087144	0.11891147	-0.01121213	-0.00513696	-0.02626210
7.916635	0.07819153	-0.03093391	0.11857080	-0.00850841	-0.00650603	-0.01384674
7.933301	0.07810184	-0.03106469	0.11842865	-0.00554612	-0.00842818	-0.00170686
7.949968	0.07807763	-0.03130629	0.11853878	-0.00290633	-0.00943686	0.00955936
7.966635	0.07807069	-0.03151881	0.11882170	-0.00088666	-0.00843247	0.01924537
7.983301	0.07807049	-0.03162997	0.11924642	-0.00086997	-0.00656138	0.02716124
7.999968	0.07804419	-0.03170056	0.11978674	-0.00151840	-0.00526900	0.03221473
8.016634	0.07805530	-0.03168111	0.12036836	-0.00078947	-0.00544358	0.03387442
8.033301	0.07796402	-0.03179681	0.12104820	0.00275736	-0.00571119	0.03184257
8.049968	0.07796695	-0.03193931	0.12158842	0.00875544	-0.00562871	0.02639293
8.066634	0.07811378	-0.03212183	0.12202501	0.01598789	-0.00545463	0.01760523
8.083301	0.07852428	-0.03215327	0.12222028	0.02264289	-0.00451958	0.00631339
8.099967	0.07906579	-0.03216150	0.12224407	0.02559519	-0.00320864	-0.00581140
8.116634	0.07959946	-0.03220801	0.12204170	0.02799276	-0.00247537	-0.01295143
8.133301	0.08002074	-0.03227329	0.12163392	0.02358610	-0.00333657	-0.02222107
8.149967	0.08028536	-0.03233805	0.12110907	0.01917944	-0.00419777	-0.03149071
