Time	thumb tip right X	thumb tip right Y	thumb tip right Z	thumb tip right v(X)	thumb tip right v(Y)	thumb tip right v(Z)
0.00000000	0.00000000	0.00000000	0.00000000	0.00000000	0.00000000	0.00000000
0.01666660	0.01666660	0.01666660	0.01666660	0.01666660	0.01666660	0.01666660
0.000000	0.11833364	-0.06298905	0.08777561	-0.00084419	-0.00239112	0.00458943
0.016667	0.11833376	-0.06305758	0.08784632	-0.00077248	-0.00255057	-0.00137955
0.033333	0.11831780	-0.06306177	0.08786390	-0.00070077	-0.00271001	-0.00734854
0.050000	0.11826986	-0.06313168	0.08770273	0.00044156	-0.00429233	-0.01046811
0.066666	0.11828439	-0.06313024	0.08745959	0.00072915	-0.00674664	-0.01605834
0.083333	0.11833986	-0.06328314	0.08709955	0.00108898	-0.00823281	-0.02124158
0.100000	0.11838607	-0.06349822	0.08673304	0.00198380	-0.00817962	-0.02713229
0.116666	0.11838847	-0.06372297	0.08630153	0.00404300	-0.00702663	-0.03379727
0.133333	0.11839554	-0.06380410	0.08570775	0.00698424	-0.00528394	-0.04080006
0.149999	0.11851789	-0.06379183	0.08491315	0.00924628	-0.00466606	-0.04785762
0.166666	0.11879970	-0.06378030	0.08400407	0.00913203	-0.00614768	-0.05335240
0.183333	0.11907091	-0.06391051	0.08303175	0.00593594	-0.01019601	-0.05547848
0.199999	0.11918318	-0.06414336	0.08207063	0.00115972	-0.01457816	-0.05368660
0.216666	0.11904591	-0.06446963	0.08113508	-0.00270517	-0.01672964	-0.04915361
0.233332	0.11881689	-0.06483361	0.08034138	-0.00434043	-0.01656241	-0.04342376
0.249999	0.11871507	-0.06511533	0.07970224	-0.00359186	-0.01508406	-0.03774330
0.266666	0.11876149	-0.06530424	0.07917557	-0.00121296	-0.01300385	-0.03301172
0.283332	0.11883113	-0.06547317	0.07868970	0.00107401	-0.01108152	-0.02988060
0.299999	0.11884101	-0.06563723	0.07820093	0.00218672	-0.01013954	-0.02734415
0.316665	0.11881933	-0.06583763	0.07773519	0.00191052	-0.01045060	-0.02448908
0.333332	0.11886276	-0.06598307	0.07731224	0.00087310	-0.01148679	-0.02075353
0.349999	0.11894359	-0.06615757	0.07701644	0.00117895	-0.01122442	-0.01397336
0.366665	0.11895061	-0.06637724	0.07679596	0.00157603	-0.01048044	-0.00504853
0.383332	0.11889344	-0.06662080	0.07671025	0.00154954	-0.00964701	0.00559030
0.399998	0.11896735	-0.06671075	0.07695675	0.00114900	-0.00832114	0.01704275
0.416665	0.11896756	-0.06685145	0.07729518	-0.00007462	-0.00641814	0.02842423
0.433332	0.11908501	-0.06688413	0.07798748	-0.00300766	-0.00390475	0.03837217
0.449998	0.11897644	-0.06702149	0.07866191	-0.00811211	-0.00031162	0.04579030
0.466665	0.11881045	-0.06702690	0.07954329	-0.01228159	0.00708330	0.05124917
0.483331	0.11850116	-0.06691852	0.08045468	-0.01335477	0.01848292	0.05499888
0.499998	0.11810481	-0.06659943	0.08137409	-0.01166602	0.03104297	0.05728722
0.516665	0.11797676	-0.06585659	0.08240216	-0.00983354	0.04094457	0.05731524
0.533331	0.11792737	-0.06494032	0.08336985	-0.00787023	0.04652519	0.05557328
0.549998	0.11792729	-0.06400099	0.08432396	-0.00608044	0.04580948	0.05106440
0.566664	0.11774965	-0.06323934	0.08517332	-0.00342005	0.03930333	0.04442013
0.583331	0.11754476	-0.06268950	0.08584625	0.00184347	0.02968716	0.03684670
0.599998	0.11754945	-0.06228362	0.08638412	0.00902045	0.01966155	0.02961495
0.616664	0.11784779	-0.06204837	0.08676599	0.01560176	0.01113658	0.02428638
0.633331	0.11835936	-0.06195978	0.08707845	0.01789983	0.00474988	0.02018333
0.649997	0.11880092	-0.06196722	0.08739901	0.01542563	0.00041088	0.01526265
0.666664	0.11898704	-0.06204961	0.08769664	0.01070377	-0.00239422	0.00785589
0.683331	0.11897006	-0.06207733	0.08787604	0.00635109	-0.00520475	-0.00270908
0.699997	0.11893700	-0.06214708	0.08775335	0.00407422	-0.00883234	-0.01519917
0.716664	0.11906045	-0.06225744	0.08732052	0.00381531	-0.01257015	-0.02701740
0.733330	0.11920838	-0.06255392	0.08665718	0.00339264	-0.01548362	-0.03678612
0.749997	0.11930650	-0.06293660	0.08591985	0.00108429	-0.01662453	-0.04390991
0.766664	0.11928345	-0.06326304	0.08520266	-0.00301005	-0.01691881	-0.05008360
0.783330	0.11914448	-0.06349915	0.08436142	-0.00602125	-0.01674301	-0.05530990
0.799997	0.11899443	-0.06365150	0.08342596	-0.00562335	-0.01655421	-0.05886068
0.816663	0.11880088	-0.06396668	0.08223470	-0.00217375	-0.01673698	-0.05852972
0.833330	0.11879415	-0.06431351	0.08117562	0.00080224	-0.01740068	-0.05334339
0.849997	0.11893149	-0.06465383	0.08023966	0.00101474	-0.01724906	-0.04495039
0.866663	0.11912519	-0.06490618	0.07969388	-0.00072204	-0.01483431	-0.03620203
0.883330	0.11908191	-0.06512231	0.07928612	-0.00420304	-0.01225514	-0.03123110
0.899996	0.11882835	-0.06532007	0.07888930	-0.00773452	-0.01103748	-0.03040791
0.916663	0.11860340	-0.06542672	0.07839648	-0.00883460	-0.01124297	-0.03157382
0.933330	0.11842302	-0.06561514	0.07770970	-0.00625155	-0.01197540	-0.03102043
0.949996	0.11840657	-0.06581978	0.07710686	-0.00176360	-0.01203695	-0.02621568
0.966663	0.11841813	-0.06609591	0.07665414	0.00060547	-0.01098332	-0.01690629
0.983329	0.11849492	-0.06632616	0.07645984	-0.00058357	-0.00814504	-0.00482908
0.999996	0.11859322	-0.06639590	0.07657351	-0.00442395	-0.00418069	0.00783044
1.016663	0.11844501	-0.06643170	0.07678981	-0.00946023	-0.00018988	0.01998265
1.033329	0.11821719	-0.06633067	0.07724229	-0.01329573	0.00479637	0.03210021
1.049996	0.11784027	-0.06627402	0.07781518	-0.01433438	0.01188171	0.04364024
1.066662	0.11752602	-0.06615188	0.07862464	-0.01321280	0.01968854	0.05222379
1.083329	0.11741540	-0.06572173	0.07973628	-0.01110469	0.02547997	0.05637776
1.099996	0.11729115	-0.06511066	0.08082171	-0.00846240	0.02832402	0.05708445
1.116662	0.11719832	-0.06442005	0.08180026	-0.00647652	0.02844554	0.05512554
1.133329	0.11702139	-0.06401479	0.08255805	-0.00513720	0.02646602	0.05099943
1.149995	0.11692048	-0.06376404	0.08332095	-0.00399170	0.02293108	0.04528503
1.166662	0.11692611	-0.06342671	0.08416806	-0.00137866	0.01923982	0.03987857
1.183329	0.11692267	-0.06303515	0.08485006	0.00299619	0.01637853	0.03632146
1.199995	0.11693685	-0.06268023	0.08532591	0.00665343	0.01270012	0.03324693
1.216662	0.11709242	-0.06253373	0.08571989	0.00889513	0.00800572	0.02974138
1.233328	0.11733454	-0.06253334	0.08622686	0.01054898	0.00374430	0.02605493
1.249995	0.11758747	-0.06256270	0.08679533	0.01185873	0.00103400	0.02206096
1.266662	0.11772612	-0.06255344	0.08717366	0.01297904	0.00078079	0.01717109
1.283328	0.11788116	-0.06249653	0.08733460	0.01323169	0.00182527	0.01065814
1.299995	0.11811645	-0.06248417	0.08736355	0.01243484	0.00350048	0.00443352
1.316661	0.11845075	-0.06241611	0.08740886	0.00975773	0.00462275	-0.00024401
1.333328	0.11864572	-0.06235944	0.08739531	0.00490697	0.00505656	-0.00468874
1.349995	0.11869136	-0.06218487	0.08734586	0.00110683	0.00527324	-0.01132612
1.366661	0.11849440	-0.06211155	0.08712436	0.00163176	0.00491243	-0.01991124
1.383328	0.11835018	-0.06203529	0.08674102	0.00602009	0.00296788	-0.02874565
1.399994	0.11850746	-0.06200410	0.08609615	0.01149182	-0.00022525	-0.03541696
1.416661	0.11895836	-0.06199167	0.08538513	0.01517529	-0.00294722	-0.03908799
1.433328	0.11941090	-0.06208771	0.08461935	0.01448510	-0.00465007	-0.04030378
1.449994	0.11964278	-0.06223672	0.08402564	0.00983846	-0.00484906	-0.03988833
1.466661	0.11962160	-0.06237393	0.08339138	0.00439679	-0.00359686	-0.03925157
1.483327	0.11955152	-0.06240077	0.08277198	0.00186414	-0.00082711	-0.03891391
1.499994	0.11953332	-0.06236364	0.08207040	0.00187346	0.00138667	-0.03938914
1.516661	0.11963443	-0.06228063	0.08138505	0.00179042	0.00079329	-0.03921707
1.533327	0.11979128	-0.06219753	0.08075832	0.00021108	-0.00242774	-0.03804308
1.549994	0.11978657	-0.06225090	0.08010861	-0.00305881	-0.00677441	-0.03570198
1.566660	0.11964869	-0.06245901	0.07954481	-0.00719867	-0.01121062	-0.03342817
1.583327	0.11942915	-0.06274247	0.07898498	-0.00993938	-0.01525827	-0.03103675
1.599994	0.11920968	-0.06303556	0.07852268	-0.01020238	-0.01856148	-0.02839249
1.616660	0.11905051	-0.06330132	0.07805300	-0.00929605	-0.02164339	-0.02530820
1.633327	0.11893033	-0.06367247	0.07764837	-0.00932042	-0.02469613	-0.02166492
1.649993	0.11883382	-0.06412352	0.07728484	-0.01074419	-0.02665247	-0.01774914
1.666660	0.11867493	-0.06467973	0.07704125	-0.01243633	-0.02623662	-0.01338335
1.683327	0.11837827	-0.06518300	0.07686519	-0.01265162	-0.02309440	-0.00712308
1.699993	0.11808602	-0.06553373	0.07676911	-0.01130820	-0.01822062	0.00167814
1.716660	0.11785752	-0.06574186	0.07675153	-0.00812437	-0.01150944	0.01265825
1.733326	0.11784051	-0.06585227	0.07706067	-0.00467623	-0.00409694	0.02426649
1.749993	0.11782815	-0.06594010	0.07760108	-0.00249551	0.00415044	0.03542296
1.766660	0.11787851	-0.06581704	0.07843342	-0.00139628	0.01426196	0.04466660
1.783326	0.11777763	-0.06555625	0.07923160	-0.00044581	0.02625033	0.05057888
1.799993	0.11772309	-0.06498037	0.08014037	0.00067640	0.03705550	0.05307565
1.816659	0.11773603	-0.06419607	0.08102905	0.00154578	0.04336259	0.05347154
1.833326	0.11786050	-0.06325548	0.08197302	0.00248195	0.04393532	0.05283858
1.849993	0.11795382	-0.06244275	0.08284820	0.00314840	0.03922517	0.05068091
1.866659	0.11795992	-0.06185536	0.08369460	0.00348335	0.03051141	0.04667401
1.883326	0.11794815	-0.06150116	0.08444156	0.00441277	0.02015159	0.04087919
1.899992	0.11803002	-0.06124463	0.08512526	0.00698454	0.01078064	0.03468971
1.916659	0.11816317	-0.06116670	0.08561111	0.00937823	0.00340025	0.02970637
1.933326	0.11842190	-0.06115169	0.08601326	0.00915006	-0.00223814	0.02681125
1.949992	0.11864853	-0.06129941	0.08634149	0.00600735	-0.00613794	0.02532101
1.966659	0.11875787	-0.06144143	0.08679774	0.00150849	-0.00732609	0.02444285
1.983325	0.11867220	-0.06162603	0.08727537	-0.00204296	-0.00569253	0.02315687
1.999992	0.11848781	-0.06173630	0.08769713	-0.00294392	-0.00251523	0.02041549
2.016659	0.11837237	-0.06173045	0.08798943	-0.00146241	-0.00021672	0.01478749
2.033325	0.11842340	-0.06163031	0.08818406	0.00093151	0.00098164	0.00719274
2.049992	0.11855355	-0.06154694	0.08828595	0.00326199	0.00058428	-0.00096336
2.066658	0.11865949	-0.06158713	0.08819930	0.00494773	-0.00175844	-0.00964809
2.083325	0.11865609	-0.06165494	0.08795202	0.00655404	-0.00537750	-0.01861181
2.099992	0.11873419	-0.06176452	0.08756003	0.00875834	-0.00905558	-0.02636749
2.116658	0.11888459	-0.06192248	0.08700206	0.01173289	-0.01184239	-0.03126153
2.133325	0.11919877	-0.06215345	0.08639950	0.01395302	-0.01303702	-0.03416034
2.149992	0.11948885	-0.06246613	0.08576127	0.01302914	-0.01177996	-0.03720038
2.166658	0.11975837	-0.06270582	0.08523013	0.00846795	-0.00904357	-0.04140357
2.183325	0.11987735	-0.06282515	0.08458855	0.00175220	-0.00647218	-0.04633840
2.199991	0.11982019	-0.06278718	0.08374704	-0.00449998	-0.00564477	-0.05108608
2.216658	0.11961894	-0.06280016	0.08273619	-0.00926778	-0.00706526	-0.05472317
2.233325	0.11936823	-0.06294210	0.08170768	-0.01201780	-0.00986248	-0.05463764
2.249991	0.11916739	-0.06322755	0.08080511	-0.01323575	-0.01274028	-0.05077438
2.266658	0.11897618	-0.06351708	0.07998719	-0.01243328	-0.01428703	-0.04508450
2.283324	0.11876360	-0.06374165	0.07933867	-0.00973921	-0.01562218	-0.04023072
2.299991	0.11852366	-0.06394103	0.07873055	-0.00566377	-0.01794919	-0.03631040
2.316657	0.11844219	-0.06417717	0.07818541	-0.00067629	-0.02079957	-0.03198394
2.333324	0.11850805	-0.06461779	0.07760232	0.00363631	-0.02356293	-0.02659063
2.349991	0.11871304	-0.06513134	0.07714809	0.00596127	-0.02496696	-0.01897834
2.366657	0.11889593	-0.06558911	0.07687818	0.00509957	-0.02388450	-0.00826429
2.383324	0.11894345	-0.06598338	0.07681993	0.00148405	-0.01964201	0.00622245
2.399990	0.11893394	-0.06622866	0.07701727	-0.00319929	-0.01174108	0.02317699
2.416657	0.11879525	-0.06646033	0.07749001	-0.00640168	-0.00000976	0.03982187
2.433324	0.11864638	-0.06646262	0.07835979	-0.00723175	0.01484460	0.05291006
2.449990	0.11846412	-0.06611253	0.07951917	-0.00669601	0.02998848	0.06109102
2.466657	0.11836669	-0.06538306	0.08072427	-0.00594182	0.04209055	0.06445441
2.483323	0.11834242	-0.06434935	0.08180125	-0.00521878	0.04811139	0.06351601
2.499990	0.11828046	-0.06342405	0.08275703	-0.00329239	0.04784061	0.06039416
2.516657	0.11817477	-0.06264217	0.08372155	-0.00095308	0.04165234	0.05718027
2.533323	0.11809278	-0.06208482	0.08468276	0.00091851	0.03193825	0.05481623
2.549990	0.11819982	-0.06159326	0.08561900	0.00166793	0.02315108	0.05268435
2.566656	0.11833878	-0.06128784	0.08645381	0.00205797	0.01756180	0.04961630
2.583323	0.11841104	-0.06114502	0.08724442	0.00265223	0.01442211	0.04490334
2.599990	0.11831184	-0.06098630	0.08799028	0.00342039	0.01106257	0.03804624
2.616656	0.11830238	-0.06075292	0.08863881	0.00487121	0.00728845	0.02900452
2.633323	0.11843827	-0.06051961	0.08908918	0.00658295	0.00341381	0.01805287
2.649989	0.11868571	-0.06052680	0.08926569	0.00697504	-0.00107939	0.00621053
2.666656	0.11887879	-0.06069639	0.08921670	0.00446999	-0.00614256	-0.00466341
2.683323	0.11890529	-0.06088055	0.08900514	0.00013270	-0.00944352	-0.01298742
2.699989	0.11880081	-0.06104686	0.08868425	-0.00400433	-0.01011817	-0.01944498
2.716656	0.11863843	-0.06120603	0.08832844	-0.00613692	-0.01027773	-0.02658076
2.733322	0.11851229	-0.06135248	0.08790693	-0.00601026	-0.01216230	-0.03526728
2.749989	0.11843468	-0.06154349	0.08732183	-0.00392081	-0.01569114	-0.04419699
2.766656	0.11838640	-0.06178552	0.08643537	-0.00069473	-0.01916858	-0.05170731
2.783322	0.11836997	-0.06220806	0.08537141	0.00207805	-0.02137062	-0.05681206
2.799989	0.11844469	-0.06265976	0.08431222	0.00351185	-0.02179998	-0.05903770
2.816655	0.11858018	-0.06306096	0.08336977	0.00336425	-0.02025411	-0.05820093
2.833322	0.11867934	-0.06334931	0.08246814	0.00323159	-0.01716278	-0.05604558
2.849989	0.11868992	-0.06356113	0.08152768	0.00473218	-0.01424337	-0.05410108
2.866655	0.11862776	-0.06376963	0.08061638	0.00808645	-0.01222653	-0.05211765
2.883322	0.11876505	-0.06396022	0.07972746	0.01153638	-0.01138256	-0.04835275
2.899988	0.11909227	-0.06415713	0.07894430	0.01309024	-0.01132675	-0.04239003
2.916655	0.11951634	-0.06432079	0.07825258	0.01146064	-0.01150825	-0.03447193
2.933322	0.11972612	-0.06450774	0.07774264	0.00699992	-0.01135920	-0.02489756
2.949988	0.11969171	-0.06471754	0.07739004	0.00170712	-0.01089685	-0.01432846
2.966655	0.11953905	-0.06492320	0.07725332	-0.00269153	-0.01023166	-0.00298851
2.983321	0.11946135	-0.06507859	0.07729781	-0.00479085	-0.00788934	0.00870276
2.999988	0.11945421	-0.06520481	0.07753178	-0.00591001	-0.00344874	0.02011739
3.016655	0.11939371	-0.06528617	0.07797403	-0.00721212	0.00189503	0.02977566
3.033321	0.11925261	-0.06520157	0.07859904	-0.00912979	0.00741161	0.03790576
3.049988	0.11899149	-0.06498739	0.07935407	-0.01010649	0.01379305	0.04469364
3.066654	0.11879671	-0.06468919	0.08011752	-0.00979420	0.02044395	0.04975458
3.083321	0.11861970	-0.06433923	0.08099054	-0.00851229	0.02578451	0.05293789
3.099988	0.11857687	-0.06384870	0.08191709	-0.00641796	0.02985795	0.05492720
3.116654	0.11846428	-0.06326291	0.08289882	-0.00354250	0.03243662	0.05552005
3.133321	0.11838410	-0.06266399	0.08384106	0.00006907	0.03382400	0.05379345
3.149987	0.11835576	-0.06207657	0.08474411	0.00347418	0.03274286	0.05056718
3.166654	0.11848757	-0.06158366	0.08555889	0.00614605	0.02927792	0.04732639
3.183321	0.11871557	-0.06103131	0.08627495	0.00682666	0.02333730	0.04380855
3.199987	0.11888259	-0.06068882	0.08696213	0.00604449	0.01636981	0.03869549
3.216654	0.11894104	-0.06042190	0.08765395	0.00456812	0.00958730	0.03222773
3.233320	0.11889771	-0.06045845	0.08819342	0.00361258	0.00258892	0.02486008
3.249987	0.11893509	-0.06047357	0.08852257	0.00361712	-0.00382229	0.01688726
3.266654	0.11904077	-0.06054563	0.08865759	0.00386508	-0.00790791	0.00957880
3.283320	0.11918141	-0.06072373	0.08870912	0.00279551	-0.00948964	0.00364067
3.299987	0.11924884	-0.06096531	0.08873778	-0.00018381	-0.01025530	-0.00140530
3.316653	0.11920182	-0.06117007	0.08873928	-0.00270636	-0.01022092	-0.00711463
3.333320	0.11905468	-0.06131602	0.08860442	-0.00260593	-0.00981599	-0.01380118
3.349987	0.11890294	-0.06139103	0.08832739	0.00024378	-0.00955287	-0.02090034
3.366653	0.11893306	-0.06157186	0.08783023	0.00436926	-0.00998924	-0.02731751
3.383320	0.11913251	-0.06175658	0.08730693	0.00823777	-0.00999011	-0.03285477
3.399987	0.11939292	-0.06198458	0.08670259	0.00948317	-0.00879062	-0.03764264
3.416653	0.11958227	-0.06215558	0.08611082	0.00694751	-0.00718995	-0.04263929
3.433320	0.11968111	-0.06218887	0.08536338	0.00333955	-0.00617248	-0.04795161
3.449986	0.11964478	-0.06222907	0.08451792	0.00175928	-0.00602885	-0.05239757
3.466653	0.11955071	-0.06231175	0.08350875	0.00243594	-0.00755978	-0.05515027
3.483320	0.11957674	-0.06248333	0.08253223	0.00325424	-0.01028018	-0.05526993
3.499986	0.11974505	-0.06270325	0.08159471	0.00277472	-0.01244427	-0.05380451
3.516653	0.11992984	-0.06292977	0.08075384	0.00031687	-0.01358142	-0.05195888
3.533319	0.11990580	-0.06319076	0.07995871	-0.00383915	-0.01490584	-0.05059393
3.549986	0.11970179	-0.06340218	0.07911327	-0.00770881	-0.01811378	-0.04822493
3.566652	0.11943795	-0.06366298	0.07826317	-0.00879492	-0.02220081	-0.04326089
3.583319	0.11925325	-0.06405075	0.07746051	-0.00734876	-0.02600330	-0.03464251
3.599986	0.11920354	-0.06462371	0.07692034	-0.00622305	-0.02799269	-0.02254398
3.616652	0.11922672	-0.06518745	0.07667868	-0.00714353	-0.02645436	-0.00755432
3.633319	0.11915091	-0.06568850	0.07671355	-0.00968680	-0.02011527	0.00853821
3.649985	0.11890331	-0.06594684	0.07698096	-0.01222168	-0.01038898	0.02296598
3.666652	0.11855731	-0.06605280	0.07751090	-0.01357870	0.00028011	0.03433409
3.683319	0.11828415	-0.06588452	0.07825168	-0.01274196	0.01063135	0.04243816
3.699985	0.11814056	-0.06562819	0.07909522	-0.01007974	0.01963597	0.04798730
3.716652	0.11802941	-0.06520847	0.07993260	-0.00706459	0.02647317	0.05170351
3.733318	0.11794758	-0.06469130	0.08076441	-0.00465075	0.03057406	0.05423828
3.749985	0.11784483	-0.06409431	0.08167393	-0.00221164	0.03277345	0.05567055
3.766652	0.11780802	-0.06350222	0.08267099	0.00046786	0.03261937	0.05610425
3.783318	0.11784101	-0.06297135	0.08368472	0.00231498	0.03017309	0.05546480
3.799985	0.11796284	-0.06246674	0.08459309	0.00319464	0.02630319	0.05366354
3.816651	0.11807220	-0.06205686	0.08542456	0.00400258	0.02252938	0.05038717
3.833318	0.11808281	-0.06173734	0.08622488	0.00491565	0.01911618	0.04557095
3.849985	0.11809792	-0.06147708	0.08702371	0.00500979	0.01569175	0.03910885
3.866651	0.11821739	-0.06123407	0.08768716	0.00455389	0.01276772	0.03121135
3.883318	0.11838666	-0.06101599	0.08814154	0.00380477	0.00977198	0.02281153
3.899984	0.11846824	-0.06088177	0.08835714	0.00234493	0.00654572	0.01485752
3.916651	0.11843566	-0.06078542	0.08848043	0.00055757	0.00296160	0.00796262
3.933318	0.11836251	-0.06080630	0.08858102	-0.00001840	-0.00066053	0.00233245
3.949984	0.11833861	-0.06082208	0.08863357	0.00156329	-0.00366292	-0.00252933
3.966651	0.11838939	-0.06093419	0.08855433	0.00393117	-0.00586069	-0.00797860
3.983317	0.11851393	-0.06105765	0.08835147	0.00584359	-0.00619040	-0.01461065
3.999984	0.11867209	-0.06119531	0.08805133	0.00683489	-0.00483599	-0.02129332
4.016651	0.11877150	-0.06132555	0.08765381	0.00702488	-0.00216915	-0.02712361
4.033317	0.11888012	-0.06128957	0.08712374	0.00581505	0.00011966	-0.03241112
4.049984	0.11896323	-0.06124095	0.08653469	0.00415643	0.00068823	-0.03746260
4.066650	0.11907726	-0.06112204	0.08586545	0.00294701	-0.00148502	-0.04157787
4.083317	0.11906546	-0.06115664	0.08514531	0.00213527	-0.00541466	-0.04462048
4.099984	0.11907945	-0.06131824	0.08434027	0.00049092	-0.00992548	-0.04716937
4.116650	0.11907018	-0.06159151	0.08353530	-0.00221689	-0.01369143	-0.04852597
4.133317	0.11910933	-0.06185705	0.08270445	-0.00525309	-0.01562086	-0.04762538
4.149983	0.11898718	-0.06214102	0.08186845	-0.00812765	-0.01628661	-0.04477839
4.166650	0.11877666	-0.06237470	0.08111226	-0.01009301	-0.01656220	-0.04143121
4.183317	0.11849817	-0.06267016	0.08048568	-0.01012121	-0.01695113	-0.03808082
4.199983	0.11832300	-0.06294174	0.07994381	-0.00723454	-0.01721156	-0.03461565
4.216650	0.11822698	-0.06326765	0.07939325	-0.00294504	-0.01755710	-0.03137493
4.233316	0.11825453	-0.06355305	0.07883516	0.00063025	-0.01762997	-0.02798755
4.249983	0.11833953	-0.06383179	0.07837287	0.00171394	-0.01733433	-0.02307655
4.266650	0.11842664	-0.06413209	0.07800370	0.00116893	-0.01586034	-0.01550114
4.283316	0.11844013	-0.06440587	0.07780231	0.00038888	-0.01332903	-0.00596842
4.299983	0.11835306	-0.06466284	0.07775587	0.00019576	-0.00975136	0.00453172
4.316649	0.11831444	-0.06477204	0.07794157	-0.00008106	-0.00552031	0.01495703
4.333316	0.11835527	-0.06480670	0.07829873	-0.00109751	-0.00134290	0.02536698
4.349983	0.11844108	-0.06476519	0.07883518	-0.00250676	0.00269321	0.03645226
4.366649	0.11839544	-0.06469176	0.07946534	-0.00332882	0.00764936	0.04772380
4.383316	0.11820636	-0.06460033	0.08033506	-0.00303840	0.01489951	0.05778906
4.399982	0.11805799	-0.06435937	0.08143893	-0.00189864	0.02415469	0.06458689
4.416649	0.11808467	-0.06388767	0.08271934	-0.00053935	0.03265301	0.06682006
4.433316	0.11822692	-0.06315500	0.08395837	-0.00024468	0.03706830	0.06449446
4.449982	0.11829694	-0.06229943	0.08498558	-0.00215908	0.03601074	0.05940536
4.466649	0.11818670	-0.06165626	0.08583199	-0.00522273	0.03044183	0.05386255
4.483315	0.11798406	-0.06126757	0.08661646	-0.00679674	0.02250949	0.04923267
4.499982	0.11777282	-0.06109737	0.08742598	-0.00530003	0.01489930	0.04462681
4.516649	0.11770535	-0.06093520	0.08824547	-0.00219882	0.00947492	0.03862739
4.533315	0.11775982	-0.06076216	0.08890193	0.00138887	0.00651470	0.03042177
4.549982	0.11788501	-0.06065648	0.08931711	0.00471117	0.00434605	0.02039091
4.566648	0.11793379	-0.06062739	0.08951308	0.00624749	0.00134981	0.01044672
4.583315	0.11804496	-0.06062973	0.08955470	0.00509205	-0.00243449	0.00205328
4.599982	0.11817166	-0.06069499	0.08951607	0.00241836	-0.00541622	-0.00479231
4.616648	0.11826790	-0.06079364	0.08940978	-0.00001535	-0.00730320	-0.01101733
4.633315	0.11818580	-0.06101270	0.08919095	-0.00191015	-0.00855338	-0.01669879
4.649981	0.11803783	-0.06114670	0.08886049	-0.00297231	-0.00995705	-0.02152068
4.666648	0.11795289	-0.06131056	0.08838776	-0.00232705	-0.01001474	-0.02533617
4.683315	0.11796984	-0.06143660	0.08792301	-0.00041615	-0.00846998	-0.02883658
4.699981	0.11801677	-0.06167810	0.08744113	0.00108805	-0.00631229	-0.03233848
4.716648	0.11807972	-0.06175748	0.08694650	0.00143044	-0.00387687	-0.03646079
4.733315	0.11806636	-0.06179517	0.08629779	0.00096329	-0.00222157	-0.04223930
4.749981	0.11807774	-0.06170895	0.08554284	0.00016611	-0.00280938	-0.04877214
4.766648	0.11806200	-0.06170758	0.08465243	-0.00028797	-0.00715536	-0.05398679
4.783314	0.11807676	-0.06183841	0.08365563	0.00011772	-0.01317169	-0.05635269
4.799981	0.11805627	-0.06215675	0.08263780	0.00147742	-0.01818992	-0.05618487
4.816648	0.11806391	-0.06263183	0.08168098	0.00357745	-0.02084588	-0.05409717
4.833314	0.11812480	-0.06304476	0.08083619	0.00570937	-0.02131774	-0.05044108
4.849981	0.11827988	-0.06334388	0.08004902	0.00731151	-0.01974211	-0.04552342
4.866647	0.11845586	-0.06361670	0.07928666	0.00666234	-0.01701667	-0.03970937
4.883314	0.11861043	-0.06387724	0.07863516	0.00293368	-0.01379961	-0.03251972
4.899981	0.11866929	-0.06416916	0.07812414	-0.00334044	-0.01045626	-0.02376998
4.916647	0.11855074	-0.06432909	0.07781209	-0.00889413	-0.00814069	-0.01392806
4.933314	0.11828233	-0.06435831	0.07769423	-0.01083129	-0.00745102	-0.00317474
4.949980	0.11791542	-0.06437115	0.07771070	-0.00867769	-0.00754054	0.00811137
4.966647	0.11775915	-0.06451908	0.07791401	-0.00430090	-0.00706843	0.01843553
4.983314	0.11781908	-0.06478857	0.07832704	-0.00064906	-0.00505475	0.02635888
4.999980	0.11801198	-0.06495226	0.07893489	0.00045248	-0.00127398	0.03234746
5.016646	0.11808840	-0.06487363	0.07958438	-0.00109040	0.00359622	0.03769268
5.033313	0.11793793	-0.06465307	0.08016317	-0.00305438	0.00818725	0.04236507
5.049980	0.11774743	-0.06442191	0.08083066	-0.00371309	0.01145554	0.04630316
5.066647	0.11763613	-0.06429236	0.08167333	-0.00248858	0.01436440	0.05002895
5.083313	0.11771706	-0.06411328	0.08263064	-0.00076671	0.01817420	0.05337170
5.099979	0.11780933	-0.06381201	0.08359705	0.00014622	0.02300424	0.05452212
5.116646	0.11781599	-0.06330048	0.08447247	0.00021633	0.02661302	0.05284427
5.133313	0.11772403	-0.06272574	0.08535995	0.00035215	0.02728250	0.04948010
5.149980	0.11766440	-0.06218695	0.08615928	0.00138186	0.02466558	0.04581123
5.166646	0.11772643	-0.06185891	0.08690611	0.00304045	0.02046644	0.04145226
5.183312	0.11787952	-0.06160263	0.08755373	0.00497343	0.01654116	0.03622677
5.199979	0.11799257	-0.06144201	0.08813192	0.00651414	0.01337653	0.03035677
5.216646	0.11806070	-0.06117051	0.08858638	0.00714204	0.01094778	0.02354803
5.233313	0.11814667	-0.06096677	0.08895130	0.00747091	0.00893744	0.01591324
5.249979	0.11830866	-0.06083046	0.08914878	0.00834062	0.00740561	0.00772956
5.266645	0.11847994	-0.06079359	0.08921356	0.00916142	0.00669354	-0.00051063
5.283312	0.11864728	-0.06074733	0.08910950	0.00909340	0.00661687	-0.00927243
5.299979	0.11879373	-0.06061027	0.08889227	0.00828389	0.00608765	-0.01884330
5.316646	0.11891957	-0.06039683	0.08854628	0.00777766	0.00505181	-0.02898541
5.333312	0.11903399	-0.06030728	0.08798791	0.00783905	0.00258067	-0.03938497
5.349978	0.11914098	-0.06031876	0.08721884	0.00775877	-0.00208990	-0.04914695
5.366645	0.11929481	-0.06041887	0.08626865	0.00752948	-0.00775784	-0.05642575
5.383312	0.11945087	-0.06056226	0.08518968	0.00743612	-0.01211946	-0.06078193
5.399979	0.11955249	-0.06081694	0.08412177	0.00729582	-0.01482783	-0.06268787
5.416645	0.11965819	-0.06115070	0.08308560	0.00671524	-0.01670470	-0.06258781
5.433311	0.11975410	-0.06145378	0.08205892	0.00571331	-0.01736627	-0.05996348
5.449978	0.11988673	-0.06172832	0.08103924	0.00419916	-0.01607618	-0.05537249
5.466645	0.11996631	-0.06200229	0.08005445	0.00226681	-0.01401858	-0.04958225
5.483312	0.11997578	-0.06222372	0.07931669	0.00033416	-0.01255275	-0.04318266
5.499978	0.11992434	-0.06240273	0.07869587	-0.00103493	-0.01143527	-0.03651570
5.516644	0.11986610	-0.06254919	0.07820257	-0.00190132	-0.01075058	-0.03074781
5.533311	0.11984393	-0.06273508	0.07770386	-0.00222345	-0.01038479	-0.02554524
5.549978	0.11985053	-0.06291270	0.07728446	-0.00234616	-0.01003318	-0.01942419
5.566644	0.11978833	-0.06311324	0.07695063	-0.00291468	-0.00951249	-0.01185005
5.583311	0.11974552	-0.06324495	0.07682684	-0.00483295	-0.00922401	-0.00274715
5.599977	0.11964147	-0.06337620	0.07687230	-0.00668025	-0.00869009	0.00719446
5.616644	0.11955343	-0.06349700	0.07709878	-0.00700227	-0.00728308	0.01775168
5.633311	0.11933777	-0.06368066	0.07745593	-0.00628504	-0.00503836	0.02792392
5.649977	0.11922320	-0.06377160	0.07799295	-0.00519904	-0.00187606	0.03724884
5.666644	0.11917115	-0.06377707	0.07873419	-0.00405641	0.00227754	0.04565231
5.683311	0.11917975	-0.06365833	0.07959671	-0.00298233	0.00759295	0.05255467
5.699977	0.11915081	-0.06350026	0.08055505	-0.00292660	0.01284124	0.05666871
5.716644	0.11906050	-0.06327025	0.08156454	-0.00274570	0.01742830	0.05798579
5.733310	0.11898208	-0.06291675	0.08257053	-0.00166793	0.02071145	0.05719953
5.749977	0.11892693	-0.06250992	0.08352680	-0.00035424	0.02217039	0.05509037
5.766644	0.11898605	-0.06205621	0.08441061	0.00033446	0.02200407	0.05251857
5.783310	0.11907235	-0.06169853	0.08523755	0.00077606	0.02036792	0.04949563
5.799977	0.11906718	-0.06142176	0.08604772	0.00218400	0.01768989	0.04566323
5.816643	0.11902728	-0.06113774	0.08682610	0.00456860	0.01442520	0.04044061
5.833310	0.11903401	-0.06092314	0.08749719	0.00780817	0.01077377	0.03360866
5.849977	0.11926882	-0.06071180	0.08801373	0.01110707	0.00712126	0.02601321
5.866643	0.11957188	-0.06064891	0.08833352	0.01285778	0.00393301	0.01801334
5.883310	0.11986771	-0.06067557	0.08853070	0.01197939	0.00139563	0.00995644
5.899976	0.12003699	-0.06068515	0.08866713	0.00857260	-0.00043053	0.00203145
5.916643	0.12009933	-0.06070265	0.08865623	0.00428064	-0.00124166	-0.00535230
5.933310	0.12013573	-0.06067965	0.08851808	0.00023950	-0.00207097	-0.01257063
5.949976	0.12010821	-0.06072871	0.08818001	-0.00205417	-0.00261621	-0.02011754
5.966643	0.12005225	-0.06079890	0.08779614	-0.00254423	-0.00221263	-0.02817329
5.983309	0.11993565	-0.06089749	0.08729851	-0.00163738	-0.00065448	-0.03684022
5.999976	0.11990611	-0.06090169	0.08665831	0.00021219	0.00167322	-0.04614420
6.016643	0.11994314	-0.06081992	0.08580430	0.00224900	0.00360604	-0.05535759
6.033309	0.12005299	-0.06067912	0.08473956	0.00384273	0.00420501	-0.06201072
6.049976	0.12014826	-0.06058006	0.08355440	0.00404322	0.00268155	-0.06492432
6.066642	0.12020130	-0.06055144	0.08238077	0.00224435	-0.00124896	-0.06407718
6.083309	0.12024389	-0.06060325	0.08133975	-0.00096504	-0.00629377	-0.06039849
6.099976	0.12022863	-0.06073243	0.08040262	-0.00363620	-0.01109783	-0.05487203
6.116642	0.12010735	-0.06100513	0.07953948	-0.00457996	-0.01498130	-0.04917012
6.133309	0.11994512	-0.06129899	0.07873724	-0.00443878	-0.01801301	-0.04439119
6.149975	0.11983930	-0.06165965	0.07806014	-0.00460694	-0.02066248	-0.03968374
6.166642	0.11986981	-0.06196960	0.07744706	-0.00496382	-0.02240173	-0.03398060
6.183309	0.11985943	-0.06235433	0.07689608	-0.00501523	-0.02271527	-0.02709109
6.199975	0.11970522	-0.06280164	0.07645640	-0.00480784	-0.02180578	-0.01970880
6.216642	0.11952655	-0.06319919	0.07618640	-0.00492545	-0.02047718	-0.01241737
6.233308	0.11942758	-0.06351309	0.07610984	-0.00468178	-0.01780904	-0.00507193
6.249975	0.11947515	-0.06373367	0.07611271	-0.00416847	-0.01452713	0.00252565
6.266642	0.11944063	-0.06397107	0.07616302	-0.00440678	-0.01141370	0.01091168
6.283308	0.11934795	-0.06413647	0.07635234	-0.00579024	-0.00861283	0.02044477
6.299975	0.11917066	-0.06428727	0.07673284	-0.00725522	-0.00455623	0.03189047
6.316641	0.11902266	-0.06432979	0.07741418	-0.00763442	0.00207697	0.04377099
6.333308	0.11891318	-0.06431863	0.07826072	-0.00723514	0.01047992	0.05371324
6.349975	0.11881845	-0.06408167	0.07933824	-0.00609579	0.01976282	0.05969019
6.366641	0.11871925	-0.06363241	0.08042015	-0.00522765	0.02766866	0.06180840
6.383308	0.11861084	-0.06302506	0.08151533	-0.00529064	0.03250144	0.06148348
6.399974	0.11856031	-0.06233489	0.08247818	-0.00601018	0.03271569	0.05941292
6.416641	0.11848267	-0.06178553	0.08342845	-0.00513954	0.02945418	0.05667624
6.433308	0.11835575	-0.06131635	0.08436973	-0.00181065	0.02411131	0.05293122
6.449974	0.11821947	-0.06103950	0.08526740	0.00271087	0.01820536	0.04792408
6.466641	0.11831401	-0.06076621	0.08608601	0.00680073	0.01291697	0.04178798
6.483307	0.11858623	-0.06059220	0.08669607	0.00881944	0.00892842	0.03559872
6.499974	0.11889675	-0.06047897	0.08716979	0.00819962	0.00655710	0.02989110
6.516641	0.11902194	-0.06043590	0.08758979	0.00549795	0.00522908	0.02479314
6.533307	0.11895491	-0.06039019	0.08799190	0.00252635	0.00479383	0.01983140
6.549974	0.11889201	-0.06029285	0.08835793	0.00027124	0.00451677	0.01455790
6.566640	0.11891440	-0.06017115	0.08856007	-0.00093650	0.00367101	0.00887409
6.583307	0.11900661	-0.06009649	0.08860375	-0.00126053	0.00232668	0.00305449
6.599974	0.11898403	-0.06007840	0.08857228	-0.00151486	0.00101194	-0.00245352
6.616640	0.11885902	-0.06014803	0.08848518	-0.00190233	-0.00052408	-0.00773031
6.633307	0.11878201	-0.06014870	0.08838034	-0.00181437	-0.00199246	-0.01351571
6.649973	0.11877126	-0.06015128	0.08813296	-0.00070602	-0.00325329	-0.01979106
6.666640	0.11884546	-0.06020242	0.08773094	0.00065089	-0.00468303	-0.02613391
6.683307	0.11886645	-0.06030072	0.08718086	0.00120953	-0.00691923	-0.03153519
6.699973	0.11886487	-0.06047308	0.08657832	0.00107497	-0.00907870	-0.03530587
6.716640	0.11886691	-0.06062129	0.08595600	0.00159540	-0.01019972	-0.03859755
6.733306	0.11887322	-0.06082942	0.08534000	0.00341279	-0.01057191	-0.04276740
6.749973	0.11893807	-0.06101321	0.08465201	0.00536433	-0.01127119	-0.04786753
6.766640	0.11906885	-0.06117209	0.08380747	0.00587261	-0.01263530	-0.05292113
6.783306	0.11923283	-0.06137034	0.08280250	0.00359678	-0.01447283	-0.05631443
6.799973	0.11935387	-0.06161897	0.08175775	-0.00213814	-0.01693499	-0.05712372
6.816639	0.11929094	-0.06195137	0.08076204	-0.01056441	-0.01943741	-0.05440592
6.833306	0.11903035	-0.06231814	0.07991520	-0.01847647	-0.02119151	-0.04852389
6.849973	0.11855505	-0.06268994	0.07911637	-0.02184266	-0.02173395	-0.04111817
6.866639	0.11800267	-0.06307280	0.07850873	-0.02007403	-0.02169566	-0.03392218
6.883306	0.11761798	-0.06341876	0.07800641	-0.01499268	-0.02156065	-0.02693232
6.899972	0.11751858	-0.06375767	0.07766083	-0.00904862	-0.02158863	-0.01982488
6.916639	0.11754563	-0.06412415	0.07735907	-0.00463979	-0.02165855	-0.01202070
6.933306	0.11756516	-0.06448042	0.07718841	-0.00347176	-0.02178056	-0.00242339
6.949972	0.11744540	-0.06488150	0.07715349	-0.00482982	-0.02136045	0.00921644
6.966639	0.11732181	-0.06521885	0.07740489	-0.00571369	-0.01909565	0.02248374
6.983305	0.11717420	-0.06557000	0.07791194	-0.00532376	-0.01397142	0.03584165
6.999972	0.11709066	-0.06582189	0.07868491	-0.00482580	-0.00624983	0.04784745
7.016639	0.11709583	-0.06589054	0.07961215	-0.00458976	0.00383233	0.05710423
7.033305	0.11703317	-0.06572860	0.08066603	-0.00282695	0.01559878	0.06250053
7.049972	0.11692965	-0.06535039	0.08179184	0.00074223	0.02643950	0.06327405
7.066638	0.11683878	-0.06476023	0.08293723	0.00502905	0.03328966	0.06025182
7.083305	0.11699951	-0.06405924	0.08395411	0.00851847	0.03463416	0.05475174
7.099972	0.11732882	-0.06335106	0.08478618	0.01058776	0.03143308	0.04939870
7.116638	0.11761939	-0.06286296	0.08546945	0.01117897	0.02523296	0.04573181
7.133305	0.11772636	-0.06256659	0.08611350	0.01068771	0.01757254	0.04318843
7.149971	0.11776791	-0.06238767	0.08688712	0.01043600	0.01112996	0.04007050
7.166638	0.11790657	-0.06226330	0.08765258	0.01080786	0.00760054	0.03515753
7.183305	0.11820624	-0.06218829	0.08827115	0.01106036	0.00688232	0.02775464
7.199971	0.11849405	-0.06209721	0.08861542	0.00999566	0.00757431	0.01778688
7.216638	0.11864793	-0.06199301	0.08876128	0.00705472	0.00816766	0.00705524
7.233305	0.11865593	-0.06177571	0.08880106	0.00330919	0.00808727	-0.00203171
7.249971	0.11863884	-0.06161259	0.08868419	0.00084542	0.00629279	-0.00854280
7.266638	0.11863098	-0.06149736	0.08845540	0.00004031	0.00231228	-0.01340126
7.283304	0.11865033	-0.06148500	0.08815725	-0.00000525	-0.00217379	-0.01635964
7.299971	0.11867374	-0.06160897	0.08784420	0.00053287	-0.00474090	-0.01830954
7.316638	0.11866038	-0.06178577	0.08753298	0.00277260	-0.00502804	-0.02198236
7.333304	0.11865427	-0.06191920	0.08724727	0.00736768	-0.00420863	-0.02914157
7.349971	0.11874965	-0.06192416	0.08679703	0.01300191	-0.00411428	-0.03825929
7.366637	0.11905175	-0.06186784	0.08606768	0.01793768	-0.00490876	-0.04670043
7.383304	0.11952659	-0.06194195	0.08502752	0.02013296	-0.00647890	-0.05272264
7.399971	0.11995418	-0.06216105	0.08398916	0.01841333	-0.00769559	-0.05499504
7.416637	0.12027764	-0.06237984	0.08307233	0.01287942	-0.00757042	-0.05380302
7.433304	0.12037903	-0.06253400	0.08228234	0.00597472	-0.00595499	-0.05103117
7.449970	0.12039422	-0.06250717	0.08150641	0.00024516	-0.00451498	-0.04864343
7.466637	0.12029324	-0.06253002	0.08066557	-0.00355461	-0.00551477	-0.04613593
7.483304	0.12020917	-0.06257269	0.07984408	-0.00581285	-0.01000881	-0.04270198
7.499970	0.12011182	-0.06278343	0.07911526	-0.00795207	-0.01679412	-0.03837265
7.516637	0.11999154	-0.06313752	0.07857291	-0.01008138	-0.02343608	-0.03367665
7.533303	0.11982059	-0.06363073	0.07812172	-0.01188525	-0.02926320	-0.02901614
7.549970	0.11954400	-0.06420719	0.07766539	-0.01246834	-0.03378312	-0.02444247
7.566637	0.11928874	-0.06478036	0.07723209	-0.01267483	-0.03694545	-0.01938217
7.583303	0.11907933	-0.06541779	0.07689142	-0.01347991	-0.03723145	-0.01280223
7.599970	0.11895558	-0.06609140	0.07673828	-0.01511818	-0.03402735	-0.00398567
7.616636	0.11873023	-0.06675773	0.07676646	-0.01719724	-0.02799381	0.00578242
7.633303	0.11836758	-0.06719361	0.07694181	-0.01821790	-0.02019365	0.01522216
7.649970	0.11793714	-0.06738888	0.07731719	-0.01740705	-0.01228665	0.02351495
7.666636	0.11759166	-0.06742817	0.07776298	-0.01487440	-0.00612019	0.03097241
7.683302	0.11745434	-0.06744370	0.07837602	-0.01100287	-0.00189570	0.03776037
7.699969	0.11737700	-0.06749431	0.07902451	-0.00552947	0.00343671	0.04367961
7.716636	0.11728072	-0.06751886	0.07982597	0.00116915	0.01311941	0.04883302
7.733303	0.11723203	-0.06734883	0.08070261	0.00712807	0.02550664	0.05175395
7.749969	0.11740389	-0.06679238	0.08163156	0.01169858	0.03774051	0.05295603
7.766635	0.11782052	-0.06582452	0.08259042	0.01453547	0.04634462	0.05240759
7.783302	0.11816179	-0.06486899	0.08338716	0.01507437	0.04921180	0.05098609
7.799969	0.11839715	-0.06394979	0.08424310	0.01302359	0.04512418	0.04811329
7.816636	0.11847627	-0.06334771	0.08499126	0.01051222	0.03645584	0.04392273
7.833302	0.11860869	-0.06277099	0.08580220	0.00957970	0.02666834	0.03865731
7.849968	0.11877303	-0.06244781	0.08640257	0.00959504	0.01742660	0.03228469
7.866635	0.11899517	-0.06220720	0.08686508	0.00885647	0.00906533	0.02568918
7.883302	0.11918179	-0.06215703	0.08718059	0.00575563	0.00229294	0.02002065
7.899969	0.11927037	-0.06221081	0.08742974	0.00024267	-0.00172556	0.01686420
7.916635	0.11923144	-0.06235182	0.08767121	-0.00598623	-0.00331990	0.01445824
7.933301	0.11905017	-0.06241347	0.08792835	-0.00960145	-0.00263672	0.01117256
7.949968	0.11874435	-0.06246256	0.08816978	-0.00929773	-0.00152976	0.00506899
7.966635	0.11850019	-0.06239765	0.08826102	-0.00560293	-0.00153818	-0.00345753
7.983302	0.11845264	-0.06239703	0.08814184	-0.00006609	-0.00332470	-0.01287644
7.999968	0.11858872	-0.06244769	0.08774175	0.00485828	-0.00611717	-0.02151539
8.016635	0.11880644	-0.06261766	0.08725720	0.00634807	-0.00878749	-0.02913543
8.033301	0.11895996	-0.06283844	0.08671080	0.00505371	-0.00978653	-0.03716208
8.049968	0.11901212	-0.06303728	0.08615603	0.00387730	-0.01007587	-0.04678331
8.066634	0.11893065	-0.06318419	0.08538067	0.00545485	-0.01019601	-0.05724483
8.083301	0.11895482	-0.06327192	0.08427291	0.00883139	-0.01165909	-0.06564204
8.099968	0.11914961	-0.06347091	0.08291393	0.01159870	-0.01477054	-0.06933530
8.116634	0.11956947	-0.06371739	0.08157028	0.01207696	-0.01888476	-0.06649331
8.133301	0.11985990	-0.06414267	0.08048277	0.00955116	-0.02183286	-0.05761795
8.149967	0.11995689	-0.06456265	0.07966959	0.00508724	-0.02153033	-0.04586339
8.166634	0.11986502	-0.06500930	0.07905838	0.00021208	-0.01844477	-0.03570545
8.183301	0.11978006	-0.06529164	0.07860067	-0.00322146	-0.01428383	-0.02930813
8.199967	0.11977626	-0.06541315	0.07820447	-0.00490340	-0.01044188	-0.02532362
8.216634	0.11972281	-0.06549044	0.07780720	-0.00535528	-0.00765923	-0.02137815
8.233300	0.11960198	-0.06560189	0.07739823	-0.00532450	-0.00673476	-0.01642532
8.249967	0.11943594	-0.06573890	0.07710344	-0.00459908	-0.00674072	-0.01046200
8.266634	0.11933314	-0.06588395	0.07701597	-0.00314654	-0.00646337	-0.00429453
8.283300	0.11935461	-0.06596790	0.07707625	-0.00134282	-0.00578577	0.00116121
8.299967	0.11939646	-0.06605522	0.07719678	0.00012539	-0.00511611	0.00516461
8.316633	0.11941220	-0.06610561	0.07727449	0.00022531	-0.00494050	0.00873584
8.333300	0.11939142	-0.06620023	0.07738719	-0.00178088	-0.00580913	0.01385322
8.349967	0.11936206	-0.06628867	0.07758515	-0.00542241	-0.00699415	0.02274925
8.366633	0.11930940	-0.06641047	0.07800601	-0.00979696	-0.00662497	0.03479260
8.383300	0.11910199	-0.06658459	0.07866986	-0.01273354	-0.00176639	0.04727871
8.399966	0.11878698	-0.06669581	0.07967182	-0.01262815	0.00757153	0.05760872
8.416633	0.11842126	-0.06660071	0.08080102	-0.00982627	0.01882765	0.06490085
8.433300	0.11828622	-0.06606900	0.08199771	-0.00721182	0.02825439	0.06919143
8.449966	0.11834634	-0.06531940	0.08311488	-0.00608327	0.03440163	0.07127701
8.466633	0.11842767	-0.06458044	0.08429752	-0.00515277	0.03713638	0.07210574
8.483299	0.11822771	-0.06407647	0.08551481	-0.00348573	0.03593094	0.07075133
8.499966	0.11796123	-0.06358130	0.08679552	0.00003349	0.03154913	0.06514691
8.516633	0.11790855	-0.06300342	0.08795568	0.00694289	0.02600846	0.05390371
8.533299	0.11819437	-0.06248023	0.08883382	0.01554399	0.02029938	0.03847249
8.549966	0.11866634	-0.06219747	0.08929040	0.02011784	0.01338266	0.02078992
8.566632	0.11917893	-0.06213626	0.08939315	0.01786206	0.00578132	0.00418061
8.583299	0.11949958	-0.06216668	0.08927160	0.01085424	-0.00077382	-0.00876870
8.599966	0.11955296	-0.06220186	0.08897138	0.00350432	-0.00452720	-0.01741036
8.616632	0.11940483	-0.06228983	0.08860790	-0.00148882	-0.00674185	-0.02429007
8.633299	0.11925015	-0.06244958	0.08816203	-0.00222255	-0.00835506	-0.03249647
8.649965	0.11924000	-0.06259598	0.08766636	0.00103616	-0.00995009	-0.04289056
8.666632	0.11929931	-0.06281272	0.08692183	0.00540568	-0.01239724	-0.05409329
8.683299	0.11948370	-0.06294810	0.08585387	0.00869408	-0.01535075	-0.06340760
8.699965	0.11967959	-0.06322101	0.08456009	0.01056023	-0.01749359	-0.06861323
8.716632	0.11985292	-0.06359532	0.08324511	0.01034465	-0.01895279	-0.06879003
8.733298	0.12004654	-0.06399102	0.08212391	0.00736877	-0.02049644	-0.06481282
8.749965	0.12019597	-0.06431645	0.08116099	0.00336492	-0.02116812	-0.05847336
8.766632	0.12024313	-0.06460015	0.08026058	0.00027575	-0.02081973	-0.05258328
8.783298	0.12012096	-0.06496365	0.07941349	-0.00117094	-0.02089639	-0.04880079
8.799965	0.11999320	-0.06535795	0.07863892	-0.00105679	-0.02216672	-0.04534430
8.816631	0.11999385	-0.06570756	0.07792068	-0.00069186	-0.02345128	-0.03979013
8.833298	0.12009220	-0.06610858	0.07722477	-0.00104439	-0.02344878	-0.03140917
8.849965	0.12017854	-0.06650213	0.07669113	-0.00289859	-0.02231439	-0.02186538
8.866632	0.12005176	-0.06693922	0.07642110	-0.00549933	-0.01941577	-0.01158037
8.883298	0.11985219	-0.06725745	0.07643225	-0.00831633	-0.01525382	-0.00040077
8.899964	0.11963103	-0.06748223	0.07650582	-0.01070284	-0.01119685	0.01098999
8.916631	0.11953305	-0.06753769	0.07673164	-0.01127885	-0.00717196	0.02163158
8.933298	0.11936537	-0.06761350	0.07712223	-0.01059279	-0.00308913	0.03105712
8.949965	0.11912461	-0.06769405	0.07780277	-0.00990145	0.00161481	0.03973370
8.966631	0.11893172	-0.06769451	0.07862532	-0.00952747	0.00758286	0.04764598
8.983297	0.11878961	-0.06754231	0.07946644	-0.00855639	0.01568503	0.05388945
8.999964	0.11871958	-0.06717401	0.08036870	-0.00767115	0.02341500	0.05724800
9.016630	0.11860277	-0.06666593	0.08137937	-0.00670957	0.02844058	0.05902116
9.033298	0.11846112	-0.06603793	0.08245567	-0.00561426	0.02992444	0.06030655
9.049964	0.11831871	-0.06551743	0.08346929	-0.00437846	0.02830785	0.06055726
9.066630	0.11828776	-0.06507228	0.08443970	-0.00326028	0.02434401	0.05869583
9.083297	0.11828885	-0.06474078	0.08541570	-0.00206397	0.01914393	0.05490739
9.099963	0.11830184	-0.06444479	0.08637079	-0.00090592	0.01425540	0.04957170
9.116631	0.11821993	-0.06423499	0.08719439	0.00001151	0.00975605	0.04270604
9.133297	0.11821469	-0.06412617	0.08783782	0.00109148	0.00552250	0.03465439
9.149963	0.11823606	-0.06407808	0.08829187	0.00257344	0.00166596	0.02639640
9.166630	0.11834627	-0.06410059	0.08865044	0.00374907	-0.00087098	0.01854636
9.183296	0.11843423	-0.06415129	0.08890480	0.00406058	-0.00157618	0.01141635
9.199964	0.11850848	-0.06421602	0.08906926	0.00398824	-0.00148662	0.00399990
9.216630	0.11853058	-0.06424496	0.08906922	0.00372259	-0.00132412	-0.00468308
9.233296	0.11858589	-0.06419920	0.08895560	0.00386757	-0.00113495	-0.01364348
9.249963	0.11865710	-0.06422277	0.08862539	0.00483504	-0.00103116	-0.02102033
9.266629	0.11875458	-0.06424895	0.08814469	0.00688980	-0.00124097	-0.02684537
9.283297	0.11885463	-0.06430988	0.08759258	0.00948344	-0.00100553	-0.03270486
9.299963	0.11901761	-0.06432844	0.08707996	0.01236015	0.00005938	-0.03854800
9.316629	0.11926263	-0.06431162	0.08647440	0.01499294	0.00108254	-0.04506025
9.333296	0.11956768	-0.06425939	0.08565441	0.01642781	0.00158393	-0.05283891
9.349962	0.11989526	-0.06420301	0.08467334	0.01482046	0.00057783	-0.06090181
9.366630	0.12017687	-0.06419139	0.08352531	0.00991997	-0.00252281	-0.06599698
9.383296	0.12035474	-0.06422333	0.08234078	0.00256819	-0.00805720	-0.06675766
9.399962	0.12030955	-0.06437632	0.08113909	-0.00456991	-0.01363253	-0.06403956
9.416629	0.12011306	-0.06467304	0.08010185	-0.00874720	-0.01698084	-0.05902601
9.433295	0.11978403	-0.06513387	0.07919420	-0.00903197	-0.01870904	-0.05259110
9.449963	0.11960105	-0.06548100	0.07839581	-0.00721074	-0.01963657	-0.04579063
9.466629	0.11957040	-0.06572011	0.07767207	-0.00483541	-0.01875300	-0.03875044
9.483295	0.11964692	-0.06596955	0.07705646	-0.00269444	-0.01567746	-0.03049110
9.499962	0.11959195	-0.06630488	0.07656284	-0.00186552	-0.01281702	-0.02206964
9.516628	0.11949284	-0.06657594	0.07630212	-0.00158322	-0.01079333	-0.01431031
9.533296	0.11941296	-0.06665234	0.07621115	-0.00151069	-0.00939753	-0.00695392
9.549962	0.11943118	-0.06670468	0.07616474	-0.00242659	-0.00876896	0.00225321
9.566628	0.11951218	-0.06680179	0.07617448	-0.00590439	-0.00873029	0.01424225
9.583295	0.11944555	-0.06705810	0.07633273	-0.01031552	-0.00658280	0.02839972
9.599961	0.11917493	-0.06729171	0.07697854	-0.01318684	0.00041153	0.04314872
9.616629	0.11872452	-0.06733388	0.07796396	-0.01347413	0.01042277	0.05580917
9.633295	0.11843804	-0.06700248	0.07915727	-0.01130962	0.02021961	0.06362013
9.649961	0.11837433	-0.06635864	0.08031564	-0.00715642	0.02646591	0.06592624
9.666628	0.11840367	-0.06577055	0.08136704	-0.00230969	0.02728168	0.06495897
9.683294	0.11838397	-0.06530178	0.08240562	0.00193172	0.02288585	0.06245124
9.699962	0.11834206	-0.06505424	0.08343268	0.00533732	0.01640002	0.05903219
9.716628	0.11842231	-0.06486892	0.08446760	0.00723372	0.01025089	0.05385026
9.733294	0.11868761	-0.06473803	0.08538324	0.00655546	0.00462973	0.04708946
9.749961	0.11893717	-0.06465653	0.08609271	0.00373119	0.00005856	0.04028917
9.766627	0.11899000	-0.06469268	0.08661623	-0.00035819	-0.00337185	0.03486248
9.783295	0.11877181	-0.06486380	0.08706892	-0.00366726	-0.00477461	0.03122908
9.799961	0.11858352	-0.06501573	0.08758024	-0.00434479	-0.00431603	0.02863191
9.816628	0.11848727	-0.06510034	0.08812582	-0.00231368	-0.00221019	0.02570632
9.833294	0.11859207	-0.06503910	0.08858099	0.00038792	0.00092771	0.02094802
9.849960	0.11867812	-0.06498537	0.08889066	0.00197080	0.00406956	0.01430372
9.866628	0.11871767	-0.06491220	0.08903347	0.00302852	0.00675115	0.00672701
9.883294	0.11867996	-0.06481060	0.08905877	0.00467768	0.00884279	-0.00080753
9.899961	0.11870752	-0.06463833	0.08900543	0.00796262	0.01094603	-0.00848066
9.916627	0.11889225	-0.06439009	0.08881978	0.01197593	0.01238355	-0.01628655
9.933293	0.11919583	-0.06416442	0.08851372	0.01549805	0.01260520	-0.02394924
9.949961	0.11954497	-0.06392726	0.08799420	0.01651275	0.01130679	-0.03134982
9.966627	0.11983261	-0.06376420	0.08738713	0.01433866	0.00884354	-0.03846947
9.983294	0.12007364	-0.06362350	0.08669288	0.01037457	0.00580790	-0.04413201
9.999960	0.12019787	-0.06355178	0.08591906	0.00653936	0.00248735	-0.04744925
10.016626	0.12023242	-0.06354553	0.08504202	0.00345183	-0.00042211	-0.04938522
10.033293	0.12023598	-0.06358501	0.08416919	-0.00002116	-0.00283924	-0.05057228
10.049960	0.12024570	-0.06368255	0.08334317	-0.00472145	-0.00478542	-0.05054215
10.066627	0.12022620	-0.06376241	0.08253083	-0.00983838	-0.00617641	-0.04857060
10.083293	0.12001406	-0.06387271	0.08168681	-0.01375971	-0.00697552	-0.04576131
10.099959	0.11962147	-0.06400691	0.08089821	-0.01450693	-0.00719032	-0.04319953
10.116626	0.11924168	-0.06413686	0.08024082	-0.01105000	-0.00706344	-0.04139030
10.133293	0.11903073	-0.06427794	0.07964027	-0.00440044	-0.00695935	-0.03991951
10.149960	0.11913154	-0.06435620	0.07901670	0.00251462	-0.00666386	-0.03787130
10.166626	0.11934808	-0.06445485	0.07829554	0.00697422	-0.00611781	-0.03398000
10.183292	0.11956187	-0.06457983	0.07765359	0.00742465	-0.00572248	-0.02757180
10.199959	0.11965748	-0.06466944	0.07722273	0.00462914	-0.00629413	-0.01815725
10.216626	0.11967536	-0.06477058	0.07706357	0.00072126	-0.00797096	-0.00608204
10.233293	0.11963981	-0.06484190	0.07707766	-0.00303527	-0.01085077	0.00625646
10.249959	0.11957775	-0.06504792	0.07727526	-0.00604006	-0.01386417	0.01798179
10.266625	0.11945345	-0.06534421	0.07767238	-0.00879057	-0.01541829	0.02910026
10.283292	0.11927678	-0.06571501	0.07823348	-0.01148914	-0.01447080	0.04004003
10.299959	0.11905734	-0.06599686	0.07903431	-0.01370741	-0.01000233	0.04985129
10.316626	0.11879697	-0.06611647	0.07994763	-0.01380460	-0.00137430	0.05836600
10.333292	0.11852289	-0.06608985	0.08104942	-0.01184260	0.00982575	0.06536033
10.349958	0.11827670	-0.06586271	0.08217040	-0.00895873	0.02026499	0.06954452
10.366625	0.11820550	-0.06536105	0.08341753	-0.00625963	0.02716716	0.07058928
10.383292	0.11818065	-0.06473215	0.08466888	-0.00352112	0.03001795	0.06895741
10.399959	0.11818006	-0.06409322	0.08581984	-0.00074145	0.02912455	0.06538384
10.416625	0.11809725	-0.06369337	0.08686864	0.00164189	0.02553209	0.05951790
10.433291	0.11811540	-0.06335668	0.08778697	0.00406267	0.02128476	0.05251980
10.449958	0.11823506	-0.06308448	0.08863892	0.00694147	0.01762472	0.04437640
10.466625	0.11842562	-0.06277450	0.08933198	0.00969172	0.01452692	0.03480143
10.483292	0.11862141	-0.06249212	0.08987711	0.01168345	0.01140001	0.02417075
10.499958	0.11880890	-0.06234374	0.09017004	0.01289194	0.00836243	0.01334129
10.516624	0.11899979	-0.06228381	0.09025839	0.01280931	0.00522157	0.00322246
10.533291	0.11927477	-0.06225506	0.09019040	0.01110469	0.00318298	-0.00620252
10.549958	0.11949957	-0.06220826	0.09002023	0.00842902	0.00353561	-0.01558005
10.566625	0.11964095	-0.06215775	0.08974244	0.00562584	0.00516026	-0.02585626
10.583291	0.11961438	-0.06209032	0.08927142	0.00384656	0.00540205	-0.03673840
10.599957	0.11959658	-0.06191846	0.08853990	0.00393295	0.00300213	-0.04742816
10.616624	0.11964244	-0.06179362	0.08758539	0.00539376	-0.00119925	-0.05630773
10.633291	0.11981925	-0.06183450	0.08651053	0.00628757	-0.00598582	-0.06222374
10.649958	0.12000937	-0.06207892	0.08539609	0.00496587	-0.01043750	-0.06489038
10.666624	0.12013070	-0.06238575	0.08431189	0.00243493	-0.01278383	-0.06486040
10.683290	0.12007637	-0.06260924	0.08321567	0.00036795	-0.01282826	-0.06291948
10.699957	0.11995980	-0.06279003	0.08216856	-0.00052560	-0.01210387	-0.05909988
10.716624	0.11991699	-0.06291177	0.08117259	-0.00100788	-0.01258032	-0.05435857
10.733291	0.12000012	-0.06312002	0.08029685	-0.00123121	-0.01469514	-0.04931328
10.749957	0.12006499	-0.06338973	0.07958765	-0.00187685	-0.01813631	-0.04453222
10.766623	0.11997981	-0.06374367	0.07888921	-0.00312806	-0.02156069	-0.03988517
10.783290	0.11984124	-0.06413740	0.07827117	-0.00467381	-0.02319315	-0.03583688
10.799957	0.11970816	-0.06458528	0.07764303	-0.00531873	-0.02259793	-0.03148140
10.816624	0.11968211	-0.06499521	0.07716689	-0.00522459	-0.02033432	-0.02601165
10.833290	0.11962403	-0.06532246	0.07675342	-0.00602725	-0.01744065	-0.01895260
10.849957	0.11954971	-0.06553283	0.07650617	-0.00801969	-0.01427906	-0.01018156
10.866623	0.11938060	-0.06571767	0.07636154	-0.00952665	-0.01135510	0.00006154
10.883290	0.11913872	-0.06590416	0.07644001	-0.00871632	-0.00821780	0.01155430
10.899957	0.11892860	-0.06605967	0.07671352	-0.00675230	-0.00513138	0.02351450
10.916623	0.11884330	-0.06614674	0.07724967	-0.00563892	-0.00267227	0.03515064
10.933290	0.11890621	-0.06608019	0.07794809	-0.00573149	0.00013501	0.04510939
10.949956	0.11888118	-0.06603699	0.07882801	-0.00571659	0.00573701	0.05275569
10.966623	0.11867124	-0.06601536	0.07978805	-0.00462996	0.01534390	0.05824299
10.983290	0.11844269	-0.06585350	0.08082262	-0.00306954	0.02702809	0.06191368
10.999956	0.11840057	-0.06529744	0.08187422	-0.00161261	0.03832601	0.06402425
11.016623	0.11858975	-0.06431787	0.08298036	-0.00095375	0.04683945	0.06566443
11.033289	0.11868278	-0.06330569	0.08407377	-0.00161932	0.04970727	0.06695595
11.049956	0.11857962	-0.06243725	0.08519638	-0.00345686	0.04539622	0.06718018
11.066623	0.11834192	-0.06177552	0.08634483	-0.00432843	0.03620743	0.06445888
11.083289	0.11820611	-0.06127527	0.08747792	-0.00229348	0.02633880	0.05892717
11.099956	0.11823380	-0.06090222	0.08849806	0.00163809	0.01714672	0.05049346
11.116622	0.11838726	-0.06071506	0.08922149	0.00583986	0.00943218	0.03968896
11.133288	0.11854220	-0.06062282	0.08979176	0.00890944	0.00305380	0.02770633
11.149956	0.11866056	-0.06069455	0.09010206	0.01000230	-0.00133029	0.01669995
11.166622	0.11883215	-0.06074483	0.09030556	0.00982192	-0.00330850	0.00687453
11.183289	0.11904400	-0.06086890	0.09030817	0.01003661	-0.00247271	-0.00262317
11.199955	0.11921263	-0.06090342	0.09022214	0.01213812	0.00186384	-0.01468933
11.216621	0.11936329	-0.06090844	0.08993910	0.01463509	0.00643848	-0.03039633
11.233289	0.11955431	-0.06073743	0.08945312	0.01677807	0.00876840	-0.04796211
11.249955	0.11997395	-0.06038319	0.08841684	0.01838557	0.00717587	-0.06392553
11.266622	0.12033330	-0.06021596	0.08708641	0.01834400	0.00170701	-0.07506777
11.283288	0.12070151	-0.06019721	0.08549401	0.01471723	-0.00757336	-0.07967135
11.299954	0.12089074	-0.06052420	0.08414081	0.00797919	-0.01780759	-0.07717502
11.316622	0.12099358	-0.06093293	0.08291562	0.00027612	-0.02597335	-0.06987619
11.333288	0.12090783	-0.06147538	0.08186171	-0.00699184	-0.03082193	-0.06136885
11.349955	0.12070082	-0.06204064	0.08090693	-0.01189762	-0.03155406	-0.05469549
11.366621	0.12039308	-0.06261224	0.08006402	-0.01384689	-0.02859438	-0.04901090
11.383287	0.12009455	-0.06313677	0.07930566	-0.01276841	-0.02282865	-0.04392273
11.399955	0.11988577	-0.06347971	0.07860764	-0.01028560	-0.01686956	-0.03887997
11.416621	0.11978587	-0.06362222	0.07798506	-0.00740531	-0.01202767	-0.03371930
11.433288	0.11973515	-0.06368912	0.07746053	-0.00510240	-0.00916790	-0.02839077
11.449954	0.11965568	-0.06380415	0.07703308	-0.00471780	-0.00911944	-0.02309328
11.466620	0.11958066	-0.06400342	0.07672068	-0.00707827	-0.01123261	-0.01752555
11.483288	0.11949824	-0.06421351	0.07646181	-0.01183664	-0.01428643	-0.01095128
11.499954	0.11931610	-0.06446540	0.07629120	-0.01703258	-0.01638393	-0.00283544
11.516621	0.11896510	-0.06474175	0.07626083	-0.02025665	-0.01625373	0.00722627
11.533287	0.11844248	-0.06510841	0.07644928	-0.02038725	-0.01362959	0.01845736
11.549953	0.11800469	-0.06537199	0.07688142	-0.01814425	-0.00881374	0.02965481
11.566621	0.11777691	-0.06548706	0.07753563	-0.01416350	-0.00186712	0.03900208
11.583287	0.11770483	-0.06540232	0.07829067	-0.00921112	0.00664431	0.04552260
11.599954	0.11759969	-0.06521696	0.07915585	-0.00511171	0.01468906	0.04977872
11.616620	0.11747117	-0.06490622	0.07998211	-0.00227404	0.02039072	0.05272138
11.633286	0.11742234	-0.06447887	0.08087461	0.00034928	0.02420744	0.05477707
11.649954	0.11747769	-0.06398867	0.08180034	0.00323822	0.02684485	0.05546954
11.666620	0.11761698	-0.06355314	0.08278482	0.00505762	0.02794899	0.05447972
11.683287	0.11774667	-0.06306793	0.08375356	0.00479842	0.02721699	0.05157413
11.699953	0.11783495	-0.06262422	0.08458333	0.00213248	0.02362775	0.04751850
11.716619	0.11784712	-0.06215550	0.08530372	-0.00140764	0.01800423	0.04302035
11.733287	0.11779311	-0.06184885	0.08593544	-0.00343473	0.01127523	0.03951904
11.749953	0.11763628	-0.06180964	0.08655890	-0.00195623	0.00598368	0.03667529
11.766620	0.11753270	-0.06183586	0.08717056	0.00265052	0.00393979	0.03287232
11.783286	0.11756465	-0.06193943	0.08776588	0.00866923	0.00654115	0.02666883
11.799953	0.11787248	-0.06175623	0.08820751	0.01469469	0.01166082	0.01744240
11.816620	0.11824875	-0.06147614	0.08844739	0.01847502	0.01508330	0.00622666
11.833286	0.11862315	-0.06103040	0.08841448	0.01842555	0.01429945	-0.00504626
11.849953	0.11893568	-0.06071257	0.08817076	0.01500788	0.00922145	-0.01436105
11.866619	0.11914335	-0.06065525	0.08780196	0.01167600	0.00219275	-0.02104503
11.883286	0.11928221	-0.06076640	0.08737942	0.01074479	-0.00415930	-0.02577468
11.899953	0.11933906	-0.06098089	0.08694948	0.01238906	-0.00654128	-0.02968081
11.916619	0.11953669	-0.06114050	0.08645712	0.01480913	-0.00533607	-0.03333541
11.933286	0.11987682	-0.06119916	0.08585684	0.01722566	-0.00305872	-0.03758792
11.949952	0.12029131	-0.06116811	0.08517557	0.01916394	-0.00150106	-0.04285282
11.966619	0.12060343	-0.06111109	0.08443540	0.01919430	-0.00122145	-0.04816846
11.983286	0.12087269	-0.06116118	0.08360595	0.01666426	-0.00233185	-0.05222256
11.999952	0.12114672	-0.06124397	0.08265846	0.01157493	-0.00570406	-0.05499765
12.016619	0.12139770	-0.06133982	0.08165814	0.00476832	-0.01119598	-0.05665243
12.033285	0.12147988	-0.06147531	0.08070544	-0.00345354	-0.01803776	-0.05618859
12.049952	0.12129527	-0.06181087	0.07977442	-0.01183954	-0.02585453	-0.05235939
12.066619	0.12093984	-0.06236549	0.07888415	-0.01818605	-0.03333621	-0.04602350
12.083285	0.12050276	-0.06306963	0.07810138	-0.02107945	-0.03872785	-0.03877182
12.099952	0.12012192	-0.06381179	0.07755535	-0.02070689	-0.03966519	-0.03088550
12.116618	0.11981390	-0.06449994	0.07716719	-0.01864009	-0.03605131	-0.02297638
12.133285	0.11953297	-0.06512573	0.07686775	-0.01668784	-0.02939180	-0.01576113
12.149951	0.11929706	-0.06554213	0.07664400	-0.01556395	-0.02204095	-0.00880934
12.166618	0.11904007	-0.06582025	0.07649723	-0.01434514	-0.01506059	-0.00078518
12.183285	0.11878619	-0.06593643	0.07652842	-0.01321094	-0.00965063	0.00821776
12.199951	0.11855539	-0.06605840	0.07675074	-0.01187132	-0.00570136	0.01721966
12.216618	0.11839955	-0.06611583	0.07717714	-0.01019493	-0.00212909	0.02597719
12.233284	0.11823384	-0.06619678	0.07770640	-0.00842135	0.00271858	0.03437488
12.249951	0.11813264	-0.06612445	0.07829859	-0.00700983	0.00905126	0.04211588
12.266618	0.11799645	-0.06595726	0.07904590	-0.00600244	0.01529141	0.04849584
12.283284	0.11793338	-0.06554987	0.07994311	-0.00436349	0.02072827	0.05407623
12.299951	0.11784559	-0.06511615	0.08097010	-0.00206043	0.02472269	0.05833280
12.316617	0.11780138	-0.06466994	0.08197050	0.00001706	0.02598467	0.06066972
12.333284	0.11785246	-0.06423862	0.08300997	0.00040341	0.02358938	0.06108852
12.349951	0.11792535	-0.06379623	0.08400536	-0.00059325	0.01957164	0.05966955
12.366617	0.11796688	-0.06347106	0.08504242	-0.00160948	0.01598584	0.05630441
12.383284	0.11784565	-0.06330756	0.08600061	-0.00053954	0.01404932	0.05090123
12.399950	0.11770403	-0.06320807	0.08683142	0.00240290	0.01364021	0.04483427
12.416617	0.11773105	-0.06299575	0.08748138	0.00578369	0.01440318	0.03876597
12.433284	0.11800353	-0.06265742	0.08799675	0.00831473	0.01426142	0.03251875
12.449950	0.11830129	-0.06231011	0.08851996	0.00875357	0.01140698	0.02549338
12.466617	0.11845220	-0.06209195	0.08897749	0.00651262	0.00593361	0.01784160
12.483283	0.11842869	-0.06211391	0.08925501	0.00346360	0.00110889	0.00935204
12.499950	0.11840056	-0.06224983	0.08928861	0.00303426	-0.00084868	0.00048936
12.516617	0.11840308	-0.06239934	0.08914226	0.00766608	0.00104402	-0.00798027
12.533283	0.11854731	-0.06230971	0.08892401	0.01613664	0.00514807	-0.01539047
12.549950	0.11883796	-0.06213728	0.08866529	0.02498879	0.00875380	-0.02208633
12.566616	0.11941759	-0.06183781	0.08826295	0.03080202	0.00989802	-0.02849113
12.583283	0.12011116	-0.06167892	0.08773471	0.03105895	0.00822864	-0.03512456
12.599950	0.12077720	-0.06157292	0.08702304	0.02566895	0.00503363	-0.04195226
12.616616	0.12116264	-0.06155822	0.08629064	0.01664783	0.00108211	-0.04825794
12.633283	0.12125179	-0.06156071	0.08544219	0.00805817	-0.00269250	-0.05259237
12.649949	0.12118859	-0.06159649	0.08451113	0.00237276	-0.00658438	-0.05413070
12.666616	0.12112085	-0.06173909	0.08349562	-0.00034612	-0.01033202	-0.05392540
12.683283	0.12118085	-0.06196357	0.08256762	-0.00257903	-0.01433773	-0.05271124
12.699949	0.12122682	-0.06226275	0.08177312	-0.00656589	-0.01817658	-0.05098218
12.716616	0.12114409	-0.06258246	0.08100157	-0.01231277	-0.02078508	-0.04788779
12.733282	0.12082648	-0.06295767	0.08018507	-0.01804996	-0.02233702	-0.04437941
12.749949	0.12034713	-0.06337745	0.07935731	-0.02181390	-0.02357951	-0.04036502
12.766616	0.11990353	-0.06376231	0.07873955	-0.02340848	-0.02468328	-0.03488559
12.783282	0.11954413	-0.06417610	0.07822211	-0.02338080	-0.02489346	-0.02694461
12.799949	0.11924767	-0.06459188	0.07786550	-0.02294717	-0.02408179	-0.01754578
12.816615	0.11886413	-0.06503919	0.07756816	-0.02256239	-0.02234866	-0.00799599
12.833282	0.11842680	-0.06541742	0.07752276	-0.02182329	-0.01962774	0.00212592
12.849949	0.11800183	-0.06570961	0.07765993	-0.01893640	-0.01492789	0.01341885
12.866615	0.11769960	-0.06592337	0.07798544	-0.01431054	-0.00857904	0.02454138
12.883282	0.11750670	-0.06606555	0.07848198	-0.01020480	-0.00178409	0.03325237
12.899948	0.11749042	-0.06601098	0.07918041	-0.00787708	0.00514055	0.03953886
12.916615	0.11740466	-0.06586023	0.07994176	-0.00621180	0.01232331	0.04474214
12.933282	0.11728207	-0.06555943	0.08072094	-0.00525410	0.01784604	0.04913801
12.949948	0.11708503	-0.06521636	0.08148079	-0.00531199	0.02018229	0.05231804
12.966615	0.11706563	-0.06476315	0.08241852	-0.00541346	0.02013077	0.05424592
12.983281	0.11703215	-0.06441871	0.08340091	-0.00396872	0.01968831	0.05557753
12.999949	0.11697838	-0.06415054	0.08440788	-0.00103165	0.01917981	0.05510438
13.016615	0.11684337	-0.06393038	0.08527297	0.00280545	0.01828816	0.05166980
13.033281	0.11690158	-0.06356828	0.08614190	0.00833898	0.01812782	0.04627328
13.049948	0.11710582	-0.06322138	0.08686694	0.01445575	0.01801774	0.04028176
13.066614	0.11749956	-0.06289847	0.08751144	0.01793891	0.01599192	0.03412667
13.083282	0.11790936	-0.06265269	0.08798965	0.01661620	0.01147342	0.02755672
13.099948	0.11825309	-0.06247337	0.08839767	0.01224169	0.00577501	0.02098029
13.116614	0.11836320	-0.06242186	0.08869519	0.00789876	0.00022262	0.01434757
13.133281	0.11833511	-0.06248693	0.08890473	0.00648363	-0.00260932	0.00738776
13.149947	0.11831025	-0.06266256	0.08896769	0.00810250	-0.00159026	-0.00061147
13.166615	0.11848588	-0.06278150	0.08891458	0.01162116	0.00227063	-0.00864267
13.183281	0.11883537	-0.06268127	0.08868083	0.01493825	0.00660962	-0.01624136
13.199947	0.11918046	-0.06240582	0.08830769	0.01702323	0.00935594	-0.02371231
13.216614	0.11945277	-0.06211082	0.08786089	0.01728452	0.00849582	-0.03167124
13.233280	0.11965097	-0.06197990	0.08730756	0.01729544	0.00442371	-0.03868052
13.249947	0.11993918	-0.06199539	0.08661561	0.01781433	-0.00027603	-0.04461996
13.266614	0.12025310	-0.06213193	0.08572355	0.01793958	-0.00317741	-0.05015438
13.283280	0.12065282	-0.06223619	0.08484525	0.01565753	-0.00494145	-0.05487900
13.299947	0.12093489	-0.06228773	0.08390218	0.01132560	-0.00685218	-0.05624551
13.316613	0.12110036	-0.06230421	0.08293660	0.00676825	-0.00936909	-0.05433492
13.333280	0.12104814	-0.06249617	0.08192424	0.00269820	-0.01292465	-0.05110005
13.349947	0.12102187	-0.06278913	0.08112452	-0.00100185	-0.01701729	-0.04745726
13.366613	0.12102199	-0.06316550	0.08042853	-0.00501825	-0.02014056	-0.04307716
13.383280	0.12102345	-0.06352359	0.07981794	-0.00949707	-0.02097146	-0.03858555
13.399946	0.12083776	-0.06387877	0.07912876	-0.01454735	-0.02049313	-0.03552272
13.416613	0.12046246	-0.06422263	0.07855325	-0.01894333	-0.01890693	-0.03275992
13.433280	0.12001353	-0.06452018	0.07803427	-0.02160994	-0.01737654	-0.02840281
13.449946	0.11962352	-0.06482212	0.07759354	-0.02239553	-0.01650258	-0.02116402
13.466613	0.11930877	-0.06501801	0.07723460	-0.02254774	-0.01706998	-0.01193536
13.483279	0.11899780	-0.06529841	0.07705058	-0.02289781	-0.01828115	-0.00095912
13.499946	0.11858885	-0.06558774	0.07716028	-0.02305327	-0.01920935	0.01039695
13.516613	0.11812869	-0.06601639	0.07748289	-0.02136388	-0.01783054	0.02126814
13.533279	0.11770198	-0.06636158	0.07799671	-0.01709457	-0.01352215	0.03018768
13.549946	0.11743562	-0.06662125	0.07854936	-0.01188059	-0.00723331	0.03679644
13.566612	0.11737321	-0.06659152	0.07923043	-0.00723503	0.00074666	0.04170457
13.583279	0.11739023	-0.06649217	0.07995141	-0.00420643	0.00895772	0.04547942
13.599946	0.11733356	-0.06627418	0.08077753	-0.00282110	0.01671168	0.04859843
13.616612	0.11725073	-0.06597096	0.08162080	-0.00213363	0.02253951	0.05091401
13.633279	0.11714442	-0.06553355	0.08248457	-0.00038169	0.02635296	0.05214030
13.649945	0.11717740	-0.06494297	0.08337185	0.00237656	0.02770577	0.05203827
13.666612	0.11725301	-0.06444085	0.08426569	0.00378126	0.02591311	0.05099433
13.683279	0.11742682	-0.06400241	0.08511811	0.00292265	0.02071706	0.04813173
13.699945	0.11752088	-0.06371047	0.08592329	0.00064004	0.01313408	0.04355631
13.716612	0.11744887	-0.06356443	0.08663384	-0.00098907	0.00570929	0.03799059
13.733278	0.11732499	-0.06352040	0.08719943	-0.00174169	-0.00126880	0.03205975
13.749945	0.11722468	-0.06367677	0.08766938	-0.00027947	-0.00624633	0.02492684
13.766612	0.11731730	-0.06379911	0.08803135	0.00377690	-0.00790022	0.01699261
13.783278	0.11739746	-0.06407062	0.08832388	0.00839449	-0.00588490	0.00901323
13.799945	0.11758854	-0.06415759	0.08836731	0.01084086	-0.00199498	0.00212026
13.816611	0.11782791	-0.06415024	0.08829791	0.01078871	0.00158624	-0.00344304
13.833278	0.11806945	-0.06397726	0.08810002	0.00981640	0.00450036	-0.00799715
13.849945	0.11821734	-0.06383359	0.08798851	0.00853006	0.00592785	-0.01198423
13.866611	0.11826742	-0.06379065	0.08781978	0.00722083	0.00604200	-0.01700654
13.883278	0.11834478	-0.06372481	0.08755106	0.00683407	0.00623109	-0.02247797
13.899944	0.11849496	-0.06362711	0.08709539	0.00888608	0.00756915	-0.02779525
13.916611	0.11863249	-0.06349344	0.08645689	0.01197682	0.00746696	-0.03165511
13.933278	0.11885063	-0.06325918	0.08589175	0.01399564	0.00534175	-0.03361931
13.949944	0.11914072	-0.06313721	0.08532117	0.01430152	0.00240390	-0.03413628
13.966611	0.11944204	-0.06318277	0.08482201	0.01061842	0.00016674	-0.03598693
13.983277	0.11967881	-0.06330005	0.08425347	0.00333109	-0.00123006	-0.04060043
13.999944	0.11973161	-0.06340514	0.08357777	-0.00410134	-0.00162304	-0.04578214
14.016611	0.11943299	-0.06329751	0.08270968	-0.00847913	-0.00223641	-0.04944396
14.033278	0.11910861	-0.06328101	0.08172148	-0.00994198	-0.00437191	-0.05063900
14.049944	0.11886317	-0.06331619	0.08082920	-0.00959400	-0.00908106	-0.04935996
14.066610	0.11892059	-0.06357959	0.08007015	-0.00805072	-0.01486490	-0.04574172
14.083277	0.11888356	-0.06391578	0.07938840	-0.00756513	-0.01846895	-0.04129676
14.099944	0.11871016	-0.06432365	0.07873236	-0.00935201	-0.01833122	-0.03770020
14.116611	0.11846459	-0.06467798	0.07809773	-0.01189684	-0.01501179	-0.03513693
14.133277	0.11819398	-0.06490248	0.07755252	-0.01182352	-0.01103480	-0.03217453
14.149943	0.11801612	-0.06496761	0.07704103	-0.00986465	-0.00758211	-0.02766799
14.166610	0.11786384	-0.06500781	0.07657190	-0.00775329	-0.00623046	-0.02110989
14.183277	0.11780652	-0.06508592	0.07622654	-0.00688831	-0.00796973	-0.01323981
14.199944	0.11772922	-0.06523504	0.07604470	-0.00797107	-0.01247329	-0.00439009
14.216610	0.11760574	-0.06546354	0.07612488	-0.01021922	-0.01671075	0.00609113
14.233276	0.11740783	-0.06580198	0.07629214	-0.01294860	-0.01897749	0.01742701
14.249943	0.11711152	-0.06624895	0.07662889	-0.01582692	-0.01888901	0.02663064
14.266609	0.11684144	-0.06658017	0.07720094	-0.01778938	-0.01575122	0.03258536
14.283277	0.11653493	-0.06683786	0.07792243	-0.01666426	-0.00867031	0.03705423
14.299943	0.11619106	-0.06692436	0.07860605	-0.01187225	0.00136372	0.04129374
14.316609	0.11593699	-0.06686431	0.07919945	-0.00555395	0.01147942	0.04478193
14.333276	0.11589631	-0.06655698	0.07988481	-0.00020869	0.01923576	0.04761685
14.349942	0.11611823	-0.06604122	0.08080779	0.00280430	0.02382701	0.05000392
14.366610	0.11630958	-0.06552275	0.08176098	0.00289937	0.02532395	0.05067007
14.383276	0.11632039	-0.06511744	0.08268622	-0.00018906	0.02376730	0.04865032
14.399942	0.11619689	-0.06478484	0.08340687	-0.00392677	0.02106340	0.04508439
14.416609	0.11604194	-0.06449417	0.08405533	-0.00438021	0.01881529	0.04115777
14.433275	0.11592772	-0.06417563	0.08470318	-0.00091780	0.01729093	0.03663532
14.449943	0.11592452	-0.06387039	0.08536493	0.00433339	0.01560623	0.03201140
14.466609	0.11607288	-0.06361829	0.08592685	0.00922255	0.01335347	0.02683337
14.483275	0.11633995	-0.06340522	0.08626629	0.01231068	0.01078982	0.02093789
14.499942	0.11661381	-0.06328606	0.08651654	0.01287473	0.00799242	0.01433840
14.516608	0.11684655	-0.06316708	0.08669553	0.01189523	0.00508210	0.00843629
14.533276	0.11699398	-0.06308679	0.08684714	0.01070910	0.00271541	0.00332185
14.549942	0.11710792	-0.06307104	0.08684932	0.00945672	0.00162688	-0.00180420
14.566608	0.11727768	-0.06309014	0.08676834	0.00805106	0.00195098	-0.00700983
14.583275	0.11745827	-0.06311545	0.08656992	0.00759277	0.00321900	-0.01238228
14.599941	0.11757771	-0.06302980	0.08633953	0.00857379	0.00475572	-0.01771006
14.616609	0.11762909	-0.06287350	0.08603131	0.01125377	0.00654536	-0.02274202
14.633275	0.11777671	-0.06273854	0.08560295	0.01496030	0.00779960	-0.02733804
14.649941	0.11808125	-0.06262558	0.08507083	0.01829583	0.00741297	-0.03161734
14.666608	0.11855580	-0.06250499	0.08448838	0.01974337	0.00511978	-0.03539468
14.683274	0.11896288	-0.06238288	0.08387452	0.01850501	0.00102804	-0.03841211
14.699942	0.11924379	-0.06233610	0.08324105	0.01471395	-0.00454916	-0.04049247
14.716608	0.11938219	-0.06247151	0.08251482	0.00988744	-0.01103206	-0.04176481
14.733274	0.11949437	-0.06276108	0.08178157	0.00544342	-0.01699121	-0.04313270
14.749941	0.11956638	-0.06314953	0.08104912	0.00256681	-0.02043345	-0.04411722
14.766607	0.11960919	-0.06356093	0.08035514	0.00065595	-0.02120075	-0.04387508
14.783275	0.11954158	-0.06392664	0.07958406	-0.00131589	-0.01987290	-0.04171470
14.799941	0.11953691	-0.06421603	0.07885212	-0.00396510	-0.01789398	-0.03829755
14.816607	0.11944886	-0.06449511	0.07818028	-0.00716920	-0.01636188	-0.03414559
14.833274	0.11937698	-0.06470829	0.07773314	-0.00993453	-0.01542634	-0.02882962
14.849940	0.11912569	-0.06499309	0.07731148	-0.01145773	-0.01438311	-0.02305171
14.866608	0.11884163	-0.06523488	0.07696533	-0.01206906	-0.01323504	-0.01803361
14.883274	0.11861136	-0.06547827	0.07667699	-0.01257291	-0.01286668	-0.01396669
14.899940	0.11848836	-0.06563012	0.07649647	-0.01258021	-0.01312887	-0.00932962
14.916607	0.11833260	-0.06579755	0.07639082	-0.01235602	-0.01389360	-0.00415975
14.933273	0.11808639	-0.06606568	0.07633702	-0.01259645	-0.01567303	0.00110414
14.949941	0.11778903	-0.06636628	0.07639795	-0.01382207	-0.01844242	0.00664285
14.966607	0.11759236	-0.06668813	0.07655587	-0.01623764	-0.02011691	0.01330970
14.983274	0.11738223	-0.06705290	0.07681144	-0.01924221	-0.01972773	0.02100882
14.999940	0.11710543	-0.06742154	0.07721081	-0.02136187	-0.01726429	0.02852746
15.016606	0.11659429	-0.06774083	0.07775991	-0.02119434	-0.01233616	0.03543838
15.033274	0.11609835	-0.06792077	0.07847383	-0.01824684	-0.00483302	0.04152121
15.049940	0.11578248	-0.06794394	0.07921866	-0.01315226	0.00430355	0.04650127
15.066607	0.11573201	-0.06778581	0.08003196	-0.00755291	0.01342946	0.05017796
15.083273	0.11576948	-0.06745186	0.08087991	-0.00449927	0.02059285	0.05179832
15.099939	0.11574787	-0.06699466	0.08180320	-0.00469601	0.02437236	0.05114974
15.116607	0.11562438	-0.06648071	0.08273871	-0.00584117	0.02487591	0.04952015
15.133273	0.11542825	-0.06603941	0.08352908	-0.00471270	0.02396765	0.04782986
15.149940	0.11528026	-0.06571279	0.08421782	-0.00182104	0.02239642	0.04516713
15.166606	0.11529772	-0.06542147	0.08493935	0.00124846	0.02032609	0.04123026
15.183272	0.11547845	-0.06505116	0.08568989	0.00452740	0.01849357	0.03639828
15.199940	0.11560055	-0.06470384	0.08634627	0.00855155	0.01717843	0.02930131
15.216606	0.11566826	-0.06442350	0.08676263	0.01345293	0.01632600	0.01876913
15.233273	0.11581446	-0.06423322	0.08698889	0.01972888	0.01657988	0.00607150
15.249939	0.11621380	-0.06402338	0.08696590	0.02699855	0.01755681	-0.00557876
15.266605	0.11683869	-0.06370138	0.08673843	0.03253145	0.01772664	-0.01488360
15.283273	0.11754760	-0.06327448	0.08633196	0.03408494	0.01614078	-0.02250483
15.299939	0.11817436	-0.06294743	0.08590435	0.03117246	0.01223148	-0.02948944
15.316606	0.11862744	-0.06280144	0.08541108	0.02644281	0.00676359	-0.03691792
15.333272	0.11896903	-0.06282438	0.08481091	0.02136641	0.00087649	-0.04441555
15.349938	0.11922545	-0.06290282	0.08397173	0.01699544	-0.00331541	-0.05076019
15.366605	0.11955587	-0.06295493	0.08294745	0.01300612	-0.00630385	-0.05468361
15.383272	0.11974133	-0.06308321	0.08191870	0.00850696	-0.00984471	-0.05539153
15.399939	0.11990108	-0.06319013	0.08100206	0.00266803	-0.01523244	-0.05242268
15.416605	0.11984938	-0.06349964	0.08019293	-0.00423541	-0.02140534	-0.04756298
15.433271	0.11973013	-0.06391082	0.07945168	-0.01066652	-0.02671178	-0.04303461
15.449938	0.11947083	-0.06450450	0.07878131	-0.01629970	-0.02991513	-0.03913753
15.466605	0.11913023	-0.06507845	0.07815591	-0.01990524	-0.03022307	-0.03420091
15.483272	0.11875877	-0.06559074	0.07758228	-0.02152142	-0.02816878	-0.02761204
15.499938	0.11832726	-0.06600957	0.07711541	-0.02083977	-0.02442821	-0.01986255
15.516604	0.11798974	-0.06637424	0.07687090	-0.01977631	-0.02134447	-0.01075324
15.533271	0.11768087	-0.06669427	0.07679397	-0.01922846	-0.01977355	-0.00059158
15.549938	0.11746101	-0.06697241	0.07686863	-0.01819629	-0.01771859	0.00948079
15.566605	0.11712421	-0.06728563	0.07710329	-0.01685395	-0.01350196	0.01782652
15.583271	0.11676705	-0.06759749	0.07749207	-0.01579343	-0.00727932	0.02464245
15.599937	0.11652426	-0.06768639	0.07803313	-0.01518136	-0.00039239	0.03107545
15.616604	0.11633161	-0.06758130	0.07856437	-0.01326417	0.00703796	0.03823433
15.633271	0.11617152	-0.06727692	0.07919417	-0.01069245	0.01378329	0.04542403
15.649938	0.11591198	-0.06703490	0.07997037	-0.00832274	0.01842450	0.05117608
15.666604	0.11578558	-0.06669462	0.08099481	-0.00598910	0.02098386	0.05440428
15.683270	0.11572187	-0.06634479	0.08206252	-0.00246001	0.02313437	0.05524672
15.699937	0.11574925	-0.06590408	0.08299857	0.00166190	0.02522672	0.05354348
15.716604	0.11578263	-0.06547272	0.08376075	0.00494911	0.02616371	0.04923028
15.733271	0.11590462	-0.06499022	0.08454214	0.00829536	0.02599969	0.04470173
15.749937	0.11605410	-0.06456383	0.08528236	0.01163040	0.02394988	0.04057591
15.766603	0.11627716	-0.06414747	0.08596808	0.01438076	0.02062545	0.03589261
15.783270	0.11657414	-0.06381552	0.08654840	0.01603990	0.01745432	0.02997556
15.799937	0.11688028	-0.06360197	0.08695964	0.01743588	0.01490085	0.02589683
15.816604	0.11717737	-0.06342242	0.08730196	0.01713402	0.01293478	0.02055676
15.833270	0.11744130	-0.06320786	0.08755103	0.01683216	0.01096871	0.01521668
