Time	thumb tip right X	thumb tip right Y	thumb tip right Z	thumb tip right v(X)	thumb tip right v(Y)	thumb tip right v(Z)
0.00000000	0.00000000	0.00000000	0.00000000	0.00000000	0.00000000	0.00000000
0.01666660	0.01666660	0.01666660	0.01666660	0.01666660	0.01666660	0.01666660
0.000000	0.09715048	-0.05010327	0.07630382	0.00401059	0.00126889	-0.01230953
0.016667	0.09721277	-0.05009754	0.07609614	0.00413442	-0.00253369	-0.01533537
0.033333	0.09727608	-0.05010520	0.07586475	0.00425825	-0.00633628	-0.01836121
0.050000	0.09735590	-0.05021359	0.07554341	0.00299075	-0.00833665	-0.01874130
0.066666	0.09744628	-0.05041901	0.07515509	0.00121035	-0.01039327	-0.01856554
0.083333	0.09745337	-0.05069213	0.07477978	-0.00064112	-0.01096005	-0.01660588
0.100000	0.09739339	-0.05088975	0.07452101	-0.00239157	-0.00985421	-0.01344358
0.116666	0.09729448	-0.05100752	0.07438974	-0.00314781	-0.00726092	-0.01022980
0.133333	0.09723593	-0.05109330	0.07428153	-0.00177377	-0.00335618	-0.00813357
0.149999	0.09719565	-0.05114099	0.07417780	0.00125174	0.00062455	-0.00765587
0.166666	0.09723214	-0.05114746	0.07402421	0.00368492	0.00387948	-0.00770661
0.183333	0.09735799	-0.05099026	0.07388265	0.00350238	0.00635084	-0.00563322
0.199999	0.09752242	-0.05082034	0.07374308	-0.00043485	0.00779764	-0.00021707
0.216666	0.09755335	-0.05065583	0.07369770	-0.00789001	0.00820353	0.00826552
0.233332	0.09736382	-0.05054733	0.07390898	-0.01684873	0.00824499	0.01770202
0.249999	0.09690097	-0.05046761	0.07433528	-0.02481586	0.00916755	0.02727370
0.266666	0.09633425	-0.05031076	0.07497957	-0.03083450	0.01195288	0.03681756
0.283332	0.09576003	-0.05010212	0.07560247	-0.03475069	0.01728864	0.04491626
0.299999	0.09523045	-0.04979666	0.07637884	-0.03612063	0.02343627	0.04965910
0.316665	0.09460615	-0.04935269	0.07732246	-0.03552421	0.02788355	0.05073612
0.333332	0.09393388	-0.04876188	0.07832102	-0.03389934	0.02864160	0.05011854
0.349999	0.09333462	-0.04815570	0.07917678	-0.03128172	0.02492767	0.04844364
0.366665	0.09287110	-0.04770737	0.07981060	-0.02629875	0.01697933	0.04652448
0.383332	0.09250164	-0.04753717	0.08049483	-0.01934376	0.00617860	0.04575960
0.399998	0.09218086	-0.04756963	0.08127577	-0.01210579	-0.00393174	0.04808724
0.416665	0.09202553	-0.04778646	0.08215436	-0.00640928	-0.01059557	0.05186637
0.433332	0.09202641	-0.04808505	0.08304296	-0.00257765	-0.01329856	0.05436330
0.449998	0.09212413	-0.04834643	0.08399470	-0.00094712	-0.01290181	0.05478124
0.466665	0.09212955	-0.04855983	0.08492640	-0.00121043	-0.00979405	0.05381523
0.483331	0.09206504	-0.04867694	0.08585278	-0.00206658	-0.00563780	0.05153058
0.499998	0.09193482	-0.04875870	0.08666720	-0.00188158	-0.00237928	0.04707317
0.516665	0.09189994	-0.04871733	0.08745938	-0.00039965	-0.00163777	0.03976670
0.533331	0.09192981	-0.04867676	0.08810748	0.00129983	-0.00310508	0.03088248
0.549998	0.09204111	-0.04868813	0.08858759	0.00246448	-0.00453412	0.02331598
0.566664	0.09209359	-0.04887570	0.08878116	0.00259605	-0.00488320	0.01783557
0.583331	0.09210949	-0.04908018	0.08891503	0.00213490	-0.00405693	0.01380188
0.599998	0.09211109	-0.04912576	0.08914934	0.00213326	-0.00280467	0.00997674
0.616664	0.09213732	-0.04905315	0.08942765	0.00343495	-0.00219817	0.00573794
0.633331	0.09220095	-0.04897713	0.08957530	0.00498628	-0.00204724	0.00036657
0.649997	0.09231900	-0.04906797	0.08944465	0.00649052	-0.00263047	-0.00704369
0.666664	0.09246565	-0.04926803	0.08917626	0.00830560	-0.00428714	-0.01646253
0.683331	0.09258714	-0.04929951	0.08889655	0.01072895	-0.00676324	-0.02624660
0.699997	0.09275129	-0.04934479	0.08845682	0.01294707	-0.00799432	-0.03471272
0.716664	0.09298445	-0.04941661	0.08779245	0.01462115	-0.00700646	-0.04167901
0.733330	0.09331939	-0.04972511	0.08688427	0.01597161	-0.00499755	-0.04735205
0.749997	0.09360978	-0.04988960	0.08599115	0.01636005	-0.00288741	-0.05118599
0.766664	0.09386813	-0.04981668	0.08517366	0.01510402	0.00004282	-0.05209809
0.783330	0.09410571	-0.04965232	0.08433980	0.01308696	0.00387612	-0.05168350
0.799997	0.09431665	-0.04957032	0.08345006	0.01163010	0.00562290	-0.05256573
0.816663	0.09448518	-0.04954913	0.08257726	0.01113561	0.00478644	-0.05406237
0.833330	0.09463757	-0.04946908	0.08166008	0.01190760	0.00282024	-0.05395408
0.849997	0.09480421	-0.04936377	0.08073298	0.01328567	0.00172871	-0.05125230
0.866663	0.09505693	-0.04933716	0.07981034	0.01378095	0.00082929	-0.04686206
0.883330	0.09536391	-0.04940057	0.07905205	0.01265132	-0.00111347	-0.04152136
0.899996	0.09563059	-0.04942770	0.07847981	0.01057521	-0.00344645	-0.03595158
0.916663	0.09574948	-0.04947465	0.07797347	0.00885393	-0.00465255	-0.03122629
0.933330	0.09577715	-0.04955181	0.07750437	0.00814642	-0.00569959	-0.02895348
0.949996	0.09585426	-0.04970048	0.07702243	0.00886079	-0.00742757	-0.02885524
0.966663	0.09606893	-0.04980808	0.07657462	0.01089983	-0.00884561	-0.02902411
0.983329	0.09632006	-0.04998298	0.07607761	0.01242467	-0.00986839	-0.02817955
0.999996	0.09656719	-0.05015138	0.07555714	0.01146090	-0.01119104	-0.02613707
1.016663	0.09676164	-0.05034081	0.07510732	0.00840030	-0.01228304	-0.02284439
1.033329	0.09688027	-0.05055975	0.07475529	0.00489933	-0.01045578	-0.01770608
1.049996	0.09690009	-0.05080103	0.07452115	0.00210841	-0.00689174	-0.01248957
1.066662	0.09687515	-0.05096876	0.07436723	0.00039991	-0.00245045	-0.00807858
1.083329	0.09684496	-0.05086018	0.07432136	-0.00084605	0.00260797	-0.00428365
1.099996	0.09686120	-0.05075407	0.07424378	-0.00274730	0.00858016	0.00052661
1.116662	0.09685786	-0.05053640	0.07426027	-0.00685389	0.01378387	0.00654551
1.133329	0.09676225	-0.05037101	0.07432570	-0.01327829	0.01651189	0.01319685
1.149995	0.09649955	-0.04999007	0.07468098	-0.02045774	0.01715058	0.02064333
1.166662	0.09602045	-0.04960261	0.07511801	-0.02672318	0.01688450	0.02835203
1.183329	0.09545249	-0.04931399	0.07566653	-0.03130389	0.01697601	0.03596599
1.199995	0.09487928	-0.04914338	0.07628534	-0.03334442	0.01646829	0.04220543
1.216662	0.09433330	-0.04894736	0.07702069	-0.03257753	0.01543792	0.04709266
1.233328	0.09377886	-0.04859801	0.07794642	-0.03056292	0.01488572	0.05062224
1.249995	0.09325518	-0.04826164	0.07884982	-0.02850465	0.01420928	0.05318320
1.266662	0.09282391	-0.04807457	0.07974704	-0.02613119	0.01120041	0.05464281
1.283328	0.09242044	-0.04791052	0.08061382	-0.02349952	0.00595315	0.05625959
1.299995	0.09204951	-0.04786810	0.08152996	-0.02103370	0.00163880	0.05920746
1.316661	0.09171387	-0.04786195	0.08254754	-0.01778989	-0.00093025	0.06183920
1.333328	0.09140356	-0.04798764	0.08365169	-0.01297650	-0.00357227	0.06117975
1.349995	0.09119055	-0.04803655	0.08479913	-0.00827647	-0.00678652	0.05575545
1.366661	0.09112369	-0.04810131	0.08578312	-0.00521379	-0.00905813	0.04787404
1.383328	0.09118038	-0.04828115	0.08643902	-0.00414895	-0.00893526	0.04014582
1.399994	0.09116280	-0.04855440	0.08686476	-0.00423187	-0.00797064	0.03332475
1.416661	0.09103508	-0.04874885	0.08731107	-0.00454696	-0.00745972	0.02742976
1.433328	0.09083663	-0.04874118	0.08785233	-0.00375000	-0.00802928	0.02228612
1.449994	0.09076683	-0.04873468	0.08830849	-0.00186362	-0.00878660	0.01739233
1.466661	0.09080521	-0.04891540	0.08850483	0.00014596	-0.00896720	0.01213127
1.483328	0.09093954	-0.04926344	0.08852001	0.00182167	-0.00798081	0.00679347
1.499994	0.09095287	-0.04948921	0.08854730	0.00367930	-0.00600329	0.00124172
1.516661	0.09093738	-0.04946618	0.08863445	0.00594320	-0.00396466	-0.00533695
1.533327	0.09097401	-0.04931586	0.08865029	0.00835094	-0.00420991	-0.01349253
1.549994	0.09122100	-0.04933752	0.08834260	0.01140081	-0.00722104	-0.02258541
1.566661	0.09152012	-0.04955838	0.08775335	0.01408158	-0.01094809	-0.03183582
1.583327	0.09177708	-0.04996279	0.08704039	0.01583653	-0.01296207	-0.04027233
1.599994	0.09200435	-0.05021399	0.08637405	0.01665919	-0.01189551	-0.04551652
1.616660	0.09223090	-0.05034978	0.08563109	0.01796737	-0.00893362	-0.04798204
1.633327	0.09258237	-0.05038800	0.08472808	0.02012872	-0.00533333	-0.05069462
1.649993	0.09294469	-0.05043932	0.08384975	0.02121673	-0.00255019	-0.05424398
1.666660	0.09336252	-0.05055316	0.08294909	0.01969803	-0.00025746	-0.05542862
1.683327	0.09374540	-0.05052906	0.08200625	0.01653614	0.00152354	-0.05361198
1.699993	0.09396293	-0.05047370	0.08101546	0.01376031	0.00316940	-0.05088394
1.716660	0.09409196	-0.05032033	0.08017915	0.01180117	0.00380795	-0.04762929
1.733326	0.09419686	-0.05026068	0.07949411	0.01142450	0.00333703	-0.04255960
1.749993	0.09442659	-0.05022882	0.07884456	0.01279698	0.00280486	-0.03588255
1.766660	0.09468948	-0.05024531	0.07821772	0.01497804	0.00320132	-0.02958369
1.783326	0.09496698	-0.05020356	0.07774872	0.01619405	0.00335000	-0.02537171
1.799993	0.09524038	-0.05010457	0.07745608	0.01613787	0.00274864	-0.02279093
1.816659	0.09552314	-0.04994804	0.07723631	0.01545107	0.00156677	-0.02154385
1.833326	0.09576753	-0.05000149	0.07682883	0.01376929	-0.00042696	-0.02144386
1.849993	0.09601773	-0.05003132	0.07639787	0.01102817	-0.00249988	-0.02167010
1.866659	0.09618707	-0.05017560	0.07594840	0.00730301	-0.00379087	-0.02103393
1.883326	0.09628669	-0.05020509	0.07567468	0.00343894	-0.00340012	-0.01866873
1.899992	0.09629043	-0.05024304	0.07542815	0.00049763	-0.00234864	-0.01567929
1.916659	0.09621438	-0.05029830	0.07517237	-0.00097126	-0.00144264	-0.01287324
1.933326	0.09616746	-0.05028267	0.07496067	-0.00144441	-0.00100758	-0.01063403
1.949992	0.09615709	-0.05031758	0.07476953	-0.00172187	-0.00035320	-0.00776171
1.966659	0.09618058	-0.05031301	0.07469805	-0.00309234	0.00056757	-0.00323524
1.983325	0.09615938	-0.05029830	0.07465008	-0.00686563	0.00297654	0.00418065
1.999992	0.09602845	-0.05029090	0.07470242	-0.01313159	0.00751712	0.01329964
2.016659	0.09577627	-0.05015668	0.07496292	-0.02051864	0.01263940	0.02238238
2.033325	0.09534066	-0.04989605	0.07550886	-0.02746220	0.01737294	0.03098463
2.049992	0.09477871	-0.04946428	0.07617825	-0.03235207	0.02122595	0.03801461
2.066658	0.09415400	-0.04904953	0.07688498	-0.03367348	0.02350336	0.04173336
2.083325	0.09351286	-0.04866908	0.07758638	-0.03100903	0.02338631	0.04224298
2.099992	0.09299367	-0.04828426	0.07833014	-0.02698089	0.02197194	0.04230113
2.116658	0.09261069	-0.04791107	0.07901783	-0.02377471	0.02031595	0.04380724
2.133325	0.09237964	-0.04758764	0.07969433	-0.02118901	0.01783303	0.04637751
2.149992	0.09204214	-0.04727684	0.08045024	-0.01870706	0.01350125	0.04809037
2.166658	0.09164694	-0.04708059	0.08134573	-0.01661754	0.00722128	0.04786279
2.183325	0.09132284	-0.04694850	0.08227942	-0.01483599	-0.00028210	0.04612523
2.199991	0.09115418	-0.04704703	0.08303567	-0.01213585	-0.00763103	0.04391408
2.216658	0.09106140	-0.04727886	0.08361441	-0.00898275	-0.01206444	0.04204349
2.233325	0.09090750	-0.04762401	0.08420382	-0.00636658	-0.01255940	0.04085136
2.249991	0.09076918	-0.04793112	0.08491866	-0.00496416	-0.01099164	0.04044358
2.266658	0.09069005	-0.04801020	0.08573111	-0.00382838	-0.00903010	0.04013062
2.283324	0.09069784	-0.04802109	0.08641117	-0.00248709	-0.00616568	0.03892430
2.299991	0.09068184	-0.04811916	0.08698062	-0.00093546	-0.00441512	0.03547779
2.316658	0.09065300	-0.04827116	0.08750055	0.00105430	-0.00482878	0.03015772
2.333324	0.09061531	-0.04833904	0.08805329	0.00313790	-0.00618050	0.02408425
2.349991	0.09069812	-0.04838966	0.08846041	0.00486681	-0.00666664	0.01754816
2.366657	0.09086744	-0.04847046	0.08868441	0.00559571	-0.00702011	0.01001071
2.383324	0.09102497	-0.04868450	0.08870589	0.00550272	-0.00827865	0.00221644
2.399991	0.09109629	-0.04881436	0.08867663	0.00528863	-0.00895303	-0.00417778
2.416657	0.09108405	-0.04898264	0.08854155	0.00578268	-0.00832064	-0.00910483
2.433324	0.09114344	-0.04911172	0.08837487	0.00688854	-0.00667081	-0.01327632
2.449990	0.09132001	-0.04920837	0.08811110	0.00858046	-0.00508431	-0.01720849
2.466657	0.09155268	-0.04930776	0.08778339	0.01012575	-0.00303435	-0.02038502
2.483324	0.09173022	-0.04929982	0.08739624	0.01029730	-0.00115760	-0.02365461
2.499990	0.09187461	-0.04933514	0.08697104	0.00886652	0.00005379	-0.02654921
2.516657	0.09200662	-0.04926993	0.08654930	0.00780343	-0.00069695	-0.02904285
2.533323	0.09213651	-0.04926345	0.08600353	0.00861816	-0.00269723	-0.03122122
2.549990	0.09222246	-0.04929072	0.08547659	0.01045097	-0.00335005	-0.03334088
2.566657	0.09240452	-0.04946164	0.08487043	0.01215399	-0.00358523	-0.03639068
2.583323	0.09266331	-0.04959660	0.08429290	0.01372477	-0.00316146	-0.04004174
2.599990	0.09295963	-0.04955275	0.08364940	0.01453104	-0.00257912	-0.04356159
2.616656	0.09320361	-0.04956156	0.08282392	0.01358321	-0.00058208	-0.04538155
2.633323	0.09342085	-0.04951062	0.08198889	0.01148314	0.00051271	-0.04531230
2.649990	0.09358526	-0.04964350	0.08114049	0.01004644	0.00008633	-0.04324304
2.666656	0.09371906	-0.04953179	0.08051047	0.01031176	-0.00150372	-0.03990204
2.683323	0.09383345	-0.04957013	0.07993206	0.01207025	-0.00343421	-0.03638598
2.699989	0.09404662	-0.04956017	0.07936770	0.01497461	-0.00544608	-0.03404612
2.716656	0.09433653	-0.04977365	0.07879918	0.01819197	-0.00689260	-0.03296150
2.733323	0.09471098	-0.04995395	0.07823829	0.02024342	-0.00689807	-0.03157498
2.749989	0.09509578	-0.05011327	0.07770931	0.02069101	-0.00683623	-0.02967101
2.766656	0.09546017	-0.05010452	0.07724403	0.02011542	-0.00627401	-0.02704493
2.783322	0.09575306	-0.05016841	0.07680701	0.01859948	-0.00552966	-0.02352053
2.799989	0.09604893	-0.05029260	0.07643448	0.01633926	-0.00416703	-0.01898628
2.816656	0.09632525	-0.05047357	0.07611975	0.01345427	-0.00277453	-0.01445843
2.833322	0.09656049	-0.05050122	0.07593184	0.01008511	-0.00135536	-0.01090170
2.849989	0.09670133	-0.05040896	0.07585705	0.00630638	-0.00070343	-0.00850957
2.866655	0.09674065	-0.05032828	0.07576063	0.00226558	-0.00197247	-0.00615364
2.883322	0.09673110	-0.05038042	0.07563678	-0.00162997	-0.00401236	-0.00237648
2.899988	0.09668726	-0.05054750	0.07550002	-0.00612470	-0.00371070	0.00451455
2.916655	0.09657597	-0.05077006	0.07556569	-0.01254154	0.00092019	0.01461422
2.933322	0.09639596	-0.05074806	0.07590708	-0.02026637	0.00950733	0.02610958
2.949988	0.09597929	-0.05049738	0.07654391	-0.02681176	0.01925359	0.03555908
2.966655	0.09537316	-0.04995822	0.07732186	-0.03008646	0.02632714	0.04052953
2.983321	0.09469886	-0.04935677	0.07811446	-0.02988533	0.02905775	0.04274169
2.999988	0.09417942	-0.04881783	0.07876945	-0.02672120	0.02815079	0.04610266
3.016655	0.09387109	-0.04842309	0.07939043	-0.02140784	0.02578453	0.05300479
3.033321	0.09360387	-0.04807480	0.08020998	-0.01521351	0.02239743	0.06182713
3.049988	0.09335296	-0.04773527	0.08142229	-0.00947464	0.01769257	0.06927051
3.066654	0.09317546	-0.04731355	0.08289399	-0.00480255	0.01234741	0.07292534
3.083321	0.09315760	-0.04716170	0.08425893	-0.00059691	0.00686447	0.07152373
3.099988	0.09328841	-0.04714799	0.08534624	0.00285522	0.00298976	0.06603345
3.116654	0.09337020	-0.04729180	0.08627716	0.00427367	0.00185781	0.05900354
3.133321	0.09346280	-0.04733199	0.08716879	0.00314881	0.00293891	0.05306689
3.149987	0.09348824	-0.04714913	0.08811048	0.00113346	0.00418847	0.04896861
3.166654	0.09349450	-0.04696056	0.08889934	0.00023160	0.00504045	0.04595111
3.183321	0.09345275	-0.04685026	0.08959471	0.00005230	0.00433262	0.04208473
3.199987	0.09341726	-0.04690316	0.09021614	-0.00014197	0.00274024	0.03752105
3.216654	0.09347231	-0.04691687	0.09087209	-0.00071992	0.00247232	0.03379038
3.233320	0.09348843	-0.04686091	0.09140678	-0.00116185	0.00513043	0.03054903
3.249987	0.09346294	-0.04675847	0.09187297	-0.00199319	0.00841286	0.02574320
3.266654	0.09336536	-0.04657349	0.09226029	-0.00248213	0.00890108	0.01880467
3.283320	0.09330434	-0.04631161	0.09260396	-0.00157584	0.00683854	0.01128089
3.299987	0.09326384	-0.04617107	0.09272300	0.00110850	0.00361070	0.00333843
3.316653	0.09331930	-0.04618912	0.09266933	0.00501337	-0.00121182	-0.00598668
3.333320	0.09341480	-0.04632794	0.09247523	0.00880919	-0.00675303	-0.01590724
3.349987	0.09362888	-0.04644175	0.09218244	0.01087491	-0.01000673	-0.02390916
3.366653	0.09387246	-0.04665827	0.09167355	0.01059961	-0.01013352	-0.02915718
3.383320	0.09412005	-0.04689414	0.09104939	0.00909105	-0.00853486	-0.03294760
3.399987	0.09421721	-0.04705600	0.09042633	0.00769741	-0.00721264	-0.03678597
3.416653	0.09425068	-0.04710442	0.08989808	0.00732410	-0.00609709	-0.04079492
3.433320	0.09430961	-0.04708867	0.08927178	0.00814478	-0.00575642	-0.04512778
3.449986	0.09449976	-0.04722032	0.08844946	0.00953432	-0.00621211	-0.04886527
3.466653	0.09474296	-0.04736799	0.08746922	0.00982162	-0.00756969	-0.05112225
3.483320	0.09496389	-0.04756323	0.08650201	0.00815488	-0.00863878	-0.05103806
3.499986	0.09506558	-0.04765350	0.08571866	0.00520008	-0.00941465	-0.04918792
3.516653	0.09508338	-0.04779688	0.08499087	0.00225433	-0.00984337	-0.04571947
3.533319	0.09505236	-0.04794443	0.08427331	0.00070825	-0.01076214	-0.04243122
3.549986	0.09505764	-0.04820640	0.08348698	0.00134443	-0.01285470	-0.04051616
3.566653	0.09506106	-0.04837801	0.08286168	0.00361757	-0.01490364	-0.03935561
3.583319	0.09514178	-0.04865852	0.08225608	0.00631346	-0.01649485	-0.03723405
3.599986	0.09527380	-0.04893512	0.08168387	0.00825781	-0.01727143	-0.03383657
3.616652	0.09547684	-0.04927786	0.08104271	0.00928331	-0.01691149	-0.03034917
3.633319	0.09566820	-0.04959965	0.08054191	0.00934731	-0.01486618	-0.02689122
3.649986	0.09580244	-0.04983182	0.08017284	0.00910606	-0.01256368	-0.02370527
3.666652	0.09592312	-0.04998295	0.07988577	0.00840839	-0.01031690	-0.02129552
3.683319	0.09603920	-0.05007805	0.07956406	0.00690571	-0.00837672	-0.01976267
3.699985	0.09621559	-0.05022955	0.07919201	0.00481317	-0.00648732	-0.01782752
3.716652	0.09631023	-0.05037392	0.07882395	0.00202463	-0.00402400	-0.01442710
3.733319	0.09629409	-0.05045364	0.07860757	-0.00154935	-0.00052527	-0.00945624
3.749985	0.09621444	-0.05042721	0.07851659	-0.00561694	0.00361241	-0.00396909
3.766652	0.09606489	-0.05027908	0.07856831	-0.00964247	0.00721625	0.00211500
3.783318	0.09591847	-0.05010080	0.07862984	-0.01442416	0.01066220	0.00963431
3.799985	0.09566825	-0.04991039	0.07874391	-0.01957186	0.01416428	0.01865335
3.816652	0.09531179	-0.04971928	0.07907702	-0.02422581	0.01640375	0.02755604
3.833318	0.09478445	-0.04938709	0.07968935	-0.02822764	0.01919426	0.03715269
3.849985	0.09424476	-0.04898347	0.08050905	-0.03085488	0.02379224	0.04855544
3.866651	0.09372135	-0.04864934	0.08130185	-0.03010821	0.02814602	0.06033876
3.883318	0.09320333	-0.04812473	0.08230458	-0.02448710	0.02947729	0.06911755
3.899985	0.09272509	-0.04754918	0.08361237	-0.01635640	0.02788730	0.07373716
3.916651	0.09247479	-0.04694027	0.08513452	-0.00756524	0.02375528	0.07456611
3.933318	0.09254347	-0.04659662	0.08647387	0.00116658	0.01670406	0.07104026
3.949984	0.09271842	-0.04646087	0.08751925	0.00788938	0.00707989	0.06348288
3.966651	0.09293972	-0.04643160	0.08839776	0.00991669	-0.00208801	0.05454751
3.983318	0.09312595	-0.04651999	0.08925588	0.00818669	-0.00748699	0.04736345
3.999984	0.09327184	-0.04677642	0.09003444	0.00561206	-0.00985427	0.04180779
4.016651	0.09330279	-0.04701831	0.09070202	0.00365180	-0.01076412	0.03646120
4.033318	0.09329539	-0.04720697	0.09122474	0.00253537	-0.01048612	0.03101693
4.049984	0.09331015	-0.04728312	0.09166980	0.00230678	-0.00867826	0.02651151
4.066650	0.09338624	-0.04742745	0.09206268	0.00294992	-0.00647830	0.02289993
4.083317	0.09345791	-0.04757919	0.09241965	0.00321136	-0.00563303	0.01927506
4.099984	0.09352157	-0.04765214	0.09275702	0.00331187	-0.00370407	0.01540689
4.116651	0.09356239	-0.04767737	0.09298775	0.00357048	-0.00134601	0.01042053
4.133317	0.09357457	-0.04773173	0.09311086	0.00375641	-0.00199684	0.00410227
4.149983	0.09367628	-0.04759354	0.09316133	0.00345570	-0.00530718	-0.00192460
4.166650	0.09376036	-0.04770758	0.09302753	0.00290741	-0.00783935	-0.00590535
4.183317	0.09383397	-0.04791893	0.09284108	0.00250165	-0.00839456	-0.00855155
4.199984	0.09381974	-0.04828068	0.09263068	0.00215773	-0.00771552	-0.01166341
4.216650	0.09380434	-0.04838699	0.09251662	0.00235082	-0.00440165	-0.01514295
4.233316	0.09386658	-0.04829757	0.09232356	0.00288596	0.00056923	-0.01874089
4.249983	0.09394236	-0.04822470	0.09191211	0.00349672	0.00438465	-0.02328442
4.266650	0.09405260	-0.04809624	0.09142622	0.00339129	0.00526216	-0.02873324
4.283317	0.09408264	-0.04803603	0.09089929	0.00259378	0.00569495	-0.03297677
4.299983	0.09410714	-0.04796774	0.09034926	0.00145753	0.00620669	-0.03497588
4.316649	0.09411134	-0.04785772	0.08973159	0.00041831	0.00606005	-0.03628793
4.333316	0.09412095	-0.04771770	0.08906109	-0.00009902	0.00608853	-0.03756251
4.349983	0.09411944	-0.04758254	0.08846934	-0.00024453	0.00625793	-0.03875293
4.366650	0.09409831	-0.04753783	0.08781187	0.00080772	0.00534930	-0.03996637
4.383316	0.09408785	-0.04745157	0.08717807	0.00240457	0.00236188	-0.04231916
4.399982	0.09411822	-0.04735941	0.08644063	0.00378208	-0.00100142	-0.04506069
4.416649	0.09426295	-0.04737237	0.08566622	0.00444906	-0.00231217	-0.04569992
4.433316	0.09437332	-0.04754247	0.08480609	0.00475938	-0.00275447	-0.04439666
4.449982	0.09445808	-0.04770008	0.08401471	0.00477342	-0.00333802	-0.04160789
4.466649	0.09445918	-0.04765069	0.08341026	0.00477852	-0.00316670	-0.03810331
4.483315	0.09453291	-0.04761694	0.08284904	0.00593072	-0.00184909	-0.03413076
4.499982	0.09464613	-0.04765217	0.08234413	0.00800903	-0.00149903	-0.03158339
4.516649	0.09481350	-0.04776669	0.08178604	0.00987787	-0.00204011	-0.02999612
4.533315	0.09502816	-0.04780411	0.08131461	0.01005210	-0.00308893	-0.02855062
4.549982	0.09521713	-0.04781944	0.08082195	0.00872742	-0.00453588	-0.02665024
4.566648	0.09538017	-0.04780307	0.08043340	0.00653515	-0.00635030	-0.02400918
4.583315	0.09543509	-0.04799217	0.08001252	0.00463059	-0.00826461	-0.02099664
4.599982	0.09545699	-0.04819174	0.07969413	0.00391395	-0.00917880	-0.01775424
4.616648	0.09548067	-0.04843744	0.07941574	0.00409567	-0.00866770	-0.01474312
4.633315	0.09556492	-0.04853792	0.07922707	0.00461092	-0.00637305	-0.01141046
4.649981	0.09570798	-0.04857616	0.07906578	0.00449525	-0.00384653	-0.00833507
4.666648	0.09579772	-0.04862093	0.07892837	0.00317053	-0.00242473	-0.00607832
4.683315	0.09584667	-0.04861837	0.07886941	0.00034019	-0.00260544	-0.00441233
4.699981	0.09580825	-0.04867910	0.07883164	-0.00321315	-0.00382287	-0.00228678
4.716648	0.09572764	-0.04874074	0.07878476	-0.00738527	-0.00579553	0.00066899
4.733315	0.09557977	-0.04883619	0.07878375	-0.01252854	-0.00669363	0.00550097
4.749981	0.09537169	-0.04901376	0.07885437	-0.01827675	-0.00495313	0.01320688
4.766648	0.09501763	-0.04916283	0.07910633	-0.02335654	-0.00111949	0.02318600
4.783314	0.09453610	-0.04918469	0.07958499	-0.02623144	0.00406522	0.03338782
4.799981	0.09397343	-0.04900448	0.08028992	-0.02575691	0.00917585	0.04186133
4.816648	0.09350052	-0.04872393	0.08114946	-0.02235831	0.01321768	0.04813858
4.833314	0.09316602	-0.04844911	0.08201099	-0.01700062	0.01555883	0.05273970
4.849981	0.09300888	-0.04822597	0.08286955	-0.01106155	0.01646903	0.05575079
4.866647	0.09287122	-0.04796217	0.08379702	-0.00570530	0.01698214	0.05670700
4.883314	0.09282170	-0.04767095	0.08482169	-0.00180305	0.01727102	0.05539156
4.899981	0.09279353	-0.04732707	0.08585316	-0.00053507	0.01581511	0.05180383
4.916647	0.09288130	-0.04702785	0.08669675	-0.00218295	0.01153511	0.04718665
4.933314	0.09292363	-0.04681471	0.08735739	-0.00584057	0.00738640	0.04360920
4.949980	0.09279155	-0.04680216	0.08791717	-0.00913769	0.00528703	0.04153957
4.966647	0.09248737	-0.04690836	0.08858819	-0.01005203	0.00333728	0.03853444
4.983314	0.09216349	-0.04681545	0.08938579	-0.00730610	-0.00054630	0.03221200
4.999980	0.09205068	-0.04665483	0.09006160	-0.00199993	-0.00445952	0.02313943
5.016647	0.09217113	-0.04667178	0.09033363	0.00338399	-0.00749950	0.01261168
5.033313	0.09239162	-0.04703939	0.09023751	0.00649391	-0.01044270	0.00270934
5.049980	0.09255691	-0.04739508	0.09008755	0.00701479	-0.01101601	-0.00355394
5.066647	0.09260289	-0.04756657	0.09000832	0.00649608	-0.00814510	-0.00536898
5.083313	0.09262903	-0.04758302	0.08998282	0.00601745	-0.00432754	-0.00516689
5.099980	0.09273195	-0.04749739	0.08993112	0.00605019	-0.00332849	-0.00564000
5.116646	0.09291182	-0.04754888	0.08980000	0.00603332	-0.00379694	-0.00651519
5.133313	0.09304984	-0.04766744	0.08965547	0.00508825	-0.00367706	-0.00727299
5.149980	0.09311625	-0.04788634	0.08949046	0.00432512	-0.00408010	-0.00945374
5.166646	0.09310259	-0.04789014	0.08941092	0.00566038	-0.00547128	-0.01487894
5.183313	0.09311438	-0.04781646	0.08925035	0.00924833	-0.00785557	-0.02367875
5.199979	0.09330194	-0.04793549	0.08882184	0.01347610	-0.01121199	-0.03391518
5.216646	0.09365874	-0.04821986	0.08806844	0.01704524	-0.01547192	-0.04295787
5.233313	0.09406681	-0.04866912	0.08709403	0.01887739	-0.01855466	-0.04938138
5.249979	0.09438080	-0.04899441	0.08618355	0.01829430	-0.01934825	-0.05306712
5.266646	0.09463105	-0.04926140	0.08538577	0.01602760	-0.01826014	-0.05356638
5.283312	0.09487017	-0.04952538	0.08453204	0.01419364	-0.01606139	-0.05194744
5.299979	0.09509759	-0.04980478	0.08359650	0.01332802	-0.01456320	-0.05042539
5.316646	0.09530586	-0.05009962	0.08269341	0.01292476	-0.01324415	-0.04907151
5.333312	0.09553019	-0.05025253	0.08193129	0.01320088	-0.01196249	-0.04645489
5.349979	0.09571767	-0.05043546	0.08123485	0.01398241	-0.00941504	-0.04230821
5.366645	0.09595514	-0.05055691	0.08053534	0.01427347	-0.00726682	-0.03816757
5.383312	0.09622432	-0.05074161	0.07988672	0.01438843	-0.00664326	-0.03479953
5.399979	0.09650010	-0.05074154	0.07935403	0.01447646	-0.00666165	-0.03179548
5.416645	0.09670963	-0.05085745	0.07889203	0.01412691	-0.00798840	-0.02968315
5.433312	0.09693358	-0.05095994	0.07846137	0.01297121	-0.01092176	-0.02909806
5.449978	0.09714004	-0.05117764	0.07798479	0.01126473	-0.01438837	-0.02900947
5.466645	0.09737404	-0.05149154	0.07745337	0.01014073	-0.01628783	-0.02874523
5.483312	0.09749983	-0.05182320	0.07692341	0.00962537	-0.01628608	-0.02767998
5.499978	0.09759975	-0.05213620	0.07649249	0.00913564	-0.01424139	-0.02488649
5.516645	0.09774803	-0.05234450	0.07609287	0.00847902	-0.00990950	-0.02033681
5.533311	0.09793171	-0.05245120	0.07578426	0.00777162	-0.00461834	-0.01535958
5.549978	0.09810142	-0.05253356	0.07554983	0.00685862	0.00042563	-0.01103417
5.566645	0.09818318	-0.05240614	0.07545000	0.00513164	0.00446465	-0.00759321
5.583311	0.09820448	-0.05232773	0.07539115	0.00247263	0.00812925	-0.00478676
5.599978	0.09826569	-0.05210546	0.07533282	-0.00030428	0.01023025	-0.00240025
5.616644	0.09824651	-0.05196142	0.07526188	-0.00335914	0.01168388	0.00106357
5.633311	0.09819227	-0.05170495	0.07526709	-0.00742781	0.01412680	0.00674653
5.649978	0.09803216	-0.05154559	0.07536077	-0.01174123	0.01619757	0.01316221
5.666644	0.09777258	-0.05122360	0.07570999	-0.01538834	0.01679058	0.01912046
5.683311	0.09745343	-0.05086525	0.07615937	-0.01866169	0.01583484	0.02524244
5.699977	0.09711636	-0.05053856	0.07662251	-0.02163884	0.01537541	0.03167072
5.716644	0.09676882	-0.05036527	0.07709645	-0.02325894	0.01541248	0.03757611
5.733311	0.09635733	-0.05023860	0.07774357	-0.02311168	0.01605176	0.04250297
5.749977	0.09587663	-0.04995470	0.07859209	-0.02118242	0.01741174	0.04628189
5.766644	0.09552030	-0.04954890	0.07951353	-0.01765984	0.01936069	0.04796430
5.783310	0.09524618	-0.04916116	0.08031778	-0.01231470	0.02014144	0.04672594
5.799977	0.09515333	-0.04882973	0.08105766	-0.00704355	0.01912037	0.04375095
5.816644	0.09507302	-0.04857593	0.08170275	-0.00321151	0.01707382	0.04094516
5.833310	0.09510795	-0.04830518	0.08237536	-0.00099015	0.01450256	0.03940504
5.849977	0.09507969	-0.04804059	0.08302376	-0.00013553	0.01168220	0.03914625
5.866643	0.09510888	-0.04783942	0.08366249	-0.00038833	0.00858226	0.03984124
5.883310	0.09508791	-0.04774251	0.08431400	-0.00175287	0.00507515	0.04052763
5.899977	0.09508467	-0.04772402	0.08499482	-0.00307859	0.00194684	0.04036267
5.916643	0.09500451	-0.04773535	0.08572327	-0.00367729	-0.00121160	0.03824286
5.933310	0.09489091	-0.04775787	0.08640633	-0.00275628	-0.00480343	0.03389111
5.949976	0.09480432	-0.04779848	0.08695632	-0.00102368	-0.00813819	0.02867911
5.966643	0.09481657	-0.04799337	0.08733831	0.00114121	-0.00991564	0.02428821
5.983310	0.09491952	-0.04826434	0.08759645	0.00293815	-0.00969367	0.02119590
5.999976	0.09500960	-0.04851100	0.08792000	0.00342337	-0.00726021	0.01950659
6.016643	0.09506541	-0.04858072	0.08829154	0.00216150	-0.00283978	0.01881875
6.033309	0.09508546	-0.04853207	0.08864021	0.00014242	0.00230932	0.01774392
6.049976	0.09506278	-0.04841920	0.08892965	-0.00148070	0.00517883	0.01497941
6.066643	0.09501338	-0.04829727	0.08913138	-0.00223954	0.00477701	0.01077522
6.083309	0.09494781	-0.04814888	0.08930130	-0.00256562	0.00309783	0.00611501
6.099976	0.09490127	-0.04815990	0.08936969	-0.00206110	0.00020832	0.00100088
6.116642	0.09489071	-0.04819746	0.08934201	-0.00071921	-0.00344714	-0.00501653
6.133309	0.09485188	-0.04827042	0.08923279	0.00130117	-0.00737640	-0.01151145
6.149976	0.09490331	-0.04843214	0.08897274	0.00385427	-0.01040349	-0.01808576
6.166642	0.09495687	-0.04859442	0.08861045	0.00717103	-0.01321783	-0.02543355
6.183309	0.09512442	-0.04892435	0.08813670	0.00976700	-0.01489004	-0.03265755
6.199975	0.09532526	-0.04915615	0.08754508	0.01011152	-0.01480548	-0.03733996
6.216642	0.09559244	-0.04948364	0.08679985	0.00854570	-0.01260198	-0.03791053
6.233309	0.09573489	-0.04965334	0.08603000	0.00600780	-0.00918414	-0.03507475
6.249975	0.09576042	-0.04978654	0.08543511	0.00337036	-0.00544943	-0.03074647
6.266642	0.09571805	-0.04979895	0.08508316	0.00094060	-0.00109299	-0.02609729
6.283309	0.09572852	-0.04980004	0.08479609	0.00005286	0.00214056	-0.02281239
6.299975	0.09575932	-0.04973679	0.08443191	0.00035092	0.00409264	-0.02251988
6.316642	0.09576169	-0.04960870	0.08401152	0.00082516	0.00469547	-0.02459525
6.333308	0.09577264	-0.04950920	0.08357663	0.00108839	0.00354604	-0.02813332
6.349975	0.09577135	-0.04943237	0.08312476	0.00132893	0.00093395	-0.03192274
6.366642	0.09580892	-0.04942990	0.08261608	0.00110913	-0.00186208	-0.03456915
6.383308	0.09585793	-0.04955257	0.08191658	0.00035882	-0.00310644	-0.03534912
6.399975	0.09587304	-0.04964090	0.08123566	-0.00070732	-0.00232658	-0.03391171
6.416641	0.09583270	-0.04974935	0.08064072	-0.00153427	-0.00091499	-0.03086907
6.433308	0.09576371	-0.04966099	0.08022675	-0.00140276	-0.00051130	-0.02754163
6.449975	0.09570591	-0.04957268	0.07990380	0.00021696	-0.00146241	-0.02531464
6.466641	0.09573065	-0.04958559	0.07949202	0.00262142	-0.00362372	-0.02423143
6.483308	0.09580313	-0.04972786	0.07904468	0.00447011	-0.00567750	-0.02298666
6.499974	0.09595820	-0.04993521	0.07858617	0.00546253	-0.00597926	-0.02024826
6.516641	0.09606306	-0.05007545	0.07824712	0.00535706	-0.00528990	-0.01658904
6.533308	0.09612854	-0.05006431	0.07808674	0.00406051	-0.00470642	-0.01346478
6.549974	0.09618881	-0.05006497	0.07795653	0.00184231	-0.00475589	-0.01109396
6.566641	0.09620636	-0.05013125	0.07780444	-0.00018299	-0.00618749	-0.01004141
6.583307	0.09620833	-0.05033318	0.07756192	-0.00291412	-0.00715674	-0.00790379
6.599974	0.09611832	-0.05049925	0.07739620	-0.00784225	-0.00552699	-0.00217081
6.616641	0.09602103	-0.05065722	0.07729473	-0.01480369	0.00019768	0.00738642
6.633307	0.09575605	-0.05059649	0.07752161	-0.02157942	0.00744236	0.01754190
6.649974	0.09528323	-0.05042186	0.07797094	-0.02671845	0.01375757	0.02598616
6.666640	0.09466682	-0.04996808	0.07864584	-0.03075839	0.01832042	0.03297849
6.683307	0.09410215	-0.04964399	0.07919770	-0.03266448	0.02054269	0.03872436
6.699974	0.09361968	-0.04926665	0.07978465	-0.03040635	0.01960904	0.04278524
6.716640	0.09309328	-0.04899828	0.08049158	-0.02431730	0.01686324	0.04524558
6.733307	0.09260854	-0.04867597	0.08141012	-0.01744352	0.01482349	0.04706062
6.749973	0.09237015	-0.04849269	0.08229542	-0.01154438	0.01194048	0.04684187
6.766640	0.09237165	-0.04830234	0.08306386	-0.00699799	0.00830588	0.04473998
6.783307	0.09242125	-0.04815650	0.08371053	-0.00418341	0.00517335	0.04232587
6.799973	0.09233084	-0.04813464	0.08432583	-0.00332793	0.00398500	0.04095485
6.816640	0.09215748	-0.04814151	0.08502309	-0.00405473	0.00266456	0.04028112
6.833306	0.09207222	-0.04812199	0.08576007	-0.00500547	0.00222797	0.04112975
6.849973	0.09207440	-0.04800313	0.08644716	-0.00563985	0.00387827	0.04317747
6.866640	0.09203389	-0.04798635	0.08707847	-0.00565296	0.00636167	0.04406045
6.883306	0.09189135	-0.04788447	0.08783879	-0.00529966	0.00719002	0.04207247
6.899973	0.09167210	-0.04772656	0.08867688	-0.00495872	0.00615445	0.03887017
6.916639	0.09162528	-0.04751446	0.08938205	-0.00414556	0.00478202	0.03614172
6.933306	0.09164054	-0.04745745	0.08980420	-0.00272528	0.00350246	0.03343714
6.949973	0.09165324	-0.04751876	0.09020538	-0.00120450	0.00272853	0.02996468
6.966639	0.09159552	-0.04755359	0.09073412	-0.00026710	0.00129270	0.02524252
6.983306	0.09151614	-0.04746517	0.09133390	0.00082087	-0.00170327	0.01877799
6.999972	0.09156883	-0.04733862	0.09168467	0.00193802	-0.00601916	0.01025420
7.016639	0.09165420	-0.04745617	0.09166171	0.00306891	-0.00920221	0.00100498
7.033306	0.09177689	-0.04783301	0.09142668	0.00324549	-0.01067076	-0.00666323
7.049972	0.09179260	-0.04821703	0.09120522	0.00294809	-0.01058318	-0.01156730
7.066639	0.09180941	-0.04829124	0.09106901	0.00422222	-0.00897780	-0.01620720
7.083305	0.09180850	-0.04824869	0.09090202	0.00717993	-0.00794740	-0.02384337
7.099972	0.09194255	-0.04827496	0.09052122	0.01007218	-0.00953309	-0.03413877
7.116639	0.09223168	-0.04852575	0.08979678	0.01109869	-0.01275205	-0.04284227
7.133305	0.09253255	-0.04890996	0.08880232	0.01074788	-0.01464941	-0.04677362
7.149971	0.09270437	-0.04922483	0.08782311	0.00927724	-0.01349581	-0.04557624
7.166638	0.09272572	-0.04940851	0.08712866	0.00793382	-0.01074799	-0.04138273
7.183305	0.09278913	-0.04948389	0.08663111	0.00816624	-0.00824131	-0.03659225
7.199972	0.09293561	-0.04952401	0.08617177	0.01095813	-0.00651528	-0.03407421
7.216638	0.09319158	-0.04970477	0.08554602	0.01380151	-0.00455193	-0.03434739
7.233305	0.09346510	-0.04981949	0.08492681	0.01472110	-0.00204175	-0.03559778
7.249971	0.09379404	-0.04989520	0.08427776	0.01373796	0.00083397	-0.03603860
7.266638	0.09397528	-0.04974307	0.08373089	0.01196393	0.00301688	-0.03494984
7.283305	0.09415474	-0.04959846	0.08315710	0.01007918	0.00311527	-0.03345283
7.299971	0.09423909	-0.04951182	0.08259000	0.00857066	0.00033461	-0.03209209
7.316638	0.09440765	-0.04956475	0.08207056	0.00795457	-0.00447091	-0.03120200
7.333304	0.09454142	-0.04970381	0.08155625	0.00773742	-0.00863593	-0.02968729
7.349971	0.09467766	-0.04992843	0.08109523	0.00777274	-0.01108865	-0.02794772
7.366638	0.09478974	-0.05014555	0.08060522	0.00725887	-0.01128959	-0.02610314
7.383304	0.09489886	-0.05035944	0.08020081	0.00635369	-0.00970248	-0.02379520
7.399971	0.09503118	-0.05050663	0.07980640	0.00509231	-0.00683212	-0.02074358
7.416637	0.09511704	-0.05059458	0.07948239	0.00408334	-0.00334553	-0.01737534
7.433304	0.09515294	-0.05061985	0.07922096	0.00346044	-0.00006210	-0.01512861
7.449971	0.09516890	-0.05057668	0.07902756	0.00378182	0.00132205	-0.01448987
7.466637	0.09521201	-0.05049436	0.07885469	0.00502406	-0.00025703	-0.01544303
7.483304	0.09531845	-0.05043200	0.07858939	0.00578659	-0.00370210	-0.01638337
7.499970	0.09548032	-0.05052314	0.07824652	0.00428295	-0.00796321	-0.01494834
7.516637	0.09561184	-0.05078439	0.07788699	-0.00103057	-0.01048545	-0.00794932
7.533304	0.09561277	-0.05104598	0.07769911	-0.01044933	-0.00761996	0.00540795
7.549970	0.09538168	-0.05130046	0.07783680	-0.02216922	0.00269457	0.02321938
7.566637	0.09487155	-0.05123200	0.07844725	-0.03341788	0.01547155	0.04109145
7.583303	0.09412608	-0.05081128	0.07940441	-0.04175288	0.02726755	0.05670428
7.599970	0.09328321	-0.04997559	0.08060735	-0.04569727	0.03669999	0.06899633
7.616637	0.09244881	-0.04929598	0.08176972	-0.04429805	0.04207292	0.07650446
7.633303	0.09170569	-0.04857228	0.08312424	-0.03811270	0.03959519	0.07819817
7.649970	0.09107338	-0.04796094	0.08452889	-0.02929002	0.03165451	0.07539947
7.666636	0.09066802	-0.04726615	0.08592092	-0.01964744	0.02343358	0.07040852
7.683303	0.09046316	-0.04706300	0.08700284	-0.01025521	0.01478885	0.06371988
7.699970	0.09041269	-0.04695809	0.08787426	-0.00213590	0.00517847	0.05638238
7.716636	0.09046068	-0.04701843	0.08870873	0.00332536	-0.00235290	0.05011500
7.733303	0.09057315	-0.04706486	0.08954840	0.00590319	-0.00512654	0.04587676
7.749969	0.09074298	-0.04724338	0.09032445	0.00660578	-0.00572205	0.04165114
7.766636	0.09086736	-0.04736354	0.09099755	0.00673140	-0.00442622	0.03622617
7.783302	0.09094154	-0.04744572	0.09152776	0.00686879	-0.00140407	0.02882004
7.799969	0.09101409	-0.04743164	0.09196606	0.00678218	0.00134755	0.01982067
7.816636	0.09113912	-0.04734814	0.09227848	0.00708437	0.00054607	0.01040951
7.833302	0.09131809	-0.04720492	0.09235672	0.00813346	-0.00234100	0.00166525
7.849969	0.09143259	-0.04725992	0.09225664	0.00988659	-0.00604200	-0.00695172
7.866635	0.09157589	-0.04751543	0.09201666	0.01136266	-0.01073175	-0.01525829
7.883302	0.09175168	-0.04777873	0.09176046	0.01233620	-0.01442976	-0.02214619
7.899969	0.09204407	-0.04802840	0.09133729	0.01329245	-0.01455873	-0.02704665
7.916636	0.09229534	-0.04828476	0.09079195	0.01383005	-0.01308858	-0.03138115
7.933302	0.09250809	-0.04850188	0.09017872	0.01348680	-0.01244699	-0.03590829
7.949968	0.09270369	-0.04865796	0.08960505	0.01178973	-0.01257175	-0.03888302
7.966635	0.09290501	-0.04883160	0.08894505	0.01007471	-0.01193126	-0.03986803
7.983302	0.09310691	-0.04906576	0.08820704	0.00865526	-0.01076533	-0.03969126
7.999969	0.09319402	-0.04932699	0.08749195	0.00753771	-0.00941586	-0.03940311
8.016635	0.09329536	-0.04943443	0.08686544	0.00682729	-0.00764460	-0.03869441
8.033301	0.09336790	-0.04951267	0.08631042	0.00768050	-0.00525071	-0.03829464
8.049968	0.09351152	-0.04953494	0.08568097	0.00994794	-0.00341119	-0.03927306
8.066635	0.09367677	-0.04962386	0.08501232	0.01183555	-0.00276094	-0.04206119
8.083302	0.09393745	-0.04965777	0.08426899	0.01229868	-0.00324392	-0.04511128
8.099968	0.09420160	-0.04970249	0.08350006	0.01086202	-0.00489965	-0.04666440
8.116634	0.09439751	-0.04973543	0.08265979	0.00820167	-0.00570722	-0.04523876
8.133301	0.09448352	-0.04987901	0.08185307	0.00541689	-0.00578566	-0.04109592
8.149968	0.09448340	-0.05007963	0.08113886	0.00425579	-0.00533127	-0.03538518
8.166635	0.09449606	-0.05013427	0.08067428	0.00471177	-0.00506219	-0.02895523
8.183301	0.09458440	-0.05017700	0.08028940	0.00550753	-0.00440460	-0.02306277
8.199967	0.09476399	-0.05015097	0.07999148	0.00624175	-0.00446310	-0.01922943
8.216634	0.09491400	-0.05030162	0.07968011	0.00587551	-0.00605079	-0.01776803
8.233301	0.09496751	-0.05040991	0.07941595	0.00401014	-0.00842917	-0.01678689
8.249968	0.09502430	-0.05058420	0.07913443	0.00131347	-0.00953734	-0.01510257
8.266634	0.09499834	-0.05075261	0.07885237	-0.00035487	-0.00824026	-0.01306941
8.283300	0.09499957	-0.05094880	0.07864419	-0.00015196	-0.00635865	-0.01200397
8.299967	0.09492221	-0.05103689	0.07851657	0.00123546	-0.00451025	-0.01162094
8.316634	0.09494631	-0.05102884	0.07837956	0.00333221	-0.00337073	-0.01179972
8.333301	0.09505259	-0.05102565	0.07815155	0.00456599	-0.00332642	-0.01182557
8.349967	0.09519191	-0.05108139	0.07788507	0.00387219	-0.00480663	-0.01097069
8.366633	0.09533845	-0.05121133	0.07765014	-0.00073802	-0.00628209	-0.00675931
8.383300	0.09528887	-0.05136396	0.07756957	-0.00868022	-0.00567157	0.00158955
8.399967	0.09512577	-0.05150058	0.07758496	-0.01786306	-0.00216222	0.01247690
8.416634	0.09466442	-0.05154808	0.07792500	-0.02537547	0.00301156	0.02332879
8.433300	0.09410212	-0.05143160	0.07844312	-0.02924338	0.00848187	0.03309185
8.449966	0.09349365	-0.05117641	0.07917551	-0.02950620	0.01371771	0.04096897
8.466633	0.09299812	-0.05088647	0.07990342	-0.02597327	0.01670732	0.04552785
8.483300	0.09264200	-0.05057531	0.08071269	-0.01985170	0.01647557	0.04686810
8.499967	0.09233087	-0.05024535	0.08153888	-0.01231090	0.01433577	0.04610176
8.516633	0.09217767	-0.05003071	0.08233210	-0.00576521	0.01151268	0.04459894
8.533299	0.09214479	-0.04988383	0.08304024	-0.00192498	0.00879626	0.04245562
8.549966	0.09227046	-0.04981036	0.08369783	-0.00047047	0.00662773	0.04070633
8.566633	0.09234169	-0.04973083	0.08433626	0.00013065	0.00644392	0.04008070
8.583300	0.09224895	-0.04960630	0.08500099	0.00050381	0.00727843	0.04036006
8.599966	0.09215456	-0.04951841	0.08568182	0.00021882	0.00755093	0.04066711
8.616632	0.09218018	-0.04929666	0.08639315	0.00113488	0.00656062	0.04057747
8.633299	0.09230781	-0.04919690	0.08707347	0.00411978	0.00460185	0.03941443
8.649966	0.09237029	-0.04911716	0.08772675	0.00710367	0.00141988	0.03658801
8.666633	0.09245624	-0.04915461	0.08834407	0.00803355	-0.00271331	0.03190351
8.683299	0.09263380	-0.04923493	0.08886358	0.00758591	-0.00630027	0.02640876
8.699965	0.09283781	-0.04936600	0.08926234	0.00750846	-0.00940526	0.02111369
8.716632	0.09295505	-0.04956942	0.08949918	0.00761858	-0.01162580	0.01650191
8.733299	0.09299153	-0.04978034	0.08970593	0.00801082	-0.01266715	0.01253733
8.749966	0.09309196	-0.05003497	0.08990046	0.00920471	-0.01292599	0.00879351
8.766632	0.09327678	-0.05026193	0.09007347	0.01078412	-0.01296978	0.00401111
8.783298	0.09354899	-0.05042864	0.09014532	0.01211365	-0.01155320	-0.00232776
8.799965	0.09378754	-0.05064949	0.09005555	0.01246487	-0.00888442	-0.00992306
8.816631	0.09394941	-0.05082624	0.08977827	0.01206406	-0.00639793	-0.01813851
8.833299	0.09412935	-0.05088435	0.08940712	0.01147696	-0.00486653	-0.02582448
8.849965	0.09429752	-0.05089595	0.08889760	0.01116850	-0.00348504	-0.03212480
8.866632	0.09453329	-0.05088219	0.08831170	0.01115476	-0.00290786	-0.03684222
8.883298	0.09472182	-0.05101525	0.08762100	0.01075197	-0.00278437	-0.04011334
8.899964	0.09488219	-0.05106097	0.08690124	0.00961963	-0.00356810	-0.04183834
8.916632	0.09504612	-0.05114912	0.08618453	0.00808510	-0.00532083	-0.04212586
8.933298	0.09515525	-0.05111876	0.08547700	0.00713470	-0.00672099	-0.04081601
8.949965	0.09526986	-0.05127605	0.08479949	0.00666949	-0.00670346	-0.03909797
8.966631	0.09534539	-0.05149922	0.08415215	0.00655128	-0.00521464	-0.03766660
8.983297	0.09546041	-0.05166215	0.08358023	0.00607117	-0.00404920	-0.03671433
8.999965	0.09558728	-0.05163014	0.08298356	0.00521476	-0.00201163	-0.03575004
9.016631	0.09569812	-0.05150661	0.08238956	0.00398351	0.00101423	-0.03442826
9.033298	0.09572881	-0.05154232	0.08176790	0.00243356	0.00301606	-0.03279561
9.049964	0.09574570	-0.05154803	0.08123398	0.00127789	0.00318633	-0.03080421
9.066630	0.09571749	-0.05146826	0.08076918	0.00109427	0.00366490	-0.02821058
9.083298	0.09574640	-0.05136252	0.08033863	0.00218199	0.00390215	-0.02657729
9.099964	0.09577761	-0.05124331	0.07991131	0.00409243	0.00208077	-0.02657484
9.116631	0.09586409	-0.05120603	0.07952087	0.00610093	-0.00120001	-0.02715159
9.133297	0.09599569	-0.05128330	0.07901248	0.00755086	-0.00565073	-0.02762373
9.149963	0.09615265	-0.05142656	0.07854496	0.00834845	-0.01048163	-0.02730514
9.166631	0.09631456	-0.05163462	0.07804032	0.00824030	-0.01417980	-0.02581159
9.183297	0.09644976	-0.05192073	0.07762647	0.00768422	-0.01504416	-0.02269948
9.199964	0.09656049	-0.05224378	0.07728696	0.00672853	-0.01295635	-0.01893166
9.216630	0.09665906	-0.05253612	0.07698464	0.00526132	-0.00890063	-0.01503380
9.233296	0.09675830	-0.05260363	0.07680886	0.00351293	-0.00353269	-0.01125787
9.249964	0.09681714	-0.05256203	0.07662615	0.00147373	0.00194297	-0.00696271
9.266630	0.09681553	-0.05244279	0.07653438	-0.00075653	0.00480076	-0.00287743
9.283297	0.09677210	-0.05231218	0.07651324	-0.00382764	0.00417705	0.00126750
9.299963	0.09668524	-0.05220914	0.07659568	-0.00816129	0.00255696	0.00707529
9.316629	0.09658331	-0.05221440	0.07672445	-0.01394493	0.00280817	0.01491471
9.333297	0.09632027	-0.05228092	0.07696371	-0.02100450	0.00534646	0.02417399
9.349963	0.09591398	-0.05225466	0.07742810	-0.02775564	0.00957089	0.03327949
9.366630	0.09531956	-0.05197369	0.07814106	-0.03190679	0.01442364	0.04122337
9.383296	0.09464836	-0.05161186	0.07899428	-0.03178091	0.01907343	0.04732780
9.399962	0.09406346	-0.05119871	0.07984170	-0.02838045	0.02222746	0.05111293
9.416630	0.09363115	-0.05089955	0.08066719	-0.02302469	0.02317374	0.05295193
9.433296	0.09339481	-0.05049611	0.08155154	-0.01716188	0.02275126	0.05381061
9.449963	0.09316216	-0.05008334	0.08248485	-0.01249374	0.02177608	0.05469150
9.466629	0.09298177	-0.04967814	0.08344851	-0.01024038	0.01918990	0.05554575
9.483295	0.09283917	-0.04936232	0.08435266	-0.00966814	0.01408854	0.05615048
9.499963	0.09271407	-0.04915033	0.08526947	-0.00799268	0.00855751	0.05601436
9.516629	0.09256551	-0.04910668	0.08619881	-0.00486037	0.00382172	0.05454710
9.533296	0.09240212	-0.04913913	0.08717503	-0.00213505	-0.00070317	0.05123132
9.549962	0.09244175	-0.04918042	0.08805779	-0.00084762	-0.00509486	0.04667922
9.566628	0.09256046	-0.04921557	0.08878741	-0.00037525	-0.00775851	0.04190126
9.583296	0.09260324	-0.04940492	0.08934036	0.00031438	-0.00791974	0.03680493
9.599962	0.09251400	-0.04965618	0.08989802	0.00056047	-0.00653534	0.03197448
9.616629	0.09239201	-0.04981963	0.09045219	0.00104938	-0.00458080	0.02762936
9.633295	0.09249628	-0.04977734	0.09092048	0.00305516	-0.00187659	0.02280065
9.649961	0.09260818	-0.04968831	0.09126253	0.00688172	0.00118573	0.01556660
9.666629	0.09276847	-0.04967673	0.09145355	0.01061164	0.00339381	0.00571126
9.683295	0.09290066	-0.04969036	0.09152439	0.01308819	0.00295378	-0.00560502
9.699962	0.09315245	-0.04961227	0.09135337	0.01602593	0.00196379	-0.01642431
9.716628	0.09347927	-0.04947907	0.09093377	0.01952611	0.00268889	-0.02559825
9.733294	0.09381391	-0.04950850	0.09032631	0.02149911	0.00501696	-0.03218522
9.749962	0.09424116	-0.04949111	0.08969673	0.02013967	0.00550978	-0.03577220
9.766628	0.09464120	-0.04939441	0.08908430	0.01669294	0.00469413	-0.03673512
9.783295	0.09491335	-0.04910999	0.08850936	0.01235259	0.00455949	-0.03578196
9.799961	0.09501787	-0.04909397	0.08788668	0.00747166	0.00402175	-0.03456479
9.816628	0.09503048	-0.04910254	0.08730079	0.00411836	0.00147934	-0.03437342
9.833295	0.09507341	-0.04915004	0.08676759	0.00298516	-0.00139183	-0.03485794
9.849961	0.09509166	-0.04910977	0.08623038	0.00298799	-0.00300751	-0.03514065
9.866628	0.09520398	-0.04915765	0.08561782	0.00269381	-0.00557913	-0.03547857
9.883294	0.09525507	-0.04925549	0.08497076	0.00261174	-0.00835336	-0.03538645
9.899961	0.09528974	-0.04945959	0.08436053	0.00342665	-0.00980945	-0.03449122
9.916628	0.09526979	-0.04972480	0.08380654	0.00413270	-0.00851741	-0.03232820
9.933294	0.09535015	-0.04989179	0.08331557	0.00500640	-0.00608154	-0.03014483
9.949961	0.09551727	-0.04994479	0.08281334	0.00607966	-0.00351790	-0.02914176
9.966627	0.09563461	-0.04985549	0.08238788	0.00691119	-0.00214244	-0.02915744
9.983294	0.09574837	-0.04987009	0.08189191	0.00678013	-0.00219748	-0.02868481
9.999961	0.09581717	-0.04992969	0.08139472	0.00645551	-0.00357732	-0.02759590
10.016627	0.09593307	-0.05008158	0.08087686	0.00691424	-0.00516774	-0.02641886
10.033294	0.09605979	-0.05015444	0.08048575	0.00781155	-0.00627151	-0.02516511
10.049960	0.09618525	-0.05024926	0.08012007	0.00893004	-0.00691171	-0.02385749
10.066627	0.09636200	-0.05032697	0.07975884	0.00960942	-0.00739490	-0.02246795
10.083294	0.09651030	-0.05050671	0.07933529	0.00989858	-0.00878166	-0.02140575
10.099960	0.09671822	-0.05065376	0.07896177	0.00941422	-0.00920920	-0.01885962
10.116627	0.09686405	-0.05083039	0.07865407	0.00752530	-0.00810481	-0.01456579
10.133293	0.09700853	-0.05101419	0.07842019	0.00420252	-0.00607919	-0.00955421
10.149960	0.09707084	-0.05105938	0.07835884	-0.00048910	-0.00481384	-0.00501579
10.166626	0.09701657	-0.05110300	0.07832728	-0.00608011	-0.00380111	-0.00012558
10.183293	0.09687548	-0.05108495	0.07837117	-0.01306491	-0.00368444	0.00561728
10.199960	0.09659756	-0.05121113	0.07841812	-0.02080400	-0.00388009	0.01252332
10.216626	0.09622675	-0.05128744	0.07865801	-0.02835363	-0.00282196	0.02056301
10.233293	0.09565581	-0.05140492	0.07908772	-0.03443355	0.00123587	0.02866808
10.249959	0.09497060	-0.05136937	0.07971328	-0.03864024	0.00757133	0.03597747
10.266626	0.09423403	-0.05121503	0.08041449	-0.03996220	0.01358490	0.04184441
10.283293	0.09355388	-0.05081891	0.08113174	-0.03737732	0.01839025	0.04626456
10.299959	0.09291029	-0.05042190	0.08190287	-0.03088907	0.02018549	0.04884020
10.316626	0.09241629	-0.05004160	0.08277617	-0.02146111	0.01905147	0.05045113
10.333292	0.09208439	-0.04974442	0.08368867	-0.01164940	0.01607059	0.05217483
10.349959	0.09204762	-0.04955306	0.08455249	-0.00392152	0.01149491	0.05266281
10.366626	0.09217428	-0.04935934	0.08539720	0.00056681	0.00552342	0.05119776
10.383292	0.09229583	-0.04924749	0.08630086	0.00218929	-0.00084918	0.04878212
10.399959	0.09229348	-0.04933633	0.08710752	0.00170023	-0.00696198	0.04691723
10.416625	0.09222456	-0.04954117	0.08786561	0.00063446	-0.01241776	0.04527181
10.433292	0.09221712	-0.04989119	0.08851480	0.00148137	-0.01568283	0.04324486
10.449959	0.09227529	-0.05015955	0.08925891	0.00574774	-0.01539203	0.04053624
10.466625	0.09234887	-0.05045715	0.08997488	0.01117729	-0.01217981	0.03727302
10.483292	0.09256813	-0.05064957	0.09062345	0.01450202	-0.00833718	0.03327688
10.499958	0.09293590	-0.05071850	0.09108920	0.01453085	-0.00534153	0.02786357
10.516625	0.09331816	-0.05072336	0.09148169	0.01279452	-0.00258808	0.02178126
10.533292	0.09351017	-0.05073288	0.09180360	0.01049083	0.00011673	0.01566521
10.549958	0.09348693	-0.05078130	0.09205548	0.00877209	0.00306086	0.00978381
10.566625	0.09354658	-0.05075838	0.09217010	0.00880509	0.00528589	0.00261159
10.583291	0.09372200	-0.05058777	0.09215405	0.01142499	0.00626401	-0.00589418
10.599958	0.09404100	-0.05036233	0.09201618	0.01648805	0.00704718	-0.01569907
10.616625	0.09432188	-0.05024263	0.09166864	0.02117709	0.00674873	-0.02580709
10.633291	0.09463771	-0.05023906	0.09117556	0.02365323	0.00459148	-0.03533999
10.649958	0.09513649	-0.05015587	0.09042532	0.02378458	0.00117437	-0.04290400
10.666624	0.09560689	-0.05011182	0.08961523	0.02239914	-0.00185222	-0.04760258
10.683291	0.09603659	-0.05010412	0.08871784	0.01829505	-0.00380866	-0.04910373
10.699958	0.09624197	-0.05029748	0.08789344	0.01090952	-0.00453247	-0.04736226
10.716624	0.09637822	-0.05046567	0.08710366	0.00300394	-0.00453340	-0.04434730
10.733291	0.09636592	-0.05053212	0.08639631	-0.00282196	-0.00357138	-0.04143422
10.749957	0.09618118	-0.05046853	0.08578764	-0.00602810	-0.00108013	-0.03897727
10.766624	0.09601290	-0.05047569	0.08515564	-0.00747970	0.00147345	-0.03626923
10.783291	0.09586277	-0.05048576	0.08454081	-0.00643934	0.00236529	-0.03449394
10.799957	0.09580566	-0.05045673	0.08396136	-0.00388527	0.00129765	-0.03371196
10.816624	0.09575529	-0.05033593	0.08347141	-0.00164767	0.00004852	-0.03328068
10.833290	0.09575748	-0.05031749	0.08293899	-0.00039563	-0.00058016	-0.03229027
10.849957	0.09578421	-0.05041899	0.08237675	-0.00025362	-0.00231049	-0.03088185
10.866624	0.09579207	-0.05052558	0.08178478	-0.00094246	-0.00502816	-0.02937507
10.883290	0.09578145	-0.05053830	0.08134637	-0.00202441	-0.00735036	-0.02767957
10.899957	0.09571540	-0.05066219	0.08094338	-0.00183136	-0.00905817	-0.02610787
10.916623	0.09563327	-0.05082183	0.08057532	0.00010200	-0.01021430	-0.02483020
10.933290	0.09560215	-0.05112343	0.08012445	0.00312296	-0.00925302	-0.02335319
10.949957	0.09571259	-0.05131048	0.07968025	0.00618423	-0.00574576	-0.02052587
10.966623	0.09590611	-0.05140113	0.07931995	0.00806245	-0.00099792	-0.01690581
10.983290	0.09611180	-0.05127775	0.07910923	0.00816348	0.00286312	-0.01325136
10.999956	0.09623719	-0.05113288	0.07900907	0.00642857	0.00417389	-0.01041066
11.016623	0.09629547	-0.05100113	0.07887382	0.00439947	0.00360474	-0.00866729
11.033290	0.09633465	-0.05101805	0.07870174	0.00314945	0.00132269	-0.00849153
11.049956	0.09634597	-0.05105003	0.07853327	0.00290052	-0.00055924	-0.00851892
11.066623	0.09642321	-0.05106940	0.07841417	0.00284256	-0.00121687	-0.00756829
11.083289	0.09647467	-0.05111389	0.07828272	0.00289527	-0.00077412	-0.00603946
11.099957	0.09654836	-0.05108356	0.07820204	0.00207336	-0.00022914	-0.00420248
11.116623	0.09655523	-0.05111125	0.07812874	-0.00162218	-0.00007985	-0.00061520
11.133289	0.09658031	-0.05108157	0.07811423	-0.00882081	-0.00064738	0.00621984
11.149956	0.09645987	-0.05108592	0.07818106	-0.01835327	-0.00147775	0.01503209
11.166622	0.09607784	-0.05112780	0.07849345	-0.02791632	-0.00242715	0.02379900
11.183290	0.09541479	-0.05118524	0.07907952	-0.03615163	-0.00285057	0.03158805
11.199956	0.09462635	-0.05125650	0.07975940	-0.04147878	0.00032634	0.03906589
11.216622	0.09389351	-0.05131854	0.08042839	-0.04279645	0.00784650	0.04529501
11.233289	0.09319992	-0.05123289	0.08111817	-0.04018274	0.01695163	0.04962147
11.249955	0.09253089	-0.05081945	0.08203357	-0.03528341	0.02416905	0.05257389
11.266623	0.09193202	-0.05014491	0.08304028	-0.02989851	0.02853336	0.05571923
11.283289	0.09147445	-0.04951564	0.08403385	-0.02546432	0.02871782	0.05821828
11.299955	0.09118007	-0.04911010	0.08491339	-0.02216322	0.02452385	0.05868797
11.316622	0.09090870	-0.04879685	0.08589968	-0.01965162	0.01783922	0.05773373
11.333288	0.09054910	-0.04858216	0.08690568	-0.01760102	0.01235559	0.05671702
11.349956	0.09019849	-0.04835781	0.08791277	-0.01532840	0.00927538	0.05556314
11.366622	0.08992140	-0.04830481	0.08877662	-0.01168621	0.00846805	0.05279792
11.383288	0.08980720	-0.04820104	0.08961441	-0.00631596	0.00909865	0.04782833
11.399955	0.08976179	-0.04810021	0.09041701	0.00012055	0.01022877	0.04024972
11.416621	0.08979201	-0.04782848	0.09112840	0.00616493	0.01062545	0.03111118
11.433289	0.08992925	-0.04758270	0.09159413	0.01042009	0.00790588	0.02097563
11.449955	0.09020006	-0.04739856	0.09175958	0.01230837	0.00204985	0.01148370
11.466621	0.09050970	-0.04741398	0.09179237	0.01219244	-0.00471564	0.00373581
11.483288	0.09073431	-0.04764753	0.09175118	0.01116183	-0.00955906	-0.00127044
11.499954	0.09081832	-0.04796241	0.09175505	0.01027696	-0.01170327	-0.00467574
11.516621	0.09091005	-0.04818831	0.09165842	0.01112521	-0.01015324	-0.00799987
11.533288	0.09108498	-0.04831244	0.09152613	0.01423841	-0.00627760	-0.01189270
11.549954	0.09138151	-0.04835746	0.09125170	0.01873620	-0.00386987	-0.01685481
11.566621	0.09177348	-0.04834018	0.09094388	0.02215621	-0.00462672	-0.02306172
11.583287	0.09218498	-0.04834825	0.09055237	0.02342420	-0.00495937	-0.02964795
11.599954	0.09264074	-0.04851654	0.09002163	0.02228407	-0.00256683	-0.03474957
11.616621	0.09299091	-0.04874838	0.08931179	0.01884103	-0.00169203	-0.03903810
11.633287	0.09331485	-0.04869426	0.08855782	0.01402927	-0.00279916	-0.04232933
11.649954	0.09349371	-0.04846175	0.08787098	0.00966851	-0.00368829	-0.04383127
11.666620	0.09357008	-0.04855400	0.08714890	0.00704053	-0.00460820	-0.04287476
11.683287	0.09360399	-0.04877899	0.08641902	0.00545083	-0.00696325	-0.04052908
11.699954	0.09368014	-0.04910501	0.08567155	0.00482002	-0.00861218	-0.03719080
11.716620	0.09382875	-0.04913384	0.08509261	0.00411981	-0.00796895	-0.03291434
11.733287	0.09391208	-0.04916470	0.08461015	0.00314934	-0.00586136	-0.02822608
11.749953	0.09395577	-0.04923184	0.08423574	0.00183833	-0.00425957	-0.02410120
11.766620	0.09389856	-0.04939272	0.08385660	0.00098367	-0.00280506	-0.02051399
11.783287	0.09390394	-0.04947406	0.08351755	0.00077691	0.00034765	-0.01673947
11.799953	0.09392207	-0.04947405	0.08321691	0.00092410	0.00355979	-0.01399821
11.816620	0.09399883	-0.04925624	0.08306590	0.00141260	0.00581265	-0.01263113
11.833286	0.09400914	-0.04907994	0.08296392	0.00256185	0.00608996	-0.01264339
11.849953	0.09400962	-0.04897757	0.08275875	0.00390751	0.00385180	-0.01409823
11.866620	0.09404404	-0.04897300	0.08247213	0.00504522	-0.00020418	-0.01667860
11.883286	0.09421450	-0.04902506	0.08211695	0.00613692	-0.00476012	-0.01878984
11.899953	0.09435374	-0.04911089	0.08178927	0.00694974	-0.00828083	-0.01930367
11.916619	0.09449264	-0.04927246	0.08147167	0.00710423	-0.01010580	-0.01941096
11.933286	0.09454093	-0.04955263	0.08115551	0.00713295	-0.00947483	-0.01996398
11.949953	0.09465594	-0.04973141	0.08087002	0.00757399	-0.00643595	-0.02080613
11.966619	0.09478325	-0.04988614	0.08047532	0.00822287	-0.00194649	-0.02132618
11.983286	0.09498259	-0.04976653	0.08009735	0.00878766	0.00097633	-0.02164447
11.999952	0.09513111	-0.04965626	0.07970292	0.00852517	0.00074679	-0.02094158
12.016619	0.09526936	-0.04953163	0.07937838	0.00771824	-0.00214004	-0.01866024
12.033286	0.09537244	-0.04966894	0.07906689	0.00627293	-0.00665541	-0.01588191
12.049953	0.09547165	-0.04989441	0.07882659	0.00437291	-0.01027957	-0.01269606
12.066619	0.09556346	-0.05015489	0.07865294	0.00168004	-0.01121103	-0.00833831
12.083285	0.09558136	-0.05035514	0.07851474	-0.00202716	-0.00942701	-0.00265089
12.099952	0.09552588	-0.05047859	0.07848106	-0.00753249	-0.00662272	0.00371718
12.116619	0.09536628	-0.05052161	0.07860883	-0.01449598	-0.00355051	0.01135965
12.133286	0.09509403	-0.05058187	0.07886543	-0.02212332	-0.00057942	0.02026987
12.149952	0.09464733	-0.05056186	0.07926670	-0.02955087	0.00237803	0.02883177
12.166618	0.09406368	-0.05054080	0.07982379	-0.03566379	0.00564637	0.03601189
12.183285	0.09336301	-0.05038926	0.08054224	-0.03882587	0.00868428	0.04151711
12.199952	0.09264232	-0.05020944	0.08131723	-0.03743298	0.00968456	0.04455141
12.216619	0.09195481	-0.04996350	0.08211164	-0.03263836	0.00833168	0.04542562
12.233285	0.09143175	-0.04978378	0.08287583	-0.02683277	0.00645754	0.04602022
12.249951	0.09112959	-0.04976213	0.08358569	-0.02192338	0.00562938	0.04792161
12.266618	0.09088709	-0.04979482	0.08434184	-0.01856722	0.00469280	0.04965254
12.283285	0.09062607	-0.04970730	0.08521338	-0.01720957	0.00479484	0.05048705
12.299952	0.09027632	-0.04952365	0.08619962	-0.01624024	0.00689174	0.05113301
12.316618	0.08996778	-0.04941376	0.08704336	-0.01370555	0.00927269	0.05180327
12.333284	0.08971573	-0.04928790	0.08782576	-0.00978287	0.00797675	0.05145343
12.349951	0.08963007	-0.04911965	0.08862026	-0.00547355	0.00341378	0.04965850
12.366618	0.08963373	-0.04892322	0.08954260	-0.00124533	-0.00048572	0.04715107
12.383285	0.08965038	-0.04905592	0.09041006	0.00271720	-0.00253826	0.04451151
12.399951	0.08968005	-0.04930300	0.09108936	0.00527831	-0.00361498	0.04214124
12.416617	0.08978594	-0.04943609	0.09163354	0.00663462	-0.00326644	0.03960472
12.433284	0.08997843	-0.04936362	0.09223556	0.00759422	-0.00040746	0.03673784
12.449951	0.09013401	-0.04924089	0.09294682	0.00827223	0.00263638	0.03364863
12.466618	0.09024254	-0.04922415	0.09359816	0.00828277	0.00487560	0.02999526
12.483284	0.09034421	-0.04919367	0.09401592	0.00838827	0.00660199	0.02375381
12.499950	0.09048539	-0.04912341	0.09429417	0.00849392	0.00822477	0.01480119
12.516617	0.09065936	-0.04887776	0.09450930	0.00814605	0.00813538	0.00543608
12.533284	0.09084973	-0.04863588	0.09456570	0.00728886	0.00562815	-0.00280124
12.549951	0.09093108	-0.04850293	0.09443220	0.00584463	0.00140587	-0.01050957
12.566617	0.09099942	-0.04862082	0.09411174	0.00415267	-0.00398509	-0.01752279
12.583283	0.09103017	-0.04880536	0.09374829	0.00234895	-0.00922933	-0.02271173
12.599950	0.09108188	-0.04899092	0.09332614	0.00215680	-0.01216424	-0.02576164
12.616617	0.09112107	-0.04918036	0.09287602	0.00373488	-0.01244477	-0.02792459
12.633284	0.09109073	-0.04943928	0.09239072	0.00663834	-0.01127177	-0.02916336
12.649950	0.09124508	-0.04964412	0.09188834	0.00897914	-0.00934394	-0.02888579
12.666616	0.09143918	-0.04981425	0.09134521	0.01097013	-0.00592221	-0.02760060
12.683283	0.09177013	-0.04983527	0.09090679	0.01204860	-0.00213441	-0.02671189
12.699950	0.09191810	-0.04985800	0.09050570	0.01240180	0.00042927	-0.02713013
12.716617	0.09209949	-0.04974037	0.09015169	0.01301402	0.00119595	-0.02877455
12.733283	0.09222733	-0.04972882	0.08964282	0.01484038	0.00080599	-0.03175290
12.749949	0.09253072	-0.04970273	0.08903550	0.01771323	0.00113350	-0.03448142
12.766616	0.09287620	-0.04977568	0.08838936	0.01861010	0.00164278	-0.03603990
12.783283	0.09330500	-0.04977154	0.08773582	0.01695096	0.00127243	-0.03647930
12.799950	0.09361810	-0.04963549	0.08720303	0.01392873	-0.00085920	-0.03717281
12.816616	0.09374666	-0.04958274	0.08661170	0.01083259	-0.00232094	-0.03722049
12.833282	0.09379937	-0.04967529	0.08598682	0.00754903	-0.00411197	-0.03646630
12.849949	0.09392249	-0.04993816	0.08525869	0.00491666	-0.00643856	-0.03500334
12.866615	0.09406150	-0.05000371	0.08468403	0.00346379	-0.01032757	-0.03356742
12.883283	0.09413663	-0.05010474	0.08419491	0.00268062	-0.01323098	-0.03156205
12.899949	0.09407679	-0.05021837	0.08378899	0.00253369	-0.01423266	-0.02987918
12.916615	0.09406657	-0.05073848	0.08322605	0.00338779	-0.01383703	-0.02948653
12.933282	0.09412112	-0.05103305	0.08274987	0.00523107	-0.01292249	-0.03023420
12.949948	0.09431144	-0.05124371	0.08218134	0.00728282	-0.01142631	-0.03132777
12.966616	0.09447597	-0.05115325	0.08175436	0.00892251	-0.00875091	-0.03175230
12.983282	0.09461552	-0.05130615	0.08118187	0.01009241	-0.00669886	-0.03094205
12.999949	0.09473191	-0.05153004	0.08062894	0.00977047	-0.00589882	-0.02840433
13.016615	0.09492736	-0.05171361	0.08008820	0.00858914	-0.00604621	-0.02511947
13.033281	0.09515122	-0.05170991	0.07972903	0.00689584	-0.00477636	-0.02127402
13.049949	0.09524015	-0.05169029	0.07949537	0.00430846	-0.00330666	-0.01748438
13.066615	0.09526630	-0.05174946	0.07926867	0.00103224	-0.00343516	-0.01414446
13.083282	0.09520793	-0.05188010	0.07899538	-0.00132636	-0.00569124	-0.01236567
13.099948	0.09515488	-0.05195373	0.07879394	-0.00235007	-0.00775232	-0.01040943
13.116614	0.09511661	-0.05209108	0.07863209	-0.00395720	-0.00780483	-0.00703732
13.133282	0.09508248	-0.05225410	0.07853498	-0.00711239	-0.00711915	-0.00277535
13.149948	0.09501902	-0.05243294	0.07852721	-0.01141787	-0.00721182	0.00191619
13.166615	0.09475773	-0.05247775	0.07858896	-0.01670382	-0.00637158	0.00868074
13.183281	0.09438764	-0.05255313	0.07875652	-0.02283217	-0.00287430	0.01798797
13.199947	0.09395426	-0.05266792	0.07904178	-0.02795838	0.00101753	0.02704594
13.216615	0.09344337	-0.05267850	0.07963113	-0.03040709	0.00488099	0.03393935
13.233281	0.09287982	-0.05247054	0.08042483	-0.03052440	0.01176392	0.03916849
13.249948	0.09230405	-0.05226070	0.08114737	-0.02936051	0.01962517	0.04242996
13.266614	0.09183494	-0.05189028	0.08180659	-0.02792418	0.02403686	0.04301110
13.283280	0.09145547	-0.05135187	0.08246446	-0.02591911	0.02392931	0.04263250
13.299948	0.09106091	-0.05080703	0.08321373	-0.02319956	0.02262558	0.04237322
13.316614	0.09062419	-0.05044593	0.08398205	-0.01934357	0.01979461	0.04148179
13.333281	0.09026020	-0.05034109	0.08469247	-0.01498154	0.01503315	0.03969782
13.349947	0.09004012	-0.05008163	0.08530779	-0.01071427	0.01127592	0.03858768
13.366613	0.09004003	-0.04990433	0.08585812	-0.00738415	0.00949517	0.03851105
13.383281	0.08997636	-0.04972787	0.08645093	-0.00494076	0.00787367	0.03818583
13.399947	0.08990042	-0.04960080	0.08719905	-0.00260749	0.00606536	0.03744684
13.416614	0.08973185	-0.04959441	0.08789024	0.00106279	0.00626401	0.03619104
13.433280	0.08974405	-0.04951319	0.08846311	0.00626492	0.00723218	0.03344191
13.449946	0.08993340	-0.04941740	0.08892699	0.01054552	0.00713787	0.02897922
13.466614	0.09029329	-0.04915240	0.08937543	0.01275369	0.00520088	0.02422257
13.483280	0.09060575	-0.04899629	0.08980642	0.01215511	0.00243614	0.01987879
13.499947	0.09072939	-0.04905360	0.09010240	0.01012601	-0.00010915	0.01580882
13.516613	0.09080176	-0.04920926	0.09029616	0.00741284	-0.00164601	0.01152647
13.533279	0.09086084	-0.04930955	0.09041370	0.00551926	0.00010980	0.00821616
13.549947	0.09103661	-0.04924680	0.09052282	0.00509868	0.00407610	0.00601804
13.566613	0.09111764	-0.04909680	0.09060342	0.00623504	0.00768139	0.00363411
13.583280	0.09117579	-0.04887982	0.09070018	0.00875983	0.00896141	-0.00015117
13.599946	0.09124723	-0.04871171	0.09069617	0.01266507	0.00713903	-0.00602099
13.616612	0.09149338	-0.04858593	0.09058285	0.01787129	0.00387858	-0.01356518
13.633280	0.09190138	-0.04855375	0.09027503	0.02257404	0.00091404	-0.02171942
13.649946	0.09239350	-0.04863901	0.08980408	0.02452115	-0.00080273	-0.02933398
13.666613	0.09286260	-0.04868659	0.08922227	0.02229815	-0.00265411	-0.03540820
13.683279	0.09325007	-0.04872624	0.08856844	0.01696210	-0.00529675	-0.03949877
13.699945	0.09347102	-0.04870684	0.08786208	0.01015339	-0.00823468	-0.04184140
13.716613	0.09355679	-0.04889226	0.08714733	0.00348107	-0.00934455	-0.04155973
13.733279	0.09352422	-0.04918649	0.08640020	-0.00184958	-0.00972446	-0.03933844
13.749946	0.09342624	-0.04947084	0.08572055	-0.00512054	-0.00891100	-0.03531563
13.766612	0.09330162	-0.04947510	0.08519839	-0.00639922	-0.00675154	-0.03029824
13.783278	0.09316532	-0.04954659	0.08472330	-0.00584497	-0.00408292	-0.02568378
13.799946	0.09306377	-0.04950387	0.08442550	-0.00324902	-0.00177382	-0.02280900
13.816612	0.09300230	-0.04968628	0.08406164	0.00034843	-0.00020217	-0.02186706
13.833279	0.09302642	-0.04965939	0.08373467	0.00387931	0.00133599	-0.02228578
13.849945	0.09318735	-0.04959898	0.08333260	0.00670756	0.00272772	-0.02285318
13.866611	0.09333764	-0.04945995	0.08290923	0.00902939	0.00349961	-0.02282979
13.883279	0.09352144	-0.04937365	0.08251945	0.01051616	0.00263929	-0.02219108
13.899945	0.09364715	-0.04938032	0.08217234	0.01112778	0.00115149	-0.02130293
13.916612	0.09386432	-0.04942053	0.08183429	0.01137511	-0.00009226	-0.02078594
13.933278	0.09407976	-0.04941502	0.08154043	0.01153116	0.00001069	-0.02091781
13.949944	0.09428888	-0.04944545	0.08114173	0.01138334	0.00003772	-0.02203548
13.966612	0.09446158	-0.04937476	0.08080500	0.01035854	-0.00096219	-0.02343541
13.983278	0.09461951	-0.04937813	0.08037692	0.00923749	-0.00200185	-0.02409013
13.999945	0.09476936	-0.04943819	0.07995079	0.00866815	-0.00248765	-0.02308601
14.016611	0.09489809	-0.04955986	0.07953787	0.00831116	-0.00297596	-0.02108765
14.033278	0.09502178	-0.04962279	0.07916994	0.00739894	-0.00336043	-0.01804925
14.049945	0.09517784	-0.04961056	0.07895801	0.00637593	-0.00434039	-0.01542951
14.066611	0.09527703	-0.04963762	0.07873384	0.00555909	-0.00537919	-0.01288792
14.083278	0.09534147	-0.04975170	0.07857965	0.00415912	-0.00711012	-0.01064163
14.099944	0.09539045	-0.04997456	0.07833432	0.00141454	-0.00910327	-0.00823538
14.116611	0.09543988	-0.05012049	0.07821956	-0.00210141	-0.01102407	-0.00517583
14.133278	0.09541984	-0.05030465	0.07813984	-0.00680419	-0.01154502	-0.00054777
14.149944	0.09524643	-0.05045539	0.07819911	-0.01317115	-0.00963330	0.00684737
14.166611	0.09498874	-0.05073388	0.07829523	-0.02096125	-0.00618902	0.01541784
14.183277	0.09456622	-0.05085607	0.07859453	-0.02816282	-0.00257227	0.02350127
14.199944	0.09403588	-0.05080355	0.07913224	-0.03280243	0.00195904	0.03036116
14.216610	0.09334623	-0.05064131	0.07978699	-0.03542221	0.00796073	0.03682434
14.233277	0.09268863	-0.05052296	0.08044030	-0.03626074	0.01328434	0.04243931
14.249944	0.09213571	-0.05030804	0.08109951	-0.03532025	0.01700276	0.04704207
14.266610	0.09156629	-0.04997048	0.08190427	-0.03154197	0.01871990	0.04948788
14.283277	0.09104481	-0.04951679	0.08286504	-0.02584821	0.01947137	0.05070326
14.299943	0.09052281	-0.04914513	0.08384141	-0.01918320	0.01878448	0.05141647
14.316610	0.09030712	-0.04893078	0.08459931	-0.01303145	0.01602360	0.05131451
14.333277	0.09023408	-0.04869608	0.08537313	-0.00920597	0.01033083	0.04943059
14.349943	0.09025581	-0.04850910	0.08617527	-0.00820010	0.00333920	0.04622448
14.366610	0.09012425	-0.04838011	0.08710214	-0.00865589	-0.00292427	0.04334072
14.383276	0.08983833	-0.04859396	0.08781004	-0.00816333	-0.00710231	0.04068696
14.399943	0.08958829	-0.04890784	0.08833779	-0.00577340	-0.00918122	0.03740869
14.416610	0.08953144	-0.04915323	0.08886151	-0.00137359	-0.00838642	0.03352785
14.433276	0.08964620	-0.04917556	0.08945397	0.00347757	-0.00415884	0.03061701
14.449943	0.08982103	-0.04916597	0.09004631	0.00706590	0.00076885	0.02801753
14.466609	0.08992436	-0.04912189	0.09047326	0.00883177	0.00439945	0.02432341
14.483276	0.09005120	-0.04905159	0.09078300	0.00917409	0.00652828	0.01927517
14.499943	0.09019983	-0.04891021	0.09105963	0.00933457	0.00850780	0.01384577
14.516609	0.09041334	-0.04872166	0.09127680	0.00977371	0.00934716	0.00859361
14.533276	0.09057520	-0.04854329	0.09142429	0.01034946	0.00860707	0.00341059
14.549942	0.09073099	-0.04835714	0.09140543	0.01022730	0.00593994	-0.00160803
14.566609	0.09087504	-0.04830139	0.09128539	0.00952739	0.00210297	-0.00642567
14.583276	0.09108514	-0.04827537	0.09112982	0.00974339	-0.00216142	-0.01167492
14.599942	0.09122120	-0.04839826	0.09094205	0.01099490	-0.00546119	-0.01735105
14.616609	0.09137616	-0.04852587	0.09067851	0.01278536	-0.00667696	-0.02249231
14.633275	0.09157966	-0.04870929	0.09019716	0.01405155	-0.00584837	-0.02600937
14.649942	0.09187128	-0.04880639	0.08961680	0.01330515	-0.00433180	-0.02847601
14.666609	0.09220398	-0.04883156	0.08908889	0.01018059	-0.00342603	-0.03085748
14.683275	0.09239296	-0.04879749	0.08867576	0.00608953	-0.00297695	-0.03278432
14.699942	0.09236263	-0.04886049	0.08820585	0.00237902	-0.00308737	-0.03339255
14.716608	0.09226348	-0.04895837	0.08754139	-0.00016417	-0.00321769	-0.03287947
14.733275	0.09221090	-0.04906702	0.08684149	-0.00104327	-0.00345703	-0.03192952
14.749942	0.09229160	-0.04908787	0.08632828	-0.00060305	-0.00354902	-0.02991703
14.766608	0.09232067	-0.04907953	0.08597269	0.00002131	-0.00328767	-0.02670828
14.783275	0.09229467	-0.04915046	0.08561487	-0.00004958	-0.00202545	-0.02402684
14.799941	0.09223732	-0.04924890	0.08517303	-0.00002045	0.00012741	-0.02293268
14.816608	0.09222726	-0.04929958	0.08474616	0.00078425	0.00204815	-0.02271736
14.833275	0.09226970	-0.04917200	0.08438170	0.00220586	0.00279089	-0.02234285
14.849941	0.09235753	-0.04898021	0.08407420	0.00358102	0.00185712	-0.02207746
14.866608	0.09240359	-0.04893891	0.08372715	0.00449030	0.00010654	-0.02230876
14.883274	0.09249566	-0.04903693	0.08333324	0.00510791	-0.00189275	-0.02278162
14.899941	0.09255516	-0.04922521	0.08289474	0.00598552	-0.00371210	-0.02326386
14.916608	0.09268353	-0.04923624	0.08250839	0.00738907	-0.00503820	-0.02369778
14.933274	0.09280108	-0.04922779	0.08214954	0.00886004	-0.00769438	-0.02445942
14.949941	0.09296966	-0.04930331	0.08177429	0.01038541	-0.01212466	-0.02577967
14.966607	0.09316402	-0.04954455	0.08132776	0.01138677	-0.01768268	-0.02796221
14.983274	0.09336337	-0.05004357	0.08080895	0.01204019	-0.02038379	-0.02889842
14.999941	0.09359363	-0.05045921	0.08028174	0.01128723	-0.01996462	-0.02746936
15.016607	0.09377565	-0.05088488	0.07974725	0.00954859	-0.01732937	-0.02412936
15.033274	0.09396733	-0.05096277	0.07941967	0.00680729	-0.01412591	-0.02002783
15.049940	0.09401950	-0.05115359	0.07915447	0.00375079	-0.01029108	-0.01531007
15.066607	0.09407365	-0.05130140	0.07898483	0.00044789	-0.00598478	-0.01044959
15.083274	0.09400758	-0.05153869	0.07878397	-0.00219130	-0.00273268	-0.00675074
15.099940	0.09398245	-0.05151122	0.07869516	-0.00378562	0.00078569	-0.00357540
15.116607	0.09385151	-0.05135471	0.07870460	-0.00519710	0.00346988	0.00001632
15.133273	0.09379445	-0.05121723	0.07873135	-0.00738631	0.00397382	0.00408271
15.149940	0.09367213	-0.05113145	0.07882032	-0.01104583	0.00119197	0.00774111
15.166607	0.09352281	-0.05118860	0.07896133	-0.01534751	-0.00239016	0.01167060
15.183273	0.09320059	-0.05127733	0.07919186	-0.02015096	-0.00429164	0.01625023
15.199940	0.09277316	-0.05141060	0.07950506	-0.02453765	-0.00167516	0.02169815
15.216606	0.09230338	-0.05151330	0.07989321	-0.02785541	0.00446575	0.02773352
15.233274	0.09181555	-0.05143905	0.08038911	-0.02945241	0.01230450	0.03425008
15.249940	0.09131898	-0.05106712	0.08102518	-0.02959360	0.01958596	0.04026797
15.266606	0.09080654	-0.05060918	0.08176048	-0.02815891	0.02470388	0.04450495
15.283273	0.09029966	-0.05004115	0.08262989	-0.02547013	0.02649668	0.04645865
15.299939	0.08988679	-0.04967587	0.08343344	-0.02225240	0.02553713	0.04712149
15.316607	0.08957224	-0.04924494	0.08420844	-0.01922924	0.02257922	0.04718602
15.333273	0.08933202	-0.04891964	0.08491256	-0.01652750	0.01949774	0.04702650
15.349939	0.08908170	-0.04855222	0.08570862	-0.01382341	0.01739753	0.04645336
15.366606	0.08881260	-0.04834135	0.08653788	-0.01076255	0.01570970	0.04577398
15.383272	0.08861955	-0.04810522	0.08735304	-0.00729076	0.01336813	0.04503763
15.399940	0.08854447	-0.04790641	0.08802707	-0.00315165	0.01086047	0.04352948
15.416606	0.08857741	-0.04765254	0.08871890	0.00043415	0.00945652	0.04138713
15.433272	0.08863487	-0.04759321	0.08938967	0.00296061	0.00871602	0.03852781
15.449939	0.08872124	-0.04746522	0.09009350	0.00524773	0.00828916	0.03465874
15.466605	0.08875868	-0.04738679	0.09067440	0.00796500	0.00891469	0.02917111
15.483273	0.08889170	-0.04716016	0.09109803	0.01064241	0.01047770	0.02205705
15.499939	0.08911280	-0.04699195	0.09138171	0.01297907	0.00943940	0.01377808
15.516605	0.08942620	-0.04675275	0.09154592	0.01528563	0.00618678	0.00588185
15.533272	0.08969586	-0.04661879	0.09158481	0.01660819	0.00205536	-0.00074856
15.549938	0.08994249	-0.04671684	0.09148747	0.01666008	-0.00231798	-0.00691718
15.566605	0.09023042	-0.04682529	0.09129420	0.01594393	-0.00679445	-0.01351000
15.583272	0.09051019	-0.04699166	0.09107336	0.01578032	-0.00768353	-0.01933336
15.599938	0.09078652	-0.04713202	0.09069651	0.01528079	-0.00598666	-0.02394458
15.616605	0.09100094	-0.04728847	0.09020153	0.01392083	-0.00522718	-0.02845302
15.633271	0.09125913	-0.04726548	0.08967700	0.01267189	-0.00608273	-0.03280697
15.649938	0.09144181	-0.04729087	0.08912080	0.01205557	-0.00720794	-0.03544244
15.666605	0.09162049	-0.04743494	0.08851405	0.01129002	-0.01006978	-0.03618508
15.683271	0.09180110	-0.04771823	0.08783112	0.00977222	-0.01475042	-0.03579433
15.699938	0.09199204	-0.04794657	0.08720893	0.00815443	-0.01801975	-0.03427709
15.716604	0.09213318	-0.04832440	0.08667245	0.00681522	-0.01722737	-0.03151623
15.733271	0.09219325	-0.04865409	0.08619104	0.00608022	-0.01537903	-0.02888281
15.749938	0.09223540	-0.04898151	0.08576068	0.00570236	-0.01353455	-0.02710472
15.766604	0.09233695	-0.04900813	0.08533054	0.00591605	-0.01009327	-0.02541932
15.783271	0.09248061	-0.04921135	0.08487705	0.00621142	-0.00673064	-0.02402285
15.799937	0.09260898	-0.04928172	0.08448141	0.00607225	-0.00610134	-0.02360942
15.816604	0.09270590	-0.04938438	0.08413582	0.00618155	-0.00736606	-0.02381681
15.833271	0.09275009	-0.04943665	0.08378813	0.00711295	-0.00851670	-0.02457766
15.849937	0.09284096	-0.04961817	0.08335013	0.00867288	-0.01096193	-0.02658195
15.866604	0.09302675	-0.04983608	0.08287073	0.01029134	-0.01325676	-0.02863884
15.883270	0.09326417	-0.05010404	0.08236326	0.01163685	-0.01486423	-0.02951030
15.899937	0.09349825	-0.05038702	0.08182264	0.01182971	-0.01507165	-0.02889700
15.916604	0.09366389	-0.05062478	0.08135714	0.01063068	-0.01517471	-0.02832491
15.933270	0.09383726	-0.05087451	0.08089790	0.00892941	-0.01367073	-0.02739943
15.949937	0.09396778	-0.05108063	0.08051156	0.00794634	-0.01116617	-0.02602446
15.966603	0.09408213	-0.05135061	0.08001105	0.00778537	-0.00892598	-0.02426489
15.983270	0.09418435	-0.05139388	0.07962006	0.00778071	-0.00736469	-0.02237128
15.999937	0.09432206	-0.05148343	0.07923233	0.00805333	-0.00626391	-0.02052729
16.016603	0.09448317	-0.05152014	0.07898255	0.00818684	-0.00624594	-0.01855925
16.033270	0.09462489	-0.05167776	0.07869786	0.00797387	-0.00785643	-0.01732669
16.049936	0.09476395	-0.05182662	0.07840396	0.00717043	-0.00922421	-0.01659385
16.066603	0.09485751	-0.05199626	0.07811709	0.00604911	-0.01034415	-0.01602518
16.083269	0.09496315	-0.05218891	0.07783478	0.00460198	-0.01008326	-0.01442215
16.099936	0.09502748	-0.05234258	0.07761270	0.00279845	-0.00912852	-0.01151831
16.116604	0.09507929	-0.05254685	0.07742272	0.00008807	-0.00759808	-0.00670331
16.133270	0.09506470	-0.05261798	0.07731192	-0.00428522	-0.00682439	-0.00021122
16.149937	0.09499760	-0.05271363	0.07733919	-0.00984725	-0.00616747	0.00676798
16.166603	0.09479623	-0.05275225	0.07753848	-0.01495591	-0.00462543	0.01343937
16.183270	0.09445087	-0.05291820	0.07788871	-0.02021198	-0.00234407	0.01998593
16.199936	0.09401999	-0.05297806	0.07827000	-0.02622004	0.00137691	0.02738948
16.216602	0.09362733	-0.05293502	0.07870322	-0.03146907	0.00630670	0.03408654
16.233269	0.09305325	-0.05275030	0.07929409	-0.03330866	0.01243341	0.03857225
16.249935	0.09239521	-0.05245286	0.08012879	-0.03235863	0.01801688	0.04120604
16.266602	0.09169062	-0.05213897	0.08092432	-0.02940134	0.02222170	0.04169410
16.283268	0.09130460	-0.05169787	0.08161028	-0.02432531	0.02369666	0.03989831
16.299936	0.09100752	-0.05125183	0.08217191	-0.01866016	0.02189339	0.03667592
16.316603	0.09082579	-0.05080284	0.08271516	-0.01516624	0.01631281	0.03438192
16.333269	0.09058088	-0.05054027	0.08332277	-0.01434812	0.00889037	0.03356220
16.349936	0.09034313	-0.05049819	0.08386271	-0.01418920	0.00330911	0.03418534
16.366602	0.09005927	-0.05066508	0.08444015	-0.01443958	0.00019424	0.03582972
16.383268	0.08983815	-0.05076221	0.08497410	-0.01488785	-0.00061807	0.03830351
16.399935	0.08961851	-0.05067705	0.08563896	-0.01451226	-0.00054157	0.04019153
16.416601	0.08937873	-0.05057426	0.08638964	-0.01247843	0.00027239	0.04076121
16.433268	0.08908588	-0.05053924	0.08716597	-0.00939973	0.00002094	0.04072235
16.449934	0.08893882	-0.05069803	0.08780390	-0.00543481	-0.00048451	0.04007016
16.466602	0.08890887	-0.05070458	0.08838486	-0.00065740	0.00021687	0.03820833
16.483269	0.08900573	-0.05073539	0.08899628	0.00373268	0.00263666	0.03533634
16.499935	0.08910430	-0.05056697	0.08968018	0.00638797	0.00550704	0.03310157
16.516602	0.08923945	-0.05046951	0.09022018	0.00688705	0.00698225	0.03176914
16.533268	0.08936305	-0.05031730	0.09065178	0.00632158	0.00855937	0.02987594
16.549934	0.08949545	-0.05019530	0.09107270	0.00649559	0.01020653	0.02687051
16.566601	0.08953996	-0.05008210	0.09159081	0.00762101	0.01238355	0.02412727
16.583267	0.08963855	-0.04979178	0.09204028	0.00917639	0.01231774	0.02089728
16.599934	0.08981074	-0.04953877	0.09233895	0.01011536	0.01071476	0.01591595
16.616600	0.09007216	-0.04923565	0.09253872	0.01069047	0.00763047	0.00932153
16.633268	0.09030288	-0.04926717	0.09262532	0.01091395	0.00427332	0.00278891
16.649935	0.09040801	-0.04926198	0.09265150	0.01076315	0.00081204	-0.00339137
16.666601	0.09054251	-0.04935035	0.09253045	0.01066916	-0.00096806	-0.00936702
16.683268	0.09071722	-0.04926633	0.09232128	0.01181924	-0.00092004	-0.01527390
16.699934	0.09096333	-0.04933206	0.09199672	0.01416134	-0.00111966	-0.02120328
16.716600	0.09121956	-0.04928866	0.09160864	0.01579913	-0.00049822	-0.02619616
16.733267	0.09148736	-0.04939152	0.09112555	0.01491601	-0.00040276	-0.02951682
16.749933	0.09180395	-0.04939121	0.09054796	0.01103115	-0.00036502	-0.03091254
16.766600	0.09202454	-0.04931810	0.08998179	0.00557712	-0.00142856	-0.03181794
16.783266	0.09206609	-0.04935253	0.08946467	0.00004131	-0.00167011	-0.03209104
16.799934	0.09191274	-0.04935084	0.08900719	-0.00444209	-0.00219996	-0.03123590
16.816601	0.09172041	-0.04955325	0.08844304	-0.00638756	-0.00178563	-0.02959822
16.833267	0.09160762	-0.04950939	0.08791016	-0.00525559	-0.00076402	-0.02856117
16.849934	0.09154720	-0.04954527	0.08743200	-0.00156023	0.00014173	-0.02806671
16.866600	0.09155931	-0.04940831	0.08706962	0.00221179	-0.00058908	-0.02749309
16.883266	0.09160785	-0.04942770	0.08662925	0.00491692	-0.00232239	-0.02701599
16.899933	0.09177167	-0.04949067	0.08614295	0.00623281	-0.00364085	-0.02669907
16.916599	0.09189905	-0.04969534	0.08562560	0.00627967	-0.00572099	-0.02640492
16.933266	0.09203885	-0.04974287	0.08521020	0.00550738	-0.00788640	-0.02598743
16.949932	0.09207281	-0.04983328	0.08484071	0.00476474	-0.00967825	-0.02623557
16.966600	0.09212004	-0.04995877	0.08445778	0.00564413	-0.01067225	-0.02716172
16.983267	0.09218013	-0.05026438	0.08396711	0.00766131	-0.01212475	-0.02861451
16.999933	0.09232257	-0.05051764	0.08341100	0.01008075	-0.01330265	-0.03024605
17.016600	0.09258601	-0.05070562	0.08288401	0.01263888	-0.01327853	-0.03185944
17.033266	0.09281513	-0.05088266	0.08239261	0.01503161	-0.01214610	-0.03276435
17.049932	0.09306150	-0.05109688	0.08186670	0.01643508	-0.01071163	-0.03312631
17.066599	0.09333885	-0.05131172	0.08126510	0.01630626	-0.01025459	-0.03324514
17.083265	0.09364261	-0.05148799	0.08066689	0.01434391	-0.01138373	-0.03269126
17.099932	0.09396411	-0.05154514	0.08011624	0.01151026	-0.01398301	-0.03125598
17.116598	0.09410849	-0.05179288	0.07963750	0.00907726	-0.01664887	-0.02933018
17.133266	0.09413563	-0.05212022	0.07919559	0.00688310	-0.01898654	-0.02730876
17.149933	0.09418934	-0.05262354	0.07874043	0.00487754	-0.02025311	-0.02507317
17.166599	0.09431149	-0.05294094	0.07830772	0.00319166	-0.01945486	-0.02238539
17.183266	0.09444823	-0.05322633	0.07793070	0.00196432	-0.01640341	-0.01868736
17.199932	0.09444604	-0.05343349	0.07765759	0.00082277	-0.01278152	-0.01424024
17.216599	0.09434103	-0.05366661	0.07746956	-0.00048317	-0.01086789	-0.01027923
17.233265	0.09431432	-0.05379650	0.07736960	-0.00117969	-0.00887882	-0.00647715
17.249931	0.09432212	-0.05393231	0.07729682	-0.00173689	-0.00684853	-0.00252501
17.266598	0.09436927	-0.05404869	0.07722485	-0.00445755	-0.00434413	0.00261360
17.283264	0.09432603	-0.05408896	0.07729027	-0.01005460	-0.00162241	0.00882763
17.299932	0.09411703	-0.05414133	0.07744531	-0.01766886	0.00226960	0.01641261
17.316599	0.09372200	-0.05403702	0.07785951	-0.02608406	0.00505867	0.02386788
17.333265	0.09318514	-0.05393941	0.07831020	-0.03316293	0.00742707	0.03006299
17.349932	0.09254258	-0.05368463	0.07894437	-0.03681600	0.01048828	0.03492954
17.366598	0.09184184	-0.05361922	0.07951794	-0.03672070	0.01493346	0.03927995
17.383265	0.09116214	-0.05335634	0.08019436	-0.03442264	0.01868725	0.04284805
17.399931	0.09063792	-0.05304499	0.08091398	-0.03069372	0.02084174	0.04441741
17.416597	0.09021248	-0.05245813	0.08177750	-0.02534247	0.02232653	0.04434115
17.433264	0.08982100	-0.05208969	0.08256783	-0.01948383	0.02214733	0.04229942
17.449930	0.08948832	-0.05176496	0.08325087	-0.01538164	0.01956200	0.04041695
17.466599	0.08930264	-0.05153481	0.08380467	-0.01254508	0.01546219	0.03904179
17.483265	0.08921089	-0.05123576	0.08435230	-0.00978340	0.01225439	0.03774319
17.499931	0.08904380	-0.05104445	0.08508589	-0.00732395	0.00881742	0.03589004
17.516598	0.08889183	-0.05091284	0.08576811	-0.00626589	0.00529669	0.03461795
17.533264	0.08877567	-0.05090276	0.08633137	-0.00594711	0.00168047	0.03395575
17.549931	0.08876200	-0.05092943	0.08671831	-0.00451809	-0.00074309	0.03272755
17.566597	0.08869084	-0.05095683	0.08722115	-0.00184607	-0.00164098	0.03111341
17.583263	0.08859768	-0.05101303	0.08786514	0.00152823	-0.00062827	0.03012494
17.599930	0.08861647	-0.05102620	0.08843552	0.00529347	0.00196968	0.02926164
17.616596	0.08876344	-0.05101229	0.08886181	0.00956610	0.00613442	0.02760324
17.633263	0.08904105	-0.05088031	0.08921079	0.01368170	0.01076483	0.02598341
17.649931	0.08930562	-0.05063829	0.08958932	0.01721568	0.01388812	0.02501948
17.666597	0.08957312	-0.05029960	0.09009796	0.01904476	0.01372546	0.02414381
17.683264	0.08990287	-0.04998598	0.09054713	0.01829955	0.01079998	0.02255326
17.699930	0.09029993	-0.04982012	0.09092138	0.01484340	0.00726339	0.01974985
17.716597	0.09061041	-0.04985502	0.09115648	0.00953320	0.00475211	0.01560135
17.733263	0.09071542	-0.04988154	0.09137075	0.00483217	0.00525708	0.01118292
17.749929	0.09059150	-0.04981752	0.09157506	0.00239492	0.00802891	0.00704351
17.766596	0.09048741	-0.04960283	0.09166123	0.00234214	0.01018867	0.00332152
17.783262	0.09057736	-0.04927243	0.09167708	0.00376118	0.00961559	-0.00018410
17.799929	0.09079386	-0.04907843	0.09158511	0.00564376	0.00764382	-0.00306377
17.816597	0.09096218	-0.04902355	0.09150328	0.00648475	0.00523612	-0.00568526
17.833263	0.09098361	-0.04911175	0.09142610	0.00683366	0.00267464	-0.00993274
17.849930	0.09101470	-0.04904875	0.09130201	0.00875149	0.00116025	-0.01563358
17.866596	0.09112270	-0.04895537	0.09105080	0.01284262	0.00167667	-0.02133668
17.883263	0.09142538	-0.04892216	0.09052090	0.01697163	0.00282212	-0.02554457
17.899929	0.09183921	-0.04893892	0.08996201	0.01890022	0.00236086	-0.02820823
17.916595	0.09224699	-0.04890280	0.08944736	0.01772168	-0.00060821	-0.03029552
17.933262	0.09252366	-0.04882653	0.08906237	0.01297460	-0.00434194	-0.03185497
17.949928	0.09268065	-0.04884397	0.08860771	0.00629331	-0.00732522	-0.03320767
17.966595	0.09273002	-0.04915663	0.08792869	0.00006903	-0.01016863	-0.03505780
17.983263	0.09264649	-0.04941436	0.08725004	-0.00432631	-0.01276045	-0.03672946
17.999929	0.09249783	-0.04964178	0.08661601	-0.00606968	-0.01268343	-0.03654695
18.016596	0.09233265	-0.04976798	0.08605898	-0.00421481	-0.00967920	-0.03474420
18.033262	0.09222341	-0.04996301	0.08553416	0.00015203	-0.00638541	-0.03294839
18.049929	0.09226779	-0.05008071	0.08495092	0.00455508	-0.00402093	-0.03150252
18.066595	0.09247080	-0.05009136	0.08444124	0.00790815	-0.00298352	-0.02970890
18.083261	0.09270444	-0.05005096	0.08392761	0.00988934	-0.00243685	-0.02739403
18.099928	0.09285930	-0.05006169	0.08350469	0.00992902	-0.00329729	-0.02585928
18.116594	0.09297675	-0.05018521	0.08314664	0.00861365	-0.00492716	-0.02504180
18.133261	0.09311316	-0.05029916	0.08275536	0.00738910	-0.00741645	-0.02482595
18.149929	0.09324579	-0.05044535	0.08230767	0.00681880	-0.00984514	-0.02547006
18.166595	0.09336455	-0.05053862	0.08187015	0.00681369	-0.01112158	-0.02593900
18.183262	0.09344623	-0.05080768	0.08140504	0.00751603	-0.01058488	-0.02500984
18.199928	0.09354223	-0.05105033	0.08100672	0.00857770	-0.00961646	-0.02283914
18.216595	0.09370121	-0.05124421	0.08060577	0.00953343	-0.00845287	-0.02059516
18.233261	0.09391967	-0.05124891	0.08031954	0.00965171	-0.00620535	-0.01880172
18.249928	0.09411643	-0.05132883	0.08005579	0.00832039	-0.00401290	-0.01752488
18.266594	0.09426072	-0.05140264	0.07977635	0.00578398	-0.00257324	-0.01662402
18.283260	0.09429963	-0.05149005	0.07948846	0.00318752	-0.00192982	-0.01597433
18.299927	0.09430061	-0.05149118	0.07919320	0.00160754	-0.00049168	-0.01446435
18.316595	0.09428205	-0.05144772	0.07895748	0.00040874	0.00108492	-0.01218458
18.333261	0.09430768	-0.05143642	0.07877555	-0.00038948	0.00319259	-0.00916298
18.349928	0.09434938	-0.05137069	0.07866699	-0.00105363	0.00533821	-0.00541894
18.366594	0.09428911	-0.05132906	0.07858771	-0.00247491	0.00757040	-0.00078708
18.383261	0.09424776	-0.05111785	0.07858736	-0.00545481	0.00882648	0.00451399
18.399927	0.09413903	-0.05093189	0.07868339	-0.00916727	0.01005778	0.00989486
18.416594	0.09400042	-0.05071143	0.07893584	-0.01342406	0.01105730	0.01546367
18.433260	0.09372524	-0.05062853	0.07926355	-0.01903996	0.01175134	0.02135356
18.449926	0.09336715	-0.05040117	0.07964557	-0.02550623	0.01236458	0.02706643
18.466593	0.09289952	-0.05021014	0.08011332	-0.03097807	0.01348411	0.03180054
18.483261	0.09229559	-0.04988197	0.08071029	-0.03360489	0.01562236	0.03520190
18.499928	0.09162026	-0.04968728	0.08139440	-0.03343830	0.01768633	0.03715679
18.516594	0.09101425	-0.04938240	0.08206932	-0.03141565	0.01941238	0.03798548
18.533260	0.09055067	-0.04904315	0.08266854	-0.02912179	0.02122401	0.03861543
18.549927	0.09019207	-0.04862747	0.08325385	-0.02739902	0.02301411	0.03925875
18.566593	0.08977743	-0.04822926	0.08389264	-0.02583659	0.02272782	0.03970400
18.583260	0.08927353	-0.04780998	0.08464641	-0.02453184	0.01887372	0.03935051
18.599926	0.08878908	-0.04747907	0.08535369	-0.02315229	0.01326738	0.03852863
18.616592	0.08846414	-0.04724545	0.08598239	-0.02089863	0.00830816	0.03758221
18.633259	0.08819351	-0.04732537	0.08648561	-0.01766789	0.00491856	0.03634016
18.649927	0.08793880	-0.04730767	0.08707733	-0.01463214	0.00234968	0.03541383
18.666594	0.08765188	-0.04730908	0.08771944	-0.01207014	0.00183747	0.03477572
18.683260	0.08746400	-0.04713191	0.08834375	-0.00845082	0.00309411	0.03354354
18.699926	0.08734339	-0.04714930	0.08889937	-0.00381818	0.00396454	0.03073980
18.716593	0.08732667	-0.04707261	0.08934817	0.00064366	0.00407919	0.02742391
18.733259	0.08742077	-0.04704992	0.08976862	0.00398425	0.00298835	0.02425282
18.749926	0.08752953	-0.04692589	0.09013626	0.00643945	0.00230015	0.02102491
18.766592	0.08766663	-0.04686249	0.09049830	0.00791750	0.00088740	0.01713838
18.783258	0.08777972	-0.04691793	0.09078396	0.00852286	-0.00159080	0.01275127
18.799925	0.08793727	-0.04693859	0.09095236	0.00876959	-0.00468681	0.00907466
18.816593	0.08810687	-0.04706185	0.09101062	0.00880371	-0.00599498	0.00669434
18.833260	0.08825266	-0.04719013	0.09103704	0.00835023	-0.00592817	0.00533337
18.849926	0.08839793	-0.04733878	0.09114236	0.00791553	-0.00465332	0.00405231
18.866592	0.08850472	-0.04740296	0.09128124	0.00806935	-0.00226610	0.00204016
18.883259	0.08860478	-0.04740858	0.09134649	0.00882566	-0.00061108	-0.00114978
18.899925	0.08877327	-0.04734237	0.09127293	0.01061857	-0.00084052	-0.00585741
18.916592	0.08894927	-0.04730542	0.09108252	0.01427909	-0.00344941	-0.01284757
18.933258	0.08920190	-0.04737353	0.09086256	0.01923382	-0.00503004	-0.02095111
18.949924	0.08951681	-0.04756160	0.09052847	0.02322970	-0.00541331	-0.02823472
18.966591	0.09000221	-0.04780643	0.08993039	0.02462494	-0.00518512	-0.03321411
18.983257	0.09055687	-0.04775361	0.08921794	0.02321942	-0.00507116	-0.03629170
18.999926	0.09097065	-0.04778045	0.08848851	0.01924314	-0.00583826	-0.03867198
19.016592	0.09120942	-0.04776625	0.08797048	0.01339709	-0.00877913	-0.04048464
19.033258	0.09131041	-0.04803936	0.08739481	0.00799570	-0.01302650	-0.04162525
19.049925	0.09136951	-0.04835369	0.08663582	0.00479991	-0.01542682	-0.04186781
19.066591	0.09143265	-0.04869785	0.08578437	0.00368720	-0.01520848	-0.04102067
19.083258	0.09148147	-0.04896432	0.08500968	0.00373987	-0.01374014	-0.03821932
19.099924	0.09155284	-0.04908944	0.08450340	0.00432981	-0.01281958	-0.03385002
19.116590	0.09161475	-0.04921766	0.08407489	0.00548562	-0.01148241	-0.02898961
19.133257	0.09170575	-0.04947173	0.08362622	0.00703587	-0.01041020	-0.02551350
19.149923	0.09183329	-0.04970900	0.08316361	0.00872988	-0.00914125	-0.02348276
19.166592	0.09200567	-0.04987083	0.08276694	0.01019948	-0.00730964	-0.02186054
19.183258	0.09220486	-0.04991256	0.08245819	0.01118635	-0.00463055	-0.02006613
19.199924	0.09241181	-0.04990381	0.08219331	0.01146179	-0.00347554	-0.01888230
19.216591	0.09259539	-0.04998885	0.08186409	0.01096868	-0.00429250	-0.01955483
19.233257	0.09278900	-0.04999915	0.08156333	0.00979517	-0.00477521	-0.02062511
19.249924	0.09293982	-0.05020503	0.08117767	0.00869348	-0.00448128	-0.02124541
19.266590	0.09308231	-0.05029041	0.08077593	0.00845488	-0.00448741	-0.02134954
19.283257	0.09316877	-0.05030567	0.08044773	0.00861082	-0.00445202	-0.02070141
19.299923	0.09330691	-0.05033749	0.08008357	0.00866625	-0.00278241	-0.01825567
19.316589	0.09349713	-0.05039365	0.07980850	0.00855211	-0.00111729	-0.01501682
19.333258	0.09366544	-0.05051773	0.07952534	0.00838805	-0.00043646	-0.01194411
19.349924	0.09379658	-0.05044021	0.07940745	0.00678598	-0.00107276	-0.00906352
19.366590	0.09387371	-0.05036649	0.07931230	0.00347139	-0.00213087	-0.00579058
19.383257	0.09396347	-0.05038201	0.07922528	-0.00155867	-0.00445671	-0.00234109
19.399923	0.09392550	-0.05054482	0.07916490	-0.00805500	-0.00828139	0.00161011
19.416590	0.09376919	-0.05075409	0.07921077	-0.01553087	-0.01066424	0.00759694
19.433256	0.09339374	-0.05097777	0.07934905	-0.02240484	-0.01094346	0.01435107
19.449923	0.09291053	-0.05117599	0.07968616	-0.02778768	-0.00859547	0.02056011
19.466589	0.09235246	-0.05129348	0.08013790	-0.03179808	-0.00463722	0.02574338
19.483255	0.09183994	-0.05138977	0.08063214	-0.03460909	0.00041977	0.03033706
19.499924	0.09126111	-0.05129598	0.08114494	-0.03587797	0.00593346	0.03378859
19.516590	0.09063700	-0.05117870	0.08168597	-0.03570060	0.01110085	0.03548565
19.533257	0.08994044	-0.05089362	0.08237353	-0.03468102	0.01344459	0.03579262
19.549923	0.08938149	-0.05060118	0.08303691	-0.03241637	0.01367261	0.03571219
19.566589	0.08888713	-0.05029947	0.08361103	-0.02952394	0.01318968	0.03529972
19.583256	0.08846531	-0.05020104	0.08411743	-0.02629644	0.01220874	0.03424218
19.599922	0.08804832	-0.05001903	0.08465466	-0.02309730	0.00925910	0.03241116
19.616589	0.08761798	-0.04987410	0.08527096	-0.01930669	0.00554046	0.03041097
19.633255	0.08732350	-0.04963147	0.08582779	-0.01514076	0.00347584	0.02925631
19.649921	0.08710944	-0.04974335	0.08621863	-0.01070917	0.00218063	0.02897568
19.666590	0.08703551	-0.04979884	0.08659820	-0.00653247	0.00096800	0.02891962
19.683256	0.08696057	-0.04982098	0.08707157	-0.00323636	-0.00033097	0.02889037
19.699923	0.08691353	-0.04970438	0.08769093	-0.00087299	-0.00104785	0.02891381
19.716589	0.08691675	-0.04963999	0.08822934	0.00044134	-0.00291617	0.02872419
19.733255	0.08695113	-0.04978076	0.08863271	0.00107084	-0.00478335	0.02807535
19.749922	0.08702097	-0.04995899	0.08899723	0.00144207	-0.00615879	0.02691749
19.766588	0.08703030	-0.05014762	0.08944814	0.00252676	-0.00549835	0.02598307
19.783255	0.08701698	-0.05015843	0.08998197	0.00513775	-0.00279495	0.02533308
19.799921	0.08707274	-0.05016133	0.09042826	0.00941150	0.00112715	0.02406089
19.816587	0.08725562	-0.05012309	0.09076863	0.01419963	0.00433594	0.02157209
19.833256	0.08761411	-0.05005246	0.09106719	0.01850426	0.00600141	0.01812890
19.849922	0.08802010	-0.04988195	0.09135773	0.02166242	0.00720833	0.01431217
19.866589	0.08838168	-0.04973781	0.09164232	0.02325604	0.00722480	0.00967942
19.883255	0.08876143	-0.04959986	0.09177563	0.02320779	0.00538133	0.00384206
19.899921	0.08913571	-0.04951574	0.09178403	0.02263041	0.00327698	-0.00295875
19.916588	0.08956859	-0.04949956	0.09163410	0.02212652	0.00206291	-0.00977047
19.933254	0.08991729	-0.04954637	0.09140720	0.02175224	0.00163500	-0.01562486
19.949921	0.09025573	-0.04950712	0.09109959	0.02060712	0.00170844	-0.02011896
19.966587	0.09057546	-0.04946574	0.09071458	0.01862950	0.00302741	-0.02262340
19.983253	0.09092856	-0.04936063	0.09027858	0.01685801	0.00481911	-0.02417350
19.999922	0.09119069	-0.04934076	0.08983613	0.01481889	0.00511756	-0.02500644
20.016588	0.09140102	-0.04919153	0.08946304	0.01211063	0.00359039	-0.02584270
20.033255	0.09157437	-0.04909410	0.08903348	0.00945397	0.00189575	-0.02705845
20.049921	0.09171216	-0.04906876	0.08861402	0.00796753	0.00178710	-0.02902128
20.066587	0.09181309	-0.04916322	0.08806244	0.00752571	0.00364620	-0.03033289
20.083254	0.09190983	-0.04918343	0.08752808	0.00732782	0.00693475	-0.02942257
20.099920	0.09203605	-0.04900092	0.08695272	0.00701609	0.00965213	-0.02690002
20.116587	0.09220163	-0.04864302	0.08654196	0.00617927	0.00957530	-0.02452793
20.133253	0.09230326	-0.04838053	0.08624174	0.00492962	0.00627103	-0.02375653
20.149920	0.09237875	-0.04831327	0.08594857	0.00369628	0.00123866	-0.02415421
20.166588	0.09236395	-0.04851927	0.08551623	0.00300349	-0.00360155	-0.02560644
20.183254	0.09240425	-0.04866568	0.08497281	0.00291658	-0.00673151	-0.02712722
20.199921	0.09246290	-0.04876816	0.08446995	0.00351397	-0.00776661	-0.02774652
20.216587	0.09255906	-0.04881261	0.08404420	0.00457266	-0.00622914	-0.02677377
20.233253	0.09262656	-0.04894746	0.08364819	0.00475848	-0.00786941	-0.02528819
20.249920	0.09271148	-0.04912641	0.08323019	0.00494430	-0.00950968	-0.02380262
