Time	thumb tip right X	thumb tip right Y	thumb tip right Z	thumb tip right v(X)	thumb tip right v(Y)	thumb tip right v(Z)
0.00000000	0.00000000	0.00000000	0.00000000	0.00000000	0.00000000	0.00000000
0.01666660	0.01666660	0.01666660	0.01666660	0.01666660	0.01666660	0.01666660
0.000000	0.10596734	-0.03331465	0.10193895	0.01392005	-0.00919638	-0.04535880
0.016667	0.10620172	-0.03341490	0.10122373	0.01366569	-0.01620016	-0.04844469
0.033333	0.10642267	-0.03369940	0.10040083	0.01341132	-0.02320394	-0.05153058
0.050000	0.10663782	-0.03418028	0.09948152	0.01304006	-0.02326773	-0.04998935
0.066666	0.10688477	-0.03466405	0.09857560	0.01232681	-0.02556262	-0.04891847
0.083333	0.10707133	-0.03514772	0.09776672	0.01232763	-0.02334552	-0.04532776
0.100000	0.10726549	-0.03547584	0.09707408	0.01280820	-0.01833305	-0.04047664
0.116666	0.10742906	-0.03579801	0.09645532	0.01339322	-0.01347937	-0.03575857
0.133333	0.10769834	-0.03590154	0.09590588	0.01374943	-0.01003912	-0.03171702
0.149999	0.10796180	-0.03599682	0.09540461	0.01316732	-0.00767392	-0.02815087
0.166666	0.10821898	-0.03609433	0.09496218	0.01111054	-0.00585931	-0.02491063
0.183333	0.10838424	-0.03623102	0.09457932	0.00796917	-0.00467991	-0.02230653
0.199999	0.10846773	-0.03633882	0.09424784	0.00529396	-0.00351356	-0.02019756
0.216666	0.10848542	-0.03635282	0.09394545	0.00361180	-0.00204037	-0.01816213
0.233332	0.10851258	-0.03632693	0.09363474	0.00320019	-0.00044089	-0.01588079
0.249999	0.10857645	-0.03634344	0.09336355	0.00382455	0.00052205	-0.01305153
0.266666	0.10866159	-0.03632064	0.09315758	0.00442805	0.00024378	-0.00948664
0.283332	0.10874920	-0.03633941	0.09303765	0.00339923	-0.00037208	-0.00484685
0.299999	0.10883929	-0.03629429	0.09300105	0.00091158	-0.00034768	0.00065536
0.316665	0.10885789	-0.03635373	0.09302578	-0.00190996	0.00037387	0.00639009
0.333332	0.10876109	-0.03636446	0.09318703	-0.00441080	0.00081534	0.01188395
0.349999	0.10861828	-0.03634179	0.09345043	-0.00645290	0.00105851	0.01737222
0.366665	0.10848139	-0.03626011	0.09380569	-0.00715501	0.00210865	0.02299717
0.383332	0.10838664	-0.03624022	0.09421350	-0.00655322	0.00334804	0.02872531
0.399998	0.10826898	-0.03621436	0.09471184	-0.00553711	0.00399016	0.03438516
0.416665	0.10819080	-0.03614806	0.09533610	-0.00367691	0.00399796	0.03983264
0.433332	0.10811205	-0.03601417	0.09608702	-0.00054714	0.00358015	0.04497028
0.449998	0.10808824	-0.03593935	0.09689401	0.00325607	0.00223850	0.04925491
0.466665	0.10819844	-0.03590806	0.09775376	0.00662482	0.00142100	0.05236170
0.483331	0.10838275	-0.03596940	0.09864324	0.00935644	0.00125811	0.05334819
0.499998	0.10861029	-0.03600910	0.09957929	0.01066972	0.00221669	0.05189112
0.516665	0.10877741	-0.03589746	0.10051413	0.00986643	0.00463607	0.04848805
0.533331	0.10894353	-0.03581563	0.10129364	0.00741362	0.00914765	0.04389281
0.549998	0.10906693	-0.03562210	0.10194978	0.00398652	0.01312460	0.03838931
0.566664	0.10911413	-0.03543510	0.10249430	0.00022858	0.01593227	0.03306860
0.583331	0.10908741	-0.03502709	0.10302109	-0.00356694	0.01912145	0.02908353
0.599998	0.10895451	-0.03471690	0.10347543	-0.00661629	0.02237586	0.02614903
0.616664	0.10880474	-0.03433650	0.10387542	-0.00882622	0.02368219	0.02320776
0.633331	0.10862960	-0.03391847	0.10424133	-0.01015515	0.02250781	0.01986996
0.649997	0.10847138	-0.03345788	0.10456298	-0.01095650	0.02130705	0.01653857
0.666664	0.10828217	-0.03311605	0.10481223	-0.01144756	0.02015530	0.01320651
0.683331	0.10808244	-0.03288469	0.10499507	-0.01135324	0.01851870	0.01009528
0.699997	0.10786110	-0.03261889	0.10511279	-0.01057223	0.01675484	0.00752832
0.716664	0.10768107	-0.03228767	0.10521128	-0.00922099	0.01511055	0.00511857
0.733330	0.10754596	-0.03200620	0.10528826	-0.00740173	0.01301678	0.00268222
0.749997	0.10746147	-0.03177502	0.10534624	-0.00480065	0.00939822	-0.00048947
0.766664	0.10738028	-0.03172122	0.10531161	-0.00220139	0.00480721	-0.00504000
0.783330	0.10734772	-0.03164948	0.10522287	-0.00022508	0.00029156	-0.01163439
0.799997	0.10739480	-0.03171517	0.10498172	0.00133217	-0.00264050	-0.02010715
0.816663	0.10745104	-0.03177430	0.10462462	0.00274946	-0.00427313	-0.02903857
0.833330	0.10750778	-0.03192083	0.10402334	0.00404784	-0.00566639	-0.03734071
0.849997	0.10755137	-0.03198262	0.10326996	0.00537655	-0.00709773	-0.04384632
0.866663	0.10763210	-0.03209151	0.10244215	0.00724956	-0.00959491	-0.04810699
0.883330	0.10778692	-0.03222039	0.10158630	0.00953507	-0.01289075	-0.04971729
0.899996	0.10796772	-0.03247711	0.10077377	0.01163867	-0.01637154	-0.04943972
0.916663	0.10820888	-0.03283724	0.09992592	0.01304799	-0.01859855	-0.04773405
0.933330	0.10843452	-0.03321705	0.09913427	0.01347998	-0.01897805	-0.04490952
0.949996	0.10867041	-0.03355384	0.09837834	0.01296239	-0.01762371	-0.04101520
0.966663	0.10889740	-0.03380980	0.09772637	0.01170800	-0.01564604	-0.03649998
0.983329	0.10907841	-0.03400639	0.09717701	0.01007982	-0.01412207	-0.03250705
0.999996	0.10923878	-0.03422773	0.09670196	0.00850420	-0.01285895	-0.02899696
1.016663	0.10934585	-0.03444226	0.09626432	0.00738661	-0.01147938	-0.02594195
1.033329	0.10944028	-0.03468847	0.09581761	0.00661592	-0.00989605	-0.02308527
1.049996	0.10955574	-0.03481603	0.09544239	0.00602635	-0.00816598	-0.02053656
1.066662	0.10966041	-0.03490837	0.09513090	0.00550339	-0.00644247	-0.01784172
1.083329	0.10976440	-0.03497135	0.09489387	0.00443393	-0.00453774	-0.01437398
1.099996	0.10982482	-0.03505915	0.09465419	0.00251138	-0.00353433	-0.01039852
1.116662	0.10986441	-0.03514402	0.09447271	-0.00016671	-0.00312469	-0.00580689
1.133329	0.10984885	-0.03513691	0.09440677	-0.00254144	-0.00182780	-0.00027798
1.149995	0.10976835	-0.03518861	0.09445123	-0.00371566	0.00144797	0.00616385
1.166662	0.10963628	-0.03518926	0.09463009	-0.00426805	0.00496453	0.01221502
1.183329	0.10955764	-0.03510090	0.09489240	-0.00419011	0.00739846	0.01675314
1.199995	0.10953089	-0.03485366	0.09525146	-0.00390468	0.00834923	0.01967401
1.216662	0.10948714	-0.03462669	0.09562577	-0.00406896	0.00704522	0.02151863
1.233328	0.10943657	-0.03450744	0.09598239	-0.00528315	0.00349992	0.02297604
1.249995	0.10930543	-0.03453819	0.09634912	-0.00688708	-0.00095942	0.02507998
1.266662	0.10918567	-0.03463464	0.09675039	-0.00819612	-0.00412805	0.02899181
1.283328	0.10901222	-0.03475888	0.09724068	-0.00829815	-0.00517965	0.03444417
1.299995	0.10886657	-0.03485045	0.09786136	-0.00732835	-0.00432048	0.04036197
1.316661	0.10872099	-0.03491718	0.09861817	-0.00545828	-0.00180348	0.04609108
1.333328	0.10866718	-0.03493961	0.09946807	-0.00290067	0.00156260	0.05134968
1.349995	0.10862713	-0.03490938	0.10035430	-0.00024676	0.00472844	0.05523160
1.366661	0.10867865	-0.03476176	0.10130321	0.00169568	0.00774638	0.05616963
1.383328	0.10871840	-0.03458911	0.10231672	0.00198812	0.01019990	0.05360342
1.399994	0.10880819	-0.03439577	0.10329015	0.00070941	0.01149603	0.04836333
1.416661	0.10882061	-0.03418596	0.10406571	-0.00150983	0.01215727	0.04139686
1.433328	0.10876391	-0.03399183	0.10461728	-0.00372057	0.01144622	0.03340124
1.449994	0.10863499	-0.03378461	0.10505249	-0.00598686	0.00933634	0.02614535
1.466661	0.10850775	-0.03357570	0.10544166	-0.00698625	0.00687939	0.02060690
1.483327	0.10840122	-0.03353655	0.10574970	-0.00646523	0.00446692	0.01641906
1.499994	0.10826124	-0.03350089	0.10600608	-0.00531970	0.00165512	0.01259231
1.516661	0.10819679	-0.03353156	0.10614649	-0.00420263	-0.00025952	0.00920691
1.533327	0.10814245	-0.03350595	0.10627325	-0.00324195	-0.00039954	0.00630202
1.549994	0.10811500	-0.03355517	0.10633209	-0.00192889	0.00040444	0.00379761
1.566660	0.10809130	-0.03355742	0.10640658	-0.00064981	0.00067920	0.00139028
1.583327	0.10803796	-0.03352225	0.10640981	0.00084263	0.00181443	-0.00114892
1.599994	0.10809933	-0.03344816	0.10637844	0.00227266	0.00425860	-0.00424078
1.616660	0.10813595	-0.03345520	0.10626854	0.00358996	0.00652038	-0.00864975
1.633327	0.10826055	-0.03327395	0.10612881	0.00409344	0.00786777	-0.01492376
1.649993	0.10831956	-0.03313166	0.10586736	0.00399125	0.00876790	-0.02315441
1.666660	0.10838861	-0.03288280	0.10545789	0.00416962	0.00829620	-0.03221357
1.683327	0.10841653	-0.03279325	0.10479361	0.00447078	0.00495067	-0.04029368
1.699993	0.10848881	-0.03268825	0.10397399	0.00573906	0.00009442	-0.04619740
1.716660	0.10860860	-0.03272818	0.10307948	0.00752512	-0.00503041	-0.04937829
1.733326	0.10873921	-0.03289359	0.10225866	0.00933129	-0.00932803	-0.04996860
1.749993	0.10893895	-0.03311340	0.10143980	0.01013730	-0.01275582	-0.04843821
1.766660	0.10911936	-0.03338116	0.10065243	0.00975851	-0.01334518	-0.04548687
1.783326	0.10931634	-0.03362557	0.09984528	0.00853453	-0.01157495	-0.04125462
1.799993	0.10943997	-0.03384631	0.09917659	0.00700197	-0.00872047	-0.03573674
1.816659	0.10951176	-0.03393804	0.09861656	0.00569398	-0.00643463	-0.02930604
1.833326	0.10958011	-0.03396891	0.09824035	0.00452938	-0.00429632	-0.02282565
1.849993	0.10964921	-0.03398798	0.09791906	0.00332722	-0.00262299	-0.01763429
1.866659	0.10973894	-0.03409682	0.09769420	0.00209869	-0.00127497	-0.01423003
1.883326	0.10977194	-0.03410249	0.09749083	0.00120175	0.00017917	-0.01224266
1.899992	0.10973477	-0.03412702	0.09731744	0.00067741	0.00191378	-0.01043722
1.916659	0.10971496	-0.03399075	0.09713145	0.00012610	0.00297114	-0.00884447
1.933326	0.10972348	-0.03393252	0.09697860	-0.00024043	0.00250039	-0.00698916
1.949992	0.10977846	-0.03385182	0.09689039	-0.00093434	0.00061983	-0.00457549
1.966659	0.10975633	-0.03389118	0.09682740	-0.00232556	-0.00233517	-0.00115436
1.983325	0.10970153	-0.03395929	0.09683190	-0.00472004	-0.00547448	0.00327492
1.999992	0.10957374	-0.03408280	0.09688141	-0.00762156	-0.00763773	0.01006805
2.016659	0.10945231	-0.03423391	0.09706834	-0.01027525	-0.00830801	0.01956270
2.033325	0.10925024	-0.03443853	0.09740821	-0.01177614	-0.00859087	0.03016517
2.049992	0.10902172	-0.03454127	0.09805541	-0.01145803	-0.00789746	0.04062445
2.066658	0.10875439	-0.03467792	0.09889518	-0.00960033	-0.00583927	0.04911964
2.083325	0.10860489	-0.03476920	0.09984003	-0.00706240	-0.00259868	0.05451034
2.099992	0.10855159	-0.03482817	0.10082841	-0.00494769	0.00083804	0.05608510
2.116658	0.10856886	-0.03478725	0.10175136	-0.00387156	0.00463555	0.05553249
2.133325	0.10851613	-0.03461646	0.10269982	-0.00394242	0.00902090	0.05406044
2.149991	0.10840878	-0.03445258	0.10353821	-0.00459725	0.01387652	0.05223355
2.166658	0.10827590	-0.03420747	0.10442410	-0.00569566	0.01740634	0.04978498
2.183325	0.10820644	-0.03387893	0.10524140	-0.00645666	0.01899552	0.04686210
2.199991	0.10813743	-0.03345677	0.10602752	-0.00660251	0.01877241	0.04329785
2.216658	0.10800608	-0.03309652	0.10670655	-0.00579646	0.01731799	0.03795896
2.233324	0.10785942	-0.03285524	0.10732092	-0.00467638	0.01432583	0.03085216
2.249991	0.10774816	-0.03271268	0.10781205	-0.00303001	0.01063282	0.02189861
2.266658	0.10777934	-0.03252619	0.10813135	-0.00080474	0.00770723	0.01187411
2.283324	0.10779920	-0.03243928	0.10823126	0.00117727	0.00573080	0.00132926
2.299991	0.10785235	-0.03232547	0.10812277	0.00227169	0.00326640	-0.00837784
2.316657	0.10787285	-0.03232076	0.10787224	0.00254423	0.00103917	-0.01537519
2.333324	0.10790906	-0.03229870	0.10750704	0.00259319	-0.00020206	-0.01901716
2.349991	0.10797620	-0.03238882	0.10711037	0.00247215	-0.00102070	-0.02054051
2.366657	0.10801852	-0.03238061	0.10677584	0.00235134	-0.00202303	-0.02077878
2.383324	0.10806046	-0.03240631	0.10646818	0.00196771	-0.00266372	-0.02012894
2.399990	0.10807543	-0.03241136	0.10614043	0.00160319	-0.00289631	-0.01971849
2.416657	0.10809283	-0.03253687	0.10579804	0.00155278	-0.00362772	-0.02062336
2.433324	0.10812116	-0.03258637	0.10545813	0.00207414	-0.00475504	-0.02318988
2.449990	0.10814928	-0.03267640	0.10510798	0.00320589	-0.00600750	-0.02725195
2.466657	0.10820344	-0.03272521	0.10465493	0.00481172	-0.00719468	-0.03249498
2.483323	0.10829412	-0.03288894	0.10404827	0.00621459	-0.00904959	-0.03800888
2.499990	0.10841981	-0.03306146	0.10331781	0.00699642	-0.01099200	-0.04247902
2.516657	0.10859152	-0.03327522	0.10251656	0.00733367	-0.01275852	-0.04495292
2.533323	0.10869992	-0.03349836	0.10174220	0.00812005	-0.01285664	-0.04544105
2.549990	0.10880889	-0.03372687	0.10099237	0.00920121	-0.01155677	-0.04492118
2.566656	0.10891985	-0.03397349	0.10027022	0.00996355	-0.00992095	-0.04387903
2.583323	0.10915369	-0.03408442	0.09955186	0.01030449	-0.00917965	-0.04233117
2.599990	0.10938368	-0.03416953	0.09881217	0.00966232	-0.00939991	-0.03985540
2.616656	0.10955548	-0.03427801	0.09814926	0.00798381	-0.00992582	-0.03608986
2.633323	0.10964533	-0.03450084	0.09755586	0.00569007	-0.01034799	-0.03064984
2.649989	0.10966718	-0.03477498	0.09709949	0.00388959	-0.00974920	-0.02428869
2.666656	0.10972225	-0.03493312	0.09674984	0.00298982	-0.00835828	-0.01830812
2.683322	0.10977461	-0.03502114	0.09652930	0.00264664	-0.00660767	-0.01341289
2.699989	0.10983477	-0.03503066	0.09637561	0.00234620	-0.00533415	-0.00968967
2.716656	0.10987897	-0.03513266	0.09625068	0.00194625	-0.00499044	-0.00688660
2.733322	0.10987691	-0.03525638	0.09613823	0.00114061	-0.00590750	-0.00465939
2.749989	0.10990028	-0.03536559	0.09607133	-0.00056375	-0.00762214	-0.00204132
2.766655	0.10990937	-0.03545225	0.09604608	-0.00263901	-0.00891940	0.00143350
2.783322	0.10986844	-0.03560389	0.09609130	-0.00514938	-0.01011038	0.00546770
2.799989	0.10973953	-0.03582310	0.09621561	-0.00781301	-0.01118672	0.00972685
2.816655	0.10956550	-0.03604872	0.09642719	-0.01017753	-0.01141337	0.01376564
2.833322	0.10935003	-0.03625259	0.09669960	-0.01139537	-0.01018118	0.01741763
2.849988	0.10916683	-0.03640685	0.09703390	-0.01162701	-0.00834258	0.02064490
2.866655	0.10894302	-0.03651603	0.09738772	-0.01150523	-0.00637918	0.02366064
2.883322	0.10879127	-0.03659013	0.09781143	-0.01114824	-0.00447292	0.02714041
2.899988	0.10858767	-0.03666717	0.09826779	-0.00969920	-0.00207766	0.03123203
2.916655	0.10842009	-0.03669633	0.09881338	-0.00728949	0.00085123	0.03551274
2.933321	0.10826596	-0.03669616	0.09945800	-0.00412555	0.00525104	0.03899951
2.949988	0.10825320	-0.03655598	0.10017204	-0.00074722	0.01058406	0.04114071
2.966655	0.10828543	-0.03637344	0.10092485	0.00144411	0.01360360	0.04066629
2.983321	0.10840885	-0.03599174	0.10161516	0.00158888	0.01389833	0.03771693
2.999988	0.10844323	-0.03566248	0.10225535	-0.00062347	0.01249577	0.03359238
3.016654	0.10842945	-0.03553198	0.10272972	-0.00408640	0.01115246	0.02977648
3.033321	0.10829459	-0.03544858	0.10315429	-0.00710311	0.00900727	0.02598736
3.049988	0.10810784	-0.03540444	0.10354371	-0.00843543	0.00767221	0.02176267
3.066654	0.10791602	-0.03511697	0.10395883	-0.00774085	0.00819146	0.01773335
3.083321	0.10779509	-0.03501599	0.10423424	-0.00604941	0.00841802	0.01381224
3.099988	0.10772296	-0.03485938	0.10438127	-0.00370035	0.00675897	0.00991345
3.116654	0.10774052	-0.03476191	0.10446146	-0.00087470	0.00521690	0.00700596
3.133321	0.10767253	-0.03472751	0.10454271	0.00176825	0.00643219	0.00570791
3.149987	0.10774642	-0.03466230	0.10463804	0.00394026	0.00835415	0.00489103
3.166654	0.10781509	-0.03454045	0.10476115	0.00563054	0.00975149	0.00355387
3.183321	0.10798573	-0.03424176	0.10481902	0.00686723	0.01090563	0.00149668
3.199987	0.10812117	-0.03399656	0.10482703	0.00695976	0.01133841	-0.00206065
3.216654	0.10821580	-0.03387633	0.10474803	0.00659778	0.01064998	-0.00724918
3.233320	0.10832029	-0.03371564	0.10464273	0.00580842	0.00883136	-0.01393246
3.249987	0.10838691	-0.03362648	0.10436912	0.00517456	0.00756829	-0.02150954
3.266654	0.10850307	-0.03340688	0.10396313	0.00441326	0.00633142	-0.02956484
3.283320	0.10857365	-0.03335114	0.10333598	0.00393124	0.00480475	-0.03698729
3.299987	0.10862419	-0.03325966	0.10264341	0.00397356	0.00301817	-0.04235072
3.316653	0.10865460	-0.03328428	0.10183802	0.00398939	0.00002421	-0.04622765
3.333320	0.10871983	-0.03326702	0.10105959	0.00438748	-0.00383740	-0.04921773
3.349987	0.10883442	-0.03329252	0.10025518	0.00489494	-0.00799506	-0.05053734
3.366653	0.10891585	-0.03348392	0.09936886	0.00547657	-0.01105388	-0.04900572
3.383320	0.10901658	-0.03377229	0.09845524	0.00538944	-0.01339359	-0.04528641
3.399986	0.10907798	-0.03407910	0.09767644	0.00450792	-0.01420053	-0.03950801
3.416653	0.10919281	-0.03429133	0.09711528	0.00318126	-0.01329340	-0.03211586
3.433320	0.10923962	-0.03446000	0.09670760	0.00193768	-0.01108593	-0.02427461
3.449986	0.10925025	-0.03463811	0.09637366	0.00076566	-0.00838486	-0.01781132
3.466653	0.10921283	-0.03479924	0.09610832	-0.00067100	-0.00618321	-0.01310022
3.483319	0.10920564	-0.03488625	0.09594499	-0.00177257	-0.00370018	-0.00860873
3.499986	0.10918820	-0.03488989	0.09583638	-0.00280583	-0.00147043	-0.00397639
3.516653	0.10913904	-0.03488812	0.09579319	-0.00400400	-0.00010347	-0.00035521
3.533319	0.10905712	-0.03483462	0.09585191	-0.00552135	-0.00075411	0.00222382
3.549986	0.10893438	-0.03487299	0.09594275	-0.00649388	-0.00286184	0.00403831
3.566652	0.10881120	-0.03487945	0.09602435	-0.00678192	-0.00475483	0.00614362
3.583319	0.10867503	-0.03505852	0.09610940	-0.00730763	-0.00545087	0.00968050
3.599986	0.10858511	-0.03519304	0.09620133	-0.00854585	-0.00540948	0.01444100
3.616652	0.10847569	-0.03529451	0.09650248	-0.00997179	-0.00577622	0.01962301
3.633319	0.10828193	-0.03530329	0.09693717	-0.01068369	-0.00546530	0.02540558
3.649985	0.10803576	-0.03535504	0.09745109	-0.01009129	-0.00463048	0.03095069
3.666652	0.10780723	-0.03553047	0.09796638	-0.00809233	-0.00384994	0.03482918
3.683319	0.10770645	-0.03561923	0.09857005	-0.00501463	-0.00352986	0.03673728
3.699985	0.10770938	-0.03564057	0.09925022	-0.00215978	-0.00249476	0.03781122
3.716652	0.10772590	-0.03560654	0.09994488	-0.00082724	-0.00075208	0.03865898
3.733318	0.10775015	-0.03562389	0.10054131	-0.00064302	0.00134420	0.03839143
3.749985	0.10769684	-0.03565922	0.10116673	-0.00033222	0.00385640	0.03721163
3.766652	0.10765054	-0.03560458	0.10178524	0.00035018	0.00734155	0.03584321
3.783318	0.10765812	-0.03541837	0.10240997	0.00088245	0.01085835	0.03390381
3.799985	0.10772905	-0.03516399	0.10297813	0.00095338	0.01369489	0.03086333
3.816651	0.10780167	-0.03484173	0.10346561	0.00044655	0.01516873	0.02739858
3.833318	0.10778048	-0.03465012	0.10386655	-0.00057183	0.01527457	0.02395688
3.849984	0.10771076	-0.03436668	0.10421713	-0.00152119	0.01355091	0.02061785
3.866651	0.10766011	-0.03416632	0.10454405	-0.00164014	0.01229641	0.01823529
3.883318	0.10763411	-0.03391228	0.10484172	-0.00121780	0.01206788	0.01655131
3.899984	0.10766245	-0.03382789	0.10506076	-0.00085056	0.01111137	0.01407223
3.916651	0.10766020	-0.03359412	0.10532562	-0.00027549	0.00950176	0.01020924
3.933317	0.10762931	-0.03342595	0.10549786	0.00062742	0.00788699	0.00614012
3.949984	0.10760533	-0.03327111	0.10557628	0.00183520	0.00573516	0.00171420
3.966651	0.10765160	-0.03322805	0.10550118	0.00338299	0.00169516	-0.00390155
3.983317	0.10775802	-0.03321419	0.10541263	0.00510140	-0.00150573	-0.00957217
3.999984	0.10787901	-0.03329082	0.10523297	0.00640171	-0.00208908	-0.01416063
4.016651	0.10797759	-0.03342620	0.10493895	0.00676031	-0.00080521	-0.01798972
4.033317	0.10809617	-0.03345846	0.10456449	0.00670588	0.00129037	-0.02225158
4.049984	0.10820528	-0.03333887	0.10417088	0.00676046	0.00423787	-0.02655249
4.066650	0.10831978	-0.03321224	0.10373748	0.00702369	0.00628768	-0.03126783
4.083317	0.10843615	-0.03306022	0.10319651	0.00680069	0.00474257	-0.03652818
4.099984	0.10855026	-0.03297776	0.10253970	0.00605068	0.00085680	-0.04127187
4.116650	0.10868263	-0.03294494	0.10174178	0.00481827	-0.00336872	-0.04406350
4.133317	0.10873837	-0.03312352	0.10092129	0.00349683	-0.00821735	-0.04452567
4.149983	0.10878307	-0.03330126	0.10015898	0.00259434	-0.01274609	-0.04245555
4.166650	0.10877392	-0.03354625	0.09949429	0.00245669	-0.01527057	-0.03860698
4.183317	0.10880625	-0.03384981	0.09888768	0.00312240	-0.01482157	-0.03405089
4.199983	0.10887870	-0.03414496	0.09836610	0.00361373	-0.01332724	-0.02919294
4.216650	0.10897043	-0.03439590	0.09788455	0.00327737	-0.01102839	-0.02401596
4.233316	0.10906744	-0.03446551	0.09753067	0.00188541	-0.00840941	-0.01871414
4.249983	0.10907081	-0.03458116	0.09726541	0.00001322	-0.00602900	-0.01358690
4.266650	0.10902922	-0.03464457	0.09711698	-0.00203089	-0.00512183	-0.00881102
4.283316	0.10895604	-0.03476009	0.09701319	-0.00403737	-0.00525631	-0.00495298
4.299983	0.10889021	-0.03482071	0.09696216	-0.00559518	-0.00574872	-0.00204318
4.316649	0.10881087	-0.03492133	0.09696113	-0.00617417	-0.00505319	0.00072405
4.333316	0.10866700	-0.03500859	0.09698598	-0.00617924	-0.00258009	0.00349236
4.349982	0.10852446	-0.03514608	0.09704962	-0.00614664	0.00053553	0.00562774
4.366649	0.10844722	-0.03505800	0.09719838	-0.00577646	0.00291162	0.00675755
4.383316	0.10837311	-0.03493613	0.09734239	-0.00427944	0.00446686	0.00731531
4.399982	0.10831410	-0.03473313	0.09749384	-0.00300897	0.00422755	0.00759951
4.416649	0.10822528	-0.03473663	0.09756353	-0.00282903	0.00159054	0.00782102
4.433315	0.10824816	-0.03472125	0.09768363	-0.00319370	-0.00139928	0.00870835
4.449982	0.10819684	-0.03483561	0.09783120	-0.00368228	-0.00347072	0.01132761
4.466649	0.10813675	-0.03490500	0.09803284	-0.00457151	-0.00342639	0.01665871
4.483315	0.10801251	-0.03497368	0.09830167	-0.00568083	-0.00307971	0.02340952
4.499982	0.10790382	-0.03502569	0.09871060	-0.00561783	-0.00207889	0.02985698
4.516648	0.10780538	-0.03498891	0.09935003	-0.00450624	-0.00137672	0.03447342
4.533315	0.10772027	-0.03506577	0.10005919	-0.00309212	0.00087865	0.03762580
4.549982	0.10770317	-0.03502106	0.10073669	-0.00265540	0.00439841	0.03900003
4.566648	0.10770196	-0.03505061	0.10130128	-0.00265950	0.00846000	0.03849045
4.583315	0.10767806	-0.03476959	0.10193384	-0.00268084	0.01234182	0.03783659
4.599981	0.10757674	-0.03449732	0.10258038	-0.00231457	0.01482232	0.03715314
4.616648	0.10750505	-0.03415361	0.10323447	-0.00138149	0.01594056	0.03557700
4.633315	0.10748141	-0.03391074	0.10386257	0.00002228	0.01588735	0.03232034
4.649981	0.10755234	-0.03372662	0.10434334	0.00115596	0.01683914	0.02868515
4.666648	0.10760795	-0.03346397	0.10478128	0.00083283	0.01660592	0.02417298
4.683314	0.10764201	-0.03314099	0.10510377	-0.00033654	0.01463181	0.01846217
4.699981	0.10759844	-0.03273141	0.10546830	-0.00094675	0.01244326	0.01306695
4.716648	0.10750645	-0.03260573	0.10563075	-0.00045181	0.01176068	0.00945889
4.733315	0.10748352	-0.03259831	0.10566079	0.00021026	0.01196453	0.00733080
4.749981	0.10754440	-0.03248481	0.10568478	0.00089098	0.01219868	0.00563497
4.766647	0.10763691	-0.03213692	0.10581501	0.00122153	0.01275900	0.00488522
4.783314	0.10763872	-0.03173758	0.10599511	0.00119694	0.01176017	0.00355893
4.799981	0.10760647	-0.03156399	0.10606293	0.00143890	0.00856764	0.00036922
4.816647	0.10757964	-0.03155215	0.10602760	0.00273292	0.00506053	-0.00426354
4.833314	0.10765547	-0.03162231	0.10586581	0.00494318	0.00366279	-0.00918936
4.849980	0.10779094	-0.03157821	0.10565849	0.00619883	0.00458492	-0.01385579
4.866647	0.10795957	-0.03140296	0.10543069	0.00571428	0.00551341	-0.01883943
4.883314	0.10808644	-0.03123372	0.10509901	0.00356184	0.00385666	-0.02416032
4.899980	0.10808855	-0.03111942	0.10467502	0.00125677	-0.00124675	-0.02949153
4.916647	0.10805789	-0.03120073	0.10407074	-0.00021890	-0.00757511	-0.03404076
4.933313	0.10797620	-0.03144164	0.10342849	-0.00095517	-0.01455630	-0.03674023
4.949980	0.10800280	-0.03178521	0.10276800	-0.00117619	-0.02035546	-0.03729135
4.966647	0.10802621	-0.03212837	0.10213671	-0.00127879	-0.02337623	-0.03609191
4.983313	0.10800333	-0.03261907	0.10157064	-0.00124086	-0.02349040	-0.03404788
4.999980	0.10795180	-0.03302220	0.10100650	-0.00113294	-0.02165086	-0.03173610
5.016646	0.10787326	-0.03343957	0.10050186	-0.00016987	-0.01793455	-0.02967273
5.033313	0.10790362	-0.03364529	0.10002807	0.00194193	-0.01165385	-0.02766266
5.049980	0.10795850	-0.03382261	0.09958288	0.00462467	-0.00436673	-0.02563636
5.066646	0.10807094	-0.03385059	0.09917726	0.00625989	0.00164731	-0.02394701
5.083313	0.10822007	-0.03370803	0.09878870	0.00622018	0.00511389	-0.02218933
5.099979	0.10835013	-0.03351298	0.09844011	0.00488071	0.00650371	-0.01999517
5.116646	0.10842757	-0.03336169	0.09810064	0.00267861	0.00552468	-0.01716807
5.133313	0.10843625	-0.03331270	0.09782327	0.00090301	0.00366222	-0.01439898
5.149979	0.10838544	-0.03333638	0.09761906	0.00014253	0.00217671	-0.01160462
5.166646	0.10836125	-0.03332649	0.09748653	0.00007145	0.00145732	-0.00827048
5.183312	0.10838378	-0.03327734	0.09734468	-0.00043150	0.00068777	-0.00457941
5.199979	0.10843409	-0.03321779	0.09727461	-0.00119918	-0.00052156	-0.00086218
5.216646	0.10843394	-0.03321409	0.09728004	-0.00189324	-0.00248979	0.00258484
5.233312	0.10830950	-0.03333172	0.09739999	-0.00248750	-0.00451077	0.00603235
5.249979	0.10823836	-0.03343531	0.09755609	-0.00302219	-0.00552260	0.00899315
5.266645	0.10819359	-0.03358351	0.09770361	-0.00339081	-0.00491949	0.01115375
5.283312	0.10821147	-0.03363750	0.09790819	-0.00431957	-0.00373639	0.01288650
5.299979	0.10815447	-0.03367576	0.09812589	-0.00691405	-0.00255442	0.01530005
5.316645	0.10800728	-0.03367282	0.09840391	-0.01092725	-0.00146576	0.01909126
5.333312	0.10777960	-0.03371542	0.09871710	-0.01502065	-0.00150053	0.02344770
5.349978	0.10746533	-0.03373408	0.09912573	-0.01721378	-0.00215332	0.02846431
5.366645	0.10711852	-0.03375690	0.09968608	-0.01663811	-0.00182557	0.03408725
5.383312	0.10679246	-0.03381955	0.10027388	-0.01381932	0.00031140	0.04013215
5.399978	0.10657165	-0.03386395	0.10101544	-0.00976235	0.00260736	0.04444829
5.416645	0.10650231	-0.03378704	0.10179181	-0.00500420	0.00419369	0.04568211
5.433311	0.10647508	-0.03360397	0.10269432	-0.00019137	0.00536273	0.04397976
5.449978	0.10650092	-0.03346762	0.10344572	0.00369535	0.00682053	0.03988260
5.466645	0.10657662	-0.03341952	0.10404875	0.00624968	0.00912493	0.03461431
5.483311	0.10673188	-0.03336271	0.10450652	0.00737510	0.01238908	0.02897751
5.499978	0.10692228	-0.03313018	0.10491400	0.00677164	0.01571205	0.02369525
5.516644	0.10705675	-0.03271793	0.10532973	0.00466762	0.01613096	0.01770854
5.533311	0.10710260	-0.03229356	0.10564390	0.00224967	0.01390714	0.01121887
5.549978	0.10706552	-0.03204466	0.10578408	0.00084199	0.01008516	0.00471244
5.566644	0.10701260	-0.03211832	0.10571045	0.00061121	0.00575588	-0.00056181
5.583311	0.10704024	-0.03210037	0.10558219	0.00109453	0.00211173	-0.00370802
5.599977	0.10710894	-0.03208049	0.10548004	0.00163008	0.00068182	-0.00422889
5.616644	0.10717106	-0.03195244	0.10545696	0.00156187	0.00081353	-0.00266113
5.633311	0.10718130	-0.03198039	0.10542139	0.00115637	0.00065778	-0.00109669
5.649977	0.10715535	-0.03202977	0.10542072	0.00142586	0.00053222	-0.00075590
5.666644	0.10715114	-0.03205365	0.10543112	0.00267138	0.00236035	-0.00172761
5.683311	0.10720715	-0.03201128	0.10541841	0.00490727	0.00574684	-0.00462884
5.699977	0.10733616	-0.03188725	0.10535460	0.00802140	0.00747812	-0.01073089
5.716644	0.10748794	-0.03161862	0.10518069	0.01103722	0.00725319	-0.01911234
5.733310	0.10768762	-0.03147047	0.10480872	0.01227175	0.00531875	-0.02839163
5.749977	0.10795078	-0.03141825	0.10419375	0.01147770	0.00089245	-0.03748801
5.766644	0.10820278	-0.03148839	0.10344478	0.00945982	-0.00682275	-0.04522215
5.783310	0.10833379	-0.03159154	0.10260200	0.00684890	-0.01447182	-0.04946270
5.799977	0.10836910	-0.03184258	0.10172588	0.00383937	-0.01940187	-0.04941941
5.816643	0.10836553	-0.03238372	0.10081831	0.00167389	-0.02164283	-0.04628029
5.833310	0.10840662	-0.03285164	0.10005185	0.00133575	-0.02255721	-0.04113910
5.849977	0.10840910	-0.03321896	0.09943566	0.00230444	-0.02108392	-0.03470431
5.866643	0.10845144	-0.03342425	0.09895433	0.00324806	-0.01802817	-0.02856162
5.883310	0.10850704	-0.03370953	0.09855022	0.00324828	-0.01627271	-0.02416203
5.899976	0.10861264	-0.03399362	0.09820289	0.00283779	-0.01613212	-0.02095108
5.916643	0.10867984	-0.03427318	0.09786620	0.00235100	-0.01507869	-0.01734327
5.933310	0.10866560	-0.03454408	0.09756527	0.00160255	-0.01233422	-0.01307504
5.949976	0.10866392	-0.03476844	0.09733923	0.00026278	-0.00977924	-0.00901028
5.966643	0.10867889	-0.03484105	0.09728868	-0.00073582	-0.00814719	-0.00568593
5.983309	0.10869554	-0.03491959	0.09728034	-0.00116792	-0.00665647	-0.00338217
5.999976	0.10864796	-0.03499732	0.09726752	-0.00152514	-0.00545226	-0.00229866
6.016643	0.10858791	-0.03518418	0.09718849	-0.00192487	-0.00441078	-0.00243985
6.033309	0.10855021	-0.03524498	0.09711969	-0.00194927	-0.00317202	-0.00257929
6.049976	0.10853913	-0.03527694	0.09709531	-0.00141364	-0.00142130	-0.00195947
6.066642	0.10852376	-0.03521415	0.09706564	-0.00151400	-0.00059996	-0.00050847
6.083309	0.10850574	-0.03522320	0.09707066	-0.00278124	-0.00178211	0.00141271
6.099976	0.10847893	-0.03521951	0.09708039	-0.00519159	-0.00389196	0.00438249
6.116642	0.10837699	-0.03535762	0.09715918	-0.00804435	-0.00611958	0.00896908
6.133309	0.10821980	-0.03548703	0.09732027	-0.01068317	-0.00745612	0.01468921
6.149975	0.10796582	-0.03565576	0.09761222	-0.01224545	-0.00809235	0.02102912
6.166642	0.10772940	-0.03578040	0.09804980	-0.01236663	-0.00670182	0.02741888
6.183309	0.10750261	-0.03588152	0.09856647	-0.01147066	-0.00400742	0.03348304
6.199975	0.10734931	-0.03599440	0.09917986	-0.01009696	0.00016352	0.03863451
6.216641	0.10721369	-0.03592914	0.09985974	-0.00922497	0.00484578	0.04249541
6.233308	0.10707222	-0.03584426	0.10062853	-0.00890687	0.00925070	0.04455759
6.249975	0.10692967	-0.03555041	0.10143644	-0.00848457	0.01226872	0.04449069
6.266642	0.10675260	-0.03531229	0.10221310	-0.00668409	0.01361648	0.04204443
6.283308	0.10661978	-0.03505711	0.10290100	-0.00327171	0.01399545	0.03748275
6.299974	0.10656347	-0.03486427	0.10348976	0.00084043	0.01382219	0.03170071
6.316641	0.10664863	-0.03466691	0.10394977	0.00463696	0.01435872	0.02605449
6.333308	0.10682651	-0.03440848	0.10433002	0.00720940	0.01482856	0.02115537
6.349975	0.10698748	-0.03413768	0.10460397	0.00802252	0.01465513	0.01685309
6.366641	0.10712525	-0.03384070	0.10487028	0.00680688	0.01286320	0.01296172
6.383307	0.10721244	-0.03362771	0.10506260	0.00486245	0.01040159	0.00969175
6.399974	0.10728592	-0.03349937	0.10519846	0.00302752	0.00782350	0.00716380
6.416641	0.10730241	-0.03345113	0.10525846	0.00183434	0.00630702	0.00492016
6.433308	0.10732372	-0.03336306	0.10530940	0.00157409	0.00573546	0.00261457
6.449974	0.10731030	-0.03328595	0.10536703	0.00238367	0.00688753	0.00030372
6.466640	0.10735830	-0.03310280	0.10538541	0.00441553	0.00982236	-0.00227922
6.483307	0.10743174	-0.03302334	0.10530984	0.00715471	0.01338763	-0.00648222
6.499974	0.10758505	-0.03273480	0.10518672	0.00939343	0.01521131	-0.01256620
6.516641	0.10779385	-0.03242913	0.10496031	0.00978906	0.01404082	-0.01939040
6.533307	0.10801856	-0.03203255	0.10458896	0.00846959	0.01103359	-0.02580295
6.549973	0.10816987	-0.03189545	0.10404897	0.00635466	0.00652450	-0.03147607
6.566640	0.10820737	-0.03194320	0.10342324	0.00410655	0.00118275	-0.03592524
6.583307	0.10819839	-0.03201649	0.10279380	0.00224241	-0.00386147	-0.03801521
6.599974	0.10823555	-0.03208097	0.10214313	0.00180841	-0.00607649	-0.03748808
6.616640	0.10827336	-0.03217182	0.10148071	0.00284304	-0.00680934	-0.03554980
6.633307	0.10832482	-0.03233424	0.10088854	0.00455579	-0.00715365	-0.03329473
6.649973	0.10839123	-0.03247629	0.10037493	0.00619772	-0.00720388	-0.03098675
6.666640	0.10850725	-0.03260385	0.09992898	0.00786207	-0.00657347	-0.02879460
6.683306	0.10868651	-0.03267606	0.09946108	0.00839118	-0.00601110	-0.02675589
6.699973	0.10885210	-0.03276237	0.09899573	0.00701114	-0.00671671	-0.02478665
6.716640	0.10902628	-0.03284241	0.09857090	0.00405529	-0.00802997	-0.02234222
6.733306	0.10903960	-0.03299878	0.09823292	0.00045110	-0.00924209	-0.01907986
6.749973	0.10898609	-0.03321697	0.09795215	-0.00330416	-0.01029697	-0.01565079
6.766639	0.10886460	-0.03340051	0.09773347	-0.00598813	-0.01083658	-0.01240180
6.783306	0.10874713	-0.03357301	0.09754892	-0.00679175	-0.01013236	-0.00918545
6.799973	0.10860820	-0.03373305	0.09740622	-0.00700208	-0.00953952	-0.00564045
6.816639	0.10850438	-0.03388652	0.09733046	-0.00750895	-0.00958035	-0.00201185
6.833306	0.10840663	-0.03401842	0.09733091	-0.00856012	-0.00954256	0.00170638
6.849972	0.10827158	-0.03420192	0.09741753	-0.00938915	-0.00858154	0.00531284
6.866639	0.10807690	-0.03436582	0.09753135	-0.01062062	-0.00763755	0.00843349
6.883306	0.10785389	-0.03451082	0.09770465	-0.01191569	-0.00669501	0.01121891
6.899972	0.10768558	-0.03453668	0.09790597	-0.01271264	-0.00518378	0.01427079
6.916639	0.10745445	-0.03463953	0.09815332	-0.01293575	-0.00403227	0.01789029
6.933305	0.10724976	-0.03468570	0.09847131	-0.01343699	-0.00382173	0.02208093
6.949972	0.10699280	-0.03475500	0.09887040	-0.01430234	-0.00436934	0.02632554
6.966639	0.10677709	-0.03481655	0.09936130	-0.01451886	-0.00430994	0.03048555
6.983305	0.10651690	-0.03488507	0.09993182	-0.01330500	-0.00407109	0.03371360
6.999972	0.10625700	-0.03500751	0.10051083	-0.01005456	-0.00216461	0.03635399
7.016638	0.10606609	-0.03502513	0.10117277	-0.00508724	0.00284405	0.03898610
7.033305	0.10601207	-0.03504845	0.10177197	0.00127763	0.00983797	0.04025852
7.049972	0.10612847	-0.03480775	0.10251176	0.00678382	0.01523300	0.03867683
7.066638	0.10634980	-0.03437358	0.10324074	0.00983011	0.01758290	0.03438703
7.083305	0.10661510	-0.03391604	0.10383877	0.00968948	0.01851836	0.02929371
7.099971	0.10677433	-0.03365118	0.10422204	0.00714759	0.01812272	0.02369302
7.116638	0.10685962	-0.03353497	0.10442683	0.00323237	0.01711301	0.01829292
7.133305	0.10683086	-0.03326998	0.10472609	-0.00073135	0.01645484	0.01435993
7.149971	0.10680171	-0.03290716	0.10498236	-0.00345123	0.01679476	0.01230088
7.166638	0.10670024	-0.03252300	0.10518266	-0.00444790	0.01519250	0.00972774
7.183304	0.10659884	-0.03228566	0.10531370	-0.00341529	0.01134806	0.00520313
7.199971	0.10650641	-0.03214628	0.10537420	-0.00095636	0.00792659	-0.00019018
7.216638	0.10649610	-0.03217803	0.10535459	0.00330397	0.00611973	-0.00636208
7.233304	0.10660942	-0.03210055	0.10519436	0.00876359	0.00557246	-0.01362530
7.249971	0.10677962	-0.03196997	0.10491589	0.01392594	0.00534838	-0.02168549
7.266637	0.10709952	-0.03178670	0.10449230	0.01637808	0.00440050	-0.02892901
7.283304	0.10745520	-0.03170856	0.10390717	0.01540749	0.00073474	-0.03465554
7.299971	0.10779949	-0.03174670	0.10322720	0.01211603	-0.00517912	-0.03883962
7.316637	0.10794796	-0.03186449	0.10253999	0.00786583	-0.01039023	-0.04067773
7.333304	0.10794638	-0.03213647	0.10183936	0.00414124	-0.01252693	-0.03986587
7.349970	0.10792609	-0.03246590	0.10115873	0.00238926	-0.01187836	-0.03723420
7.366637	0.10795368	-0.03268552	0.10053029	0.00331522	-0.00916144	-0.03425862
7.383304	0.10804203	-0.03278322	0.10000797	0.00453265	-0.00560854	-0.03148960
7.399970	0.10816714	-0.03275263	0.09956622	0.00474503	-0.00310361	-0.02917436
7.416637	0.10829090	-0.03275376	0.09909937	0.00409586	-0.00160888	-0.02700206
7.433303	0.10831459	-0.03280612	0.09864003	0.00284800	-0.00160414	-0.02482480
7.449970	0.10833301	-0.03289144	0.09818237	0.00072263	-0.00311756	-0.02240834
7.466637	0.10832725	-0.03288523	0.09785599	-0.00197948	-0.00599785	-0.01940839
7.483303	0.10833441	-0.03295894	0.09758763	-0.00406628	-0.00916306	-0.01585445
7.499970	0.10823095	-0.03310183	0.09735802	-0.00564510	-0.01215463	-0.01206854
7.516636	0.10805771	-0.03346737	0.09716080	-0.00626567	-0.01450788	-0.00853006
7.533303	0.10792762	-0.03375262	0.09702513	-0.00552083	-0.01536647	-0.00519706
7.549970	0.10781806	-0.03403101	0.09699652	-0.00372907	-0.01440142	-0.00255228
7.566636	0.10783418	-0.03419188	0.09701831	-0.00234188	-0.01237101	-0.00089765
7.583303	0.10783561	-0.03438380	0.09704344	-0.00336689	-0.01098885	0.00153002
7.599969	0.10781856	-0.03455939	0.09702977	-0.00699024	-0.01051462	0.00616005
7.616636	0.10771548	-0.03473618	0.09702744	-0.01431333	-0.01272963	0.01393868
7.633303	0.10739628	-0.03490714	0.09730755	-0.02226775	-0.01540131	0.02335349
7.649969	0.10700292	-0.03512910	0.09781238	-0.02728581	-0.01637160	0.03293948
7.666636	0.10626690	-0.03557930	0.09861687	-0.02635907	-0.01284830	0.04113787
7.683302	0.10575428	-0.03588275	0.09935287	-0.02012358	-0.00588021	0.04618600
7.699969	0.10538349	-0.03602983	0.10015579	-0.01016107	0.00431450	0.04815736
7.716636	0.10547691	-0.03565924	0.10095458	0.00088096	0.01467835	0.04715551
7.733302	0.10566685	-0.03527754	0.10177889	0.00860505	0.02164645	0.04453021
7.749969	0.10593391	-0.03470921	0.10259771	0.01099032	0.02348239	0.03968404
7.766635	0.10615090	-0.03439362	0.10318014	0.00838860	0.02023901	0.03262831
7.783302	0.10628376	-0.03404522	0.10369033	0.00486808	0.01521098	0.02424190
7.799969	0.10628314	-0.03385966	0.10397636	0.00185956	0.00945814	0.01657996
7.816635	0.10622535	-0.03375950	0.10416233	0.00031822	0.00538655	0.01079266
7.833302	0.10619783	-0.03370932	0.10427149	0.00023417	0.00296912	0.00663168
7.849968	0.10623369	-0.03377867	0.10431650	0.00128508	0.00233381	0.00413375
7.866635	0.10629272	-0.03371749	0.10439770	0.00270032	0.00237574	0.00211556
7.883302	0.10634300	-0.03364730	0.10441630	0.00373253	0.00249804	-0.00017136
7.899968	0.10639002	-0.03356277	0.10442580	0.00444641	0.00210258	-0.00331899
7.916635	0.10647577	-0.03350720	0.10435420	0.00563598	0.00157299	-0.00714290
7.933301	0.10657169	-0.03357498	0.10418436	0.00756870	0.00213348	-0.01106483
7.949968	0.10670709	-0.03357153	0.10395955	0.00969634	0.00396758	-0.01487410
7.966635	0.10688548	-0.03350441	0.10366039	0.01142924	0.00674964	-0.01764793
7.983301	0.10711394	-0.03331745	0.10334262	0.01232774	0.00905253	-0.01948543
7.999968	0.10735735	-0.03306901	0.10298362	0.01172499	0.00964169	-0.02062128
8.016634	0.10757132	-0.03290083	0.10263837	0.00949815	0.00844035	-0.02193888
8.033301	0.10772263	-0.03278012	0.10227512	0.00639031	0.00573572	-0.02421836
8.049968	0.10778259	-0.03273625	0.10190360	0.00378037	0.00300617	-0.02690266
8.066634	0.10777783	-0.03271635	0.10142108	0.00248355	0.00142962	-0.02927427
8.083301	0.10777046	-0.03271599	0.10085864	0.00303031	0.00091335	-0.03063434
8.099967	0.10782306	-0.03272582	0.10028804	0.00521733	0.00037363	-0.03094857
8.116634	0.10793263	-0.03269121	0.09977209	0.00761117	-0.00059573	-0.03038717
8.133301	0.10811815	-0.03267159	0.09932905	0.00781997	-0.00230676	-0.02888251
8.149967	0.10831474	-0.03272981	0.09886237	0.00606670	-0.00442456	-0.02684615
8.166634	0.10845064	-0.03282008	0.09837730	0.00355197	-0.00682346	-0.02512271
8.183300	0.10839626	-0.03301761	0.09796921	0.00137356	-0.00859888	-0.02335703
8.199967	0.10834940	-0.03314222	0.09761218	0.00003077	-0.00944974	-0.02049320
8.216634	0.10830073	-0.03334243	0.09730536	0.00045128	-0.00927299	-0.01705579
8.233300	0.10838491	-0.03346757	0.09701824	0.00225552	-0.00839533	-0.01430379
8.249967	0.10842944	-0.03363048	0.09681917	0.00347079	-0.00739788	-0.01226072
8.266633	0.10852533	-0.03373415	0.09667016	0.00286364	-0.00635887	-0.00977069
8.283300	0.10858262	-0.03382010	0.09651171	0.00108611	-0.00586637	-0.00690117
8.299967	0.10860243	-0.03389762	0.09637079	-0.00081417	-0.00563730	-0.00440003
8.316633	0.10852975	-0.03398470	0.09633259	-0.00301690	-0.00610475	-0.00164953
8.333300	0.10845840	-0.03409989	0.09634857	-0.00493420	-0.00593255	0.00130930
8.349966	0.10835430	-0.03421833	0.09641237	-0.00633302	-0.00537461	0.00396142
8.366633	0.10825735	-0.03434091	0.09649882	-0.00802878	-0.00559369	0.00648196
8.383300	0.10811610	-0.03435840	0.09659585	-0.01039211	-0.00718228	0.00966829
8.399966	0.10795384	-0.03443917	0.09676616	-0.01284157	-0.00950456	0.01339743
8.416633	0.10768107	-0.03461122	0.09701080	-0.01506633	-0.01212766	0.01740302
8.433299	0.10739664	-0.03492448	0.09737589	-0.01706384	-0.01458003	0.02186721
8.449966	0.10708020	-0.03522656	0.09777728	-0.01803037	-0.01513657	0.02689004
8.466633	0.10679124	-0.03548514	0.09823018	-0.01690715	-0.01263623	0.03185620
8.483299	0.10646391	-0.03569208	0.09878933	-0.01417110	-0.00773422	0.03613203
8.499966	0.10621871	-0.03580323	0.09946763	-0.01018089	-0.00210591	0.03985052
8.516632	0.10608567	-0.03577572	0.10021158	-0.00522385	0.00386921	0.04244255
8.533299	0.10606414	-0.03564018	0.10094598	0.00009939	0.00967562	0.04336725
8.549966	0.10613591	-0.03541303	0.10167209	0.00428216	0.01432114	0.04286809
8.566632	0.10625596	-0.03512540	0.10237775	0.00700369	0.01747116	0.04167514
8.583299	0.10641544	-0.03478725	0.10306913	0.00811576	0.01909679	0.03955019
8.599965	0.10656340	-0.03444485	0.10373197	0.00809125	0.01943710	0.03550719
8.616632	0.10671143	-0.03410006	0.10434321	0.00772297	0.01951691	0.03023141
8.633299	0.10681073	-0.03380318	0.10481911	0.00705793	0.02040696	0.02503327
8.649965	0.10691752	-0.03350314	0.10511679	0.00578637	0.02176562	0.02025951
8.666632	0.10703152	-0.03313970	0.10536735	0.00422736	0.02192532	0.01542854
8.683298	0.10710903	-0.03268294	0.10561477	0.00321002	0.02062953	0.01101457
8.699965	0.10712385	-0.03226296	0.10583828	0.00251905	0.01847414	0.00738683
8.716632	0.10711451	-0.03202324	0.10590654	0.00213434	0.01523547	0.00373786
8.733298	0.10715811	-0.03187107	0.10588286	0.00225824	0.01078528	-0.00057519
8.749965	0.10722002	-0.03172202	0.10583241	0.00287825	0.00688759	-0.00504794
8.766631	0.10728977	-0.03158861	0.10575847	0.00393139	0.00479108	-0.00876352
8.783298	0.10733313	-0.03154632	0.10559557	0.00559966	0.00367058	-0.01227130
8.799965	0.10739782	-0.03154932	0.10532384	0.00822648	0.00300615	-0.01651644
8.816631	0.10754734	-0.03151913	0.10500919	0.01109176	0.00241817	-0.02148648
8.833298	0.10778706	-0.03144883	0.10464377	0.01364829	0.00195580	-0.02675414
8.849964	0.10810059	-0.03135724	0.10417622	0.01528739	0.00118273	-0.03177436
8.866631	0.10836205	-0.03137237	0.10358933	0.01491847	0.00042517	-0.03574713
8.883298	0.10861699	-0.03140349	0.10287886	0.01264875	-0.00017947	-0.03804427
8.899964	0.10882481	-0.03146800	0.10218658	0.00949003	-0.00100026	-0.03914521
8.916631	0.10894683	-0.03142665	0.10155112	0.00625762	-0.00226376	-0.03952537
8.933297	0.10902370	-0.03141504	0.10096126	0.00308101	-0.00415830	-0.03887110
8.949964	0.10901610	-0.03149348	0.10030269	0.00006150	-0.00714402	-0.03734004
8.966631	0.10900721	-0.03167775	0.09960540	-0.00220948	-0.01091023	-0.03509934
8.983297	0.10895381	-0.03191401	0.09900594	-0.00394070	-0.01382843	-0.03199400
8.999964	0.10884586	-0.03218912	0.09852947	-0.00638219	-0.01706631	-0.02738714
9.016630	0.10876810	-0.03245618	0.09815822	-0.00923093	-0.02074345	-0.02223970
9.033297	0.10860074	-0.03276262	0.09780958	-0.01086686	-0.02322581	-0.01782823
9.049964	0.10835242	-0.03325886	0.09754772	-0.01069878	-0.02327334	-0.01435319
9.066630	0.10810036	-0.03375815	0.09734059	-0.00907499	-0.02102465	-0.01108807
9.083297	0.10793456	-0.03415329	0.09720106	-0.00607769	-0.01646974	-0.00758107
9.099963	0.10793683	-0.03430752	0.09708778	-0.00258804	-0.01002686	-0.00414925
9.116630	0.10795457	-0.03435383	0.09703600	-0.00047960	-0.00460334	-0.00084538
9.133297	0.10799629	-0.03436818	0.09705604	0.00012666	-0.00089085	0.00163057
9.149963	0.10799298	-0.03434089	0.09713528	0.00014793	0.00179169	0.00328315
9.166630	0.10792457	-0.03437955	0.09724484	0.00035752	0.00430746	0.00438867
9.183296	0.10795111	-0.03425792	0.09729415	0.00007909	0.00526095	0.00521047
9.199963	0.10796525	-0.03411683	0.09736181	-0.00071980	0.00441486	0.00618188
9.216630	0.10803305	-0.03392720	0.09745449	-0.00252877	0.00226757	0.00798284
9.233296	0.10795338	-0.03395219	0.09761013	-0.00622882	-0.00126575	0.01090583
9.249963	0.10781524	-0.03406985	0.09782181	-0.01123284	-0.00535738	0.01470017
9.266629	0.10759182	-0.03422508	0.09807671	-0.01620735	-0.00901922	0.01908042
9.283296	0.10725338	-0.03437531	0.09842066	-0.02002720	-0.01144222	0.02364004
9.299963	0.10687299	-0.03455050	0.09886157	-0.02244720	-0.01265535	0.02840098
9.316629	0.10644173	-0.03480013	0.09938943	-0.02164157	-0.01106609	0.03321609
9.333296	0.10603243	-0.03509079	0.09998757	-0.01712549	-0.00696492	0.03775105
9.349962	0.10571834	-0.03524166	0.10064521	-0.00947144	-0.00077427	0.04180418
9.366629	0.10561827	-0.03513480	0.10138050	-0.00011690	0.00667575	0.04456627
9.383296	0.10573708	-0.03489599	0.10217815	0.00894997	0.01331426	0.04549972
9.399962	0.10604375	-0.03455349	0.10300490	0.01540410	0.01634399	0.04356763
9.416629	0.10640196	-0.03424901	0.10374787	0.01795914	0.01619338	0.03876877
9.433295	0.10677216	-0.03395282	0.10439274	0.01684315	0.01483310	0.03250645
9.449962	0.10702983	-0.03378129	0.10482012	0.01325184	0.01396384	0.02642542
9.466629	0.10722100	-0.03358525	0.10516029	0.00848293	0.01314869	0.02095387
9.483295	0.10729928	-0.03338600	0.10544120	0.00412376	0.01202294	0.01608587
9.499962	0.10732330	-0.03308809	0.10573067	0.00152894	0.01107122	0.01195175
9.516628	0.10727458	-0.03292839	0.10591894	0.00042021	0.00974292	0.00803392
9.533295	0.10725784	-0.03279997	0.10599309	0.00056200	0.00844076	0.00390535
9.549962	0.10728853	-0.03272894	0.10598553	0.00188243	0.00733934	-0.00055947
9.566628	0.10733666	-0.03261818	0.10595052	0.00346368	0.00689228	-0.00462206
9.583295	0.10740942	-0.03244336	0.10586566	0.00433089	0.00560617	-0.00859003
9.599961	0.10750946	-0.03233754	0.10569865	0.00487091	0.00434354	-0.01242188
9.616628	0.10758539	-0.03225797	0.10544633	0.00601950	0.00363322	-0.01647389
9.633294	0.10767587	-0.03233618	0.10510332	0.00779781	0.00407493	-0.02064888
9.649961	0.10777485	-0.03227193	0.10475791	0.00956878	0.00532173	-0.02454969
9.666628	0.10798912	-0.03215567	0.10431041	0.01030051	0.00646309	-0.02793442
9.683294	0.10822768	-0.03192613	0.10381949	0.00952654	0.00659260	-0.03100527
9.699961	0.10843525	-0.03178551	0.10324682	0.00749263	0.00500009	-0.03348595
9.716627	0.10850401	-0.03175838	0.10265752	0.00493458	0.00205244	-0.03471902
9.733294	0.10850202	-0.03179465	0.10205385	0.00372382	-0.00150255	-0.03473605
9.749961	0.10849993	-0.03183518	0.10146566	0.00478407	-0.00419676	-0.03407116
9.766627	0.10857286	-0.03191946	0.10090940	0.00697772	-0.00636098	-0.03350588
9.783294	0.10876551	-0.03202503	0.10038596	0.00774521	-0.00901222	-0.03242398
9.799960	0.10899740	-0.03220617	0.09984176	0.00646806	-0.01170193	-0.03071600
9.816628	0.10913844	-0.03241552	0.09929853	0.00298572	-0.01343172	-0.02826575
9.833294	0.10910066	-0.03271531	0.09883429	-0.00158948	-0.01422800	-0.02483367
9.849960	0.10899390	-0.03296659	0.09844220	-0.00580563	-0.01486177	-0.02082248
9.866627	0.10881348	-0.03319310	0.09816710	-0.00807646	-0.01485173	-0.01710142
9.883293	0.10869439	-0.03340067	0.09793619	-0.00858620	-0.01322323	-0.01374246
9.899961	0.10852136	-0.03367850	0.09772839	-0.00832859	-0.01061766	-0.01048841
9.916627	0.10841722	-0.03388803	0.09754570	-0.00754728	-0.00744238	-0.00698945
9.933293	0.10826985	-0.03397034	0.09743785	-0.00629949	-0.00381972	-0.00315843
9.949960	0.10816482	-0.03394231	0.09742895	-0.00466952	-0.00023551	0.00027116
9.966626	0.10809772	-0.03388112	0.09751590	-0.00368924	0.00139693	0.00321311
9.983294	0.10807556	-0.03384017	0.09761323	-0.00369174	0.00085354	0.00591161
9.999960	0.10806849	-0.03381402	0.09769415	-0.00578979	-0.00097810	0.00922967
10.016626	0.10797427	-0.03386781	0.09782040	-0.01043801	-0.00452995	0.01377953
10.033293	0.10778956	-0.03394181	0.09804801	-0.01698370	-0.00872742	0.01957681
10.049959	0.10744229	-0.03408739	0.09846690	-0.02298722	-0.01225692	0.02622291
10.066627	0.10694563	-0.03440484	0.09899151	-0.02570274	-0.01230647	0.03297551
10.083293	0.10638409	-0.03468112	0.09960053	-0.02388021	-0.00883596	0.03846795
10.099959	0.10591296	-0.03495646	0.10028534	-0.01787819	-0.00247209	0.04184997
10.116626	0.10568644	-0.03481059	0.10104596	-0.00861063	0.00488781	0.04324312
10.133292	0.10567813	-0.03461592	0.10182530	0.00175428	0.01127939	0.04274449
10.149960	0.10581572	-0.03426136	0.10255323	0.01029723	0.01496060	0.04051255
10.166626	0.10610662	-0.03403559	0.10319374	0.01501894	0.01517244	0.03677756
10.183292	0.10643611	-0.03379260	0.10376856	0.01611988	0.01378970	0.03228707
10.199959	0.10678181	-0.03356766	0.10427502	0.01430391	0.01223774	0.02818562
10.216625	0.10698835	-0.03337453	0.10470609	0.01080521	0.01292806	0.02496413
10.233293	0.10711321	-0.03320747	0.10506178	0.00642295	0.01419809	0.02204501
10.249959	0.10714529	-0.03300133	0.10540311	0.00246593	0.01538447	0.01870010
10.266625	0.10717521	-0.03265458	0.10572752	-0.00008673	0.01491055	0.01474789
10.283292	0.10712364	-0.03234351	0.10598052	-0.00106186	0.01394195	0.01079660
10.299958	0.10709327	-0.03207164	0.10610329	-0.00082027	0.01291502	0.00715810
10.316626	0.10703538	-0.03204068	0.10612182	0.00016950	0.01188417	0.00409947
10.333292	0.10707950	-0.03184821	0.10615042	0.00193068	0.00938788	0.00063524
10.349958	0.10712662	-0.03165990	0.10618532	0.00421224	0.00619190	-0.00307781
10.366625	0.10722122	-0.03139057	0.10619802	0.00697407	0.00408150	-0.00729836
10.383291	0.10733245	-0.03147541	0.10598381	0.00994038	0.00348601	-0.01216092
10.399959	0.10751071	-0.03157909	0.10571487	0.01250171	0.00482193	-0.01718904
10.416625	0.10777105	-0.03158833	0.10532548	0.01415709	0.00793718	-0.02166980
10.433291	0.10808095	-0.03128726	0.10498001	0.01479524	0.01315471	-0.02455691
10.449958	0.10832669	-0.03091055	0.10455414	0.01410896	0.01647207	-0.02690572
10.466624	0.10855804	-0.03058856	0.10405321	0.01250931	0.01561322	-0.02931554
10.483292	0.10871674	-0.03032077	0.10356844	0.01052931	0.01078966	-0.03222758
10.499958	0.10889193	-0.03020675	0.10298727	0.00897925	0.00487756	-0.03453891
10.516624	0.10903501	-0.03016675	0.10242365	0.00747117	-0.00072735	-0.03602359
10.533291	0.10913545	-0.03026746	0.10175361	0.00589135	-0.00569698	-0.03618128
10.549957	0.10924755	-0.03041464	0.10112062	0.00446902	-0.00992233	-0.03500479
10.566624	0.10927173	-0.03059965	0.10053208	0.00343574	-0.01342394	-0.03294284
10.583291	0.10932328	-0.03085723	0.10002881	0.00268822	-0.01602691	-0.03013642
10.599957	0.10935831	-0.03114922	0.09957340	0.00266661	-0.01748114	-0.02698209
10.616624	0.10939422	-0.03149689	0.09913346	0.00323248	-0.01721181	-0.02334343
10.633290	0.10945473	-0.03182359	0.09872924	0.00312944	-0.01533496	-0.01965382
10.649957	0.10952163	-0.03205892	0.09843826	0.00244317	-0.01255253	-0.01601944
10.666624	0.10959787	-0.03222430	0.09823442	0.00143819	-0.00950355	-0.01261437
10.683290	0.10959031	-0.03231290	0.09809045	0.00047587	-0.00690582	-0.00972621
10.699957	0.10956082	-0.03241803	0.09793977	-0.00077285	-0.00522046	-0.00759236
10.716623	0.10952697	-0.03249778	0.09780671	-0.00175335	-0.00436475	-0.00566198
10.733290	0.10952325	-0.03255908	0.09772167	-0.00251682	-0.00447512	-0.00342959
10.749957	0.10947251	-0.03261790	0.09768012	-0.00442954	-0.00599458	-0.00045616
10.766623	0.10942493	-0.03267454	0.09770921	-0.00807251	-0.00889880	0.00351695
10.783290	0.10927721	-0.03283973	0.09776932	-0.01378013	-0.01293756	0.00879448
10.799956	0.10902605	-0.03311244	0.09792855	-0.02058477	-0.01767212	0.01474751
10.816623	0.10862663	-0.03345739	0.09821904	-0.02669844	-0.02058702	0.02124795
10.833290	0.10804583	-0.03388822	0.09866843	-0.02952241	-0.02026726	0.02776876
10.849957	0.10744242	-0.03430286	0.09919267	-0.02847456	-0.01707747	0.03361719
10.866623	0.10689419	-0.03455991	0.09982685	-0.02371250	-0.01250114	0.03767666
10.883289	0.10659222	-0.03469463	0.10047943	-0.01655075	-0.00647361	0.04006804
10.899956	0.10641301	-0.03467852	0.10122545	-0.00904474	-0.00024295	0.04065068
10.916623	0.10637114	-0.03471402	0.10189506	-0.00241154	0.00572848	0.04025542
10.933290	0.10637105	-0.03454798	0.10259689	0.00266534	0.01122455	0.03903669
10.949956	0.10643633	-0.03436156	0.10316835	0.00589507	0.01551709	0.03653742
10.966622	0.10660674	-0.03395329	0.10382207	0.00689286	0.01734323	0.03269373
10.983289	0.10679196	-0.03358404	0.10435466	0.00674243	0.01658793	0.02794985
10.999956	0.10691764	-0.03328625	0.10482015	0.00605958	0.01491003	0.02330067
11.016623	0.10694012	-0.03315061	0.10509738	0.00471907	0.01271924	0.01842543
11.033289	0.10697375	-0.03302328	0.10532463	0.00345727	0.01109960	0.01370491
11.049955	0.10706372	-0.03281952	0.10554458	0.00330837	0.00969343	0.00874888
11.066622	0.10712460	-0.03258704	0.10570503	0.00430124	0.00802837	0.00357659
11.083289	0.10718835	-0.03242829	0.10574846	0.00565080	0.00572740	-0.00228145
11.099956	0.10724957	-0.03239928	0.10562027	0.00769149	0.00398554	-0.00789076
11.116622	0.10739427	-0.03244866	0.10538378	0.00995517	0.00382239	-0.01181149
11.133288	0.10760155	-0.03242407	0.10511396	0.01144105	0.00623856	-0.01359640
11.149955	0.10787268	-0.03227528	0.10486338	0.01104747	0.01062647	-0.01426315
11.166622	0.10807765	-0.03203811	0.10467476	0.00846155	0.01411388	-0.01591342
11.183289	0.10821825	-0.03170353	0.10445503	0.00462385	0.01393130	-0.01940377
11.199955	0.10821109	-0.03139737	0.10414920	0.00129767	0.01101442	-0.02387105
11.216621	0.10816357	-0.03121133	0.10365190	0.00003397	0.00755878	-0.02832830
11.233288	0.10809430	-0.03123667	0.10306560	0.00059948	0.00402807	-0.03182010
11.249955	0.10812280	-0.03126125	0.10249437	0.00215155	0.00123265	-0.03336730
11.266622	0.10822646	-0.03122239	0.10194059	0.00354563	-0.00047498	-0.03262857
11.283288	0.10832912	-0.03118878	0.10141129	0.00447376	-0.00168768	-0.03089470
11.299954	0.10840271	-0.03118813	0.10088632	0.00479652	-0.00396422	-0.02870620
11.316621	0.10843454	-0.03132801	0.10042281	0.00529284	-0.00630009	-0.02643205
11.333288	0.10851463	-0.03147188	0.10000173	0.00654469	-0.00706161	-0.02390629
11.349955	0.10863828	-0.03167165	0.09965310	0.00862643	-0.00646648	-0.02135494
11.366621	0.10881799	-0.03175241	0.09929944	0.01018361	-0.00568580	-0.01880161
11.383287	0.10902264	-0.03176752	0.09901518	0.01053766	-0.00500344	-0.01604891
11.399954	0.10923993	-0.03181826	0.09873546	0.00993651	-0.00388812	-0.01349909
11.416621	0.10937668	-0.03192932	0.09855913	0.00885438	-0.00314066	-0.01114026
11.433288	0.10950685	-0.03204019	0.09841638	0.00688876	-0.00306241	-0.00915721
11.449954	0.10958932	-0.03204067	0.09828049	0.00389198	-0.00360744	-0.00768408
11.466620	0.10970349	-0.03201977	0.09816714	0.00084907	-0.00434805	-0.00686838
11.483287	0.10968237	-0.03209255	0.09804364	-0.00186623	-0.00579294	-0.00551159
11.499953	0.10957956	-0.03226452	0.09795630	-0.00476392	-0.00788750	-0.00355603
11.516621	0.10945165	-0.03244713	0.09788591	-0.00752500	-0.00963016	-0.00114754
11.533287	0.10933179	-0.03261327	0.09790751	-0.00770568	-0.00873450	0.00067201
11.549953	0.10917733	-0.03274833	0.09795734	-0.00580987	-0.00582906	0.00230552
11.566620	0.10901566	-0.03290635	0.09805069	-0.00417704	-0.00346383	0.00433335
11.583286	0.10901225	-0.03285834	0.09805719	-0.00462027	-0.00354660	0.00690977
11.599954	0.10904518	-0.03283744	0.09817889	-0.00699348	-0.00550604	0.01024634
11.616620	0.10899157	-0.03285933	0.09835213	-0.01136259	-0.00906512	0.01499268
11.633286	0.10869451	-0.03314532	0.09868638	-0.01696146	-0.01409501	0.02050065
11.649953	0.10828119	-0.03347077	0.09906352	-0.02134619	-0.01762777	0.02463943
11.666619	0.10782526	-0.03383582	0.09955935	-0.02142840	-0.01687984	0.02729088
11.683287	0.10744052	-0.03416854	0.10006237	-0.01739297	-0.01247882	0.02927758
11.699953	0.10714578	-0.03436006	0.10053832	-0.01144045	-0.00647788	0.03228383
11.716619	0.10707453	-0.03436285	0.10103243	-0.00611975	-0.00056453	0.03486807
11.733286	0.10705391	-0.03428763	0.10161515	-0.00267320	0.00460979	0.03674794
11.749952	0.10713323	-0.03409725	0.10237943	-0.00103098	0.00810502	0.03757700
11.766620	0.10706604	-0.03402142	0.10303438	-0.00061129	0.01092764	0.03758106
11.783286	0.10702720	-0.03377882	0.10366334	-0.00068009	0.01377590	0.03578148
11.799953	0.10698794	-0.03361261	0.10414381	-0.00128050	0.01641846	0.03235230
11.816619	0.10702282	-0.03321929	0.10472110	-0.00137542	0.01872802	0.02816472
11.833285	0.10703912	-0.03287592	0.10519453	-0.00149795	0.01923571	0.02354467
11.849953	0.10695603	-0.03251993	0.10558851	-0.00120305	0.01743491	0.01840651
11.866619	0.10690980	-0.03220585	0.10578952	-0.00079435	0.01333143	0.01235389
11.883286	0.10686555	-0.03204062	0.10592649	0.00070036	0.00922259	0.00632046
11.899952	0.10695166	-0.03194180	0.10598499	0.00319471	0.00547180	0.00056327
11.916618	0.10700437	-0.03193739	0.10598848	0.00571853	0.00269259	-0.00430537
11.933286	0.10713146	-0.03191125	0.10585687	0.00662754	0.00177313	-0.00710252
11.949952	0.10726527	-0.03187545	0.10564126	0.00506198	0.00167771	-0.00784538
11.966619	0.10742185	-0.03187729	0.10541022	0.00264009	0.00136613	-0.00745013
11.983285	0.10744008	-0.03178696	0.10537088	0.00022695	0.00110588	-0.00660154
11.999951	0.10733446	-0.03181367	0.10532692	-0.00087396	0.00224913	-0.00613521
12.016619	0.10724253	-0.03180238	0.10528861	-0.00030898	0.00393798	-0.00765882
12.033285	0.10722508	-0.03176828	0.10509664	0.00226420	0.00545569	-0.01112067
12.049952	0.10736135	-0.03159466	0.10488329	0.00525719	0.00658897	-0.01476432
12.066618	0.10749804	-0.03141652	0.10457376	0.00729877	0.00649082	-0.01782819
12.083284	0.10766595	-0.03128738	0.10426229	0.00788662	0.00457536	-0.02082285
12.099952	0.10776465	-0.03126340	0.10390387	0.00815413	0.00159037	-0.02413327
12.116618	0.10788492	-0.03127069	0.10351238	0.00859879	-0.00067795	-0.02673622
12.133285	0.10800545	-0.03135569	0.10299290	0.00960942	-0.00170040	-0.02858035
12.149951	0.10821706	-0.03137489	0.10245870	0.01101778	-0.00186235	-0.02972764
12.166617	0.10839354	-0.03141123	0.10194174	0.01228814	-0.00158871	-0.03000100
12.183285	0.10864809	-0.03139993	0.10148098	0.01279348	-0.00197313	-0.02972332
12.199951	0.10883354	-0.03143458	0.10100327	0.01216990	-0.00347850	-0.02923444
12.216618	0.10908429	-0.03147248	0.10051677	0.00947688	-0.00552887	-0.02908048
12.233284	0.10923771	-0.03161443	0.09998628	0.00483902	-0.00840386	-0.02958053
12.249950	0.10934800	-0.03176850	0.09953406	0.00001770	-0.01088855	-0.02912008
12.266618	0.10922517	-0.03198219	0.09903048	-0.00358251	-0.01203929	-0.02649627
12.283284	0.10905685	-0.03224283	0.09854908	-0.00569476	-0.01153166	-0.02208331
12.299951	0.10889351	-0.03244489	0.09817181	-0.00661063	-0.01073788	-0.01685593
12.316617	0.10887031	-0.03260837	0.09796245	-0.00624786	-0.01001116	-0.01073085
12.333283	0.10879984	-0.03268551	0.09790313	-0.00617976	-0.00924988	-0.00410693
12.349951	0.10870179	-0.03285473	0.09787554	-0.00702693	-0.00845112	0.00215274
12.366617	0.10853372	-0.03303809	0.09792750	-0.00883955	-0.00804856	0.00691744
12.383284	0.10836422	-0.03319145	0.09809818	-0.01008529	-0.00779352	0.01052816
12.399950	0.10820697	-0.03327860	0.09835832	-0.01066469	-0.00604867	0.01310574
12.416616	0.10800129	-0.03335667	0.09862786	-0.01052242	-0.00357480	0.01448101
12.433283	0.10783694	-0.03344936	0.09887596	-0.01049072	-0.00198577	0.01487049
12.449950	0.10763813	-0.03343468	0.09907953	-0.01087908	-0.00134115	0.01526466
12.466617	0.10750446	-0.03341009	0.09933482	-0.01190406	-0.00157932	0.01571647
12.483283	0.10730725	-0.03341594	0.09959757	-0.01355624	-0.00238194	0.01704562
12.499949	0.10707135	-0.03346636	0.09993649	-0.01520453	-0.00369472	0.01967330
12.516616	0.10676796	-0.03361886	0.10020956	-0.01584883	-0.00440860	0.02315151
12.533283	0.10644945	-0.03367236	0.10061962	-0.01427969	-0.00245062	0.02683602
12.549950	0.10618713	-0.03376868	0.10109619	-0.01095895	0.00220104	0.03012528
12.566616	0.10603869	-0.03372563	0.10170071	-0.00641796	0.00739859	0.03291273
12.583282	0.10600737	-0.03349805	0.10229685	-0.00172992	0.01296265	0.03529622
12.599949	0.10603732	-0.03319936	0.10285676	0.00216626	0.01856999	0.03652747
12.616616	0.10611483	-0.03284909	0.10344377	0.00440409	0.02220399	0.03579415
12.633283	0.10621230	-0.03243611	0.10412258	0.00535341	0.02209007	0.03341103
12.649949	0.10633303	-0.03201682	0.10471150	0.00547270	0.01872020	0.02930295
12.666615	0.10641208	-0.03160156	0.10520529	0.00509968	0.01408318	0.02383253
12.683282	0.10650144	-0.03149874	0.10547041	0.00459703	0.00906972	0.01736301
12.699949	0.10654903	-0.03146818	0.10567662	0.00401174	0.00401987	0.01112175
12.716616	0.10662343	-0.03148194	0.10583705	0.00361519	0.00105013	0.00620941
12.733282	0.10668635	-0.03145481	0.10589664	0.00338902	0.00160538	0.00270185
12.749949	0.10673186	-0.03143894	0.10590655	0.00383610	0.00365943	-0.00052069
12.766615	0.10679043	-0.03140051	0.10583889	0.00503170	0.00640651	-0.00329723
12.783282	0.10684226	-0.03125450	0.10577013	0.00727433	0.00873523	-0.00593821
12.799949	0.10699075	-0.03106678	0.10566776	0.01049825	0.01056333	-0.00927001
12.816615	0.10718520	-0.03081052	0.10551845	0.01406765	0.01125689	-0.01355460
12.833282	0.10747012	-0.03064272	0.10527796	0.01652490	0.01021970	-0.01829125
12.849948	0.10780845	-0.03046723	0.10489906	0.01675199	0.00809951	-0.02269061
12.866615	0.10813918	-0.03035549	0.10443932	0.01464652	0.00507952	-0.02697132
12.883282	0.10838994	-0.03029379	0.10395642	0.01049638	0.00100662	-0.03035751
12.899948	0.10851556	-0.03025958	0.10345449	0.00569763	-0.00362541	-0.03202932
12.916615	0.10852839	-0.03037376	0.10287178	0.00207354	-0.00720876	-0.03194620
12.933281	0.10848331	-0.03058035	0.10229023	0.00114996	-0.00952825	-0.03091456
12.949948	0.10844482	-0.03082213	0.10175557	0.00259937	-0.01083194	-0.02927621
12.966615	0.10849775	-0.03099561	0.10134367	0.00527373	-0.01093991	-0.02675186
12.983281	0.10866142	-0.03111678	0.10093361	0.00775091	-0.01063335	-0.02419362
12.999948	0.10884865	-0.03129204	0.10053424	0.00921816	-0.01109522	-0.02245133
13.016614	0.10903887	-0.03147496	0.10017021	0.00954673	-0.01194278	-0.02111522
13.033281	0.10915595	-0.03171518	0.09982552	0.00924919	-0.01132461	-0.01877472
13.049948	0.10929359	-0.03195769	0.09952399	0.00800929	-0.00991460	-0.01553564
13.066614	0.10943670	-0.03211290	0.09925678	0.00540329	-0.00894680	-0.01221177
13.083281	0.10958852	-0.03216365	0.09910405	0.00212871	-0.00795330	-0.00898346
13.099947	0.10959993	-0.03226243	0.09901548	-0.00084181	-0.00652167	-0.00569890
13.116614	0.10947806	-0.03241804	0.09894362	-0.00311015	-0.00526825	-0.00249595
13.133281	0.10933251	-0.03257156	0.09890927	-0.00515057	-0.00435054	0.00022333
13.149947	0.10927402	-0.03258923	0.09891878	-0.00635578	-0.00249411	0.00311056
13.166614	0.10924218	-0.03257047	0.09901592	-0.00686294	-0.00064172	0.00603682
13.183280	0.10910849	-0.03256229	0.09914284	-0.00754471	-0.00090724	0.00819835
13.199947	0.10892707	-0.03253787	0.09933320	-0.00861428	-0.00291375	0.00898387
13.216614	0.10873740	-0.03260846	0.09950557	-0.00880521	-0.00436427	0.00913493
13.233280	0.10860580	-0.03274500	0.09965559	-0.00815641	-0.00518801	0.00966177
13.249947	0.10849461	-0.03289209	0.09976000	-0.00794392	-0.00586611	0.01066462
13.266613	0.10840723	-0.03295328	0.09992883	-0.00811848	-0.00661540	0.01286836
13.283279	0.10825885	-0.03300615	0.10017184	-0.01392504	-0.00557591	0.01530322
13.299947	0.10805516	-0.03311364	0.10047225	-0.02517345	-0.00374926	0.01779783
13.316613	0.10779773	-0.03330213	0.10084226	-0.03725305	-0.00278329	0.02017689
13.333280	0.10684918	-0.03324457	0.10112607	-0.04380113	-0.00131317	0.02295201
13.349946	0.10583986	-0.03323942	0.10152803	-0.04446282	0.00183225	0.02602644
13.366612	0.10475054	-0.03317031	0.10194454	-0.03894442	0.00552515	0.02923195
13.383280	0.10442368	-0.03313007	0.10253240	-0.02697918	0.00817531	0.03188533
13.399946	0.10418764	-0.03296688	0.10312131	-0.01343144	0.01030635	0.03268884
13.416613	0.10412904	-0.03268099	0.10370158	-0.00436192	0.01173832	0.03094209
13.433279	0.10410336	-0.03245641	0.10421776	-0.00086584	0.01268921	0.02716593
13.449945	0.10414328	-0.03225450	0.10463708	0.00156437	0.01161299	0.02289211
13.466613	0.10416910	-0.03210803	0.10494398	0.00231461	0.00912595	0.01803107
13.483279	0.10425337	-0.03192345	0.10521856	0.00215244	0.00561409	0.01312116
13.499946	0.10428027	-0.03182781	0.10540503	0.00166793	0.00202705	0.00900093
13.516612	0.10431226	-0.03181503	0.10551898	0.00147548	-0.00052400	0.00562909
13.533278	0.10428409	-0.03196188	0.10554151	0.00196230	-0.00194416	0.00263036
13.549946	0.10431349	-0.03203725	0.10555913	0.00353133	-0.00131708	0.00015553
13.566612	0.10437322	-0.03204807	0.10555356	0.00558941	0.00155200	-0.00187230
13.583279	0.10451414	-0.03197325	0.10552221	0.00809587	0.00559945	-0.00397863
13.599945	0.10468177	-0.03183196	0.10543848	0.01046703	0.00883778	-0.00684488
13.616611	0.10485688	-0.03165691	0.10530761	0.01220906	0.01049631	-0.00981104
13.633279	0.10508643	-0.03142755	0.10511336	0.01279840	0.00983556	-0.01253483
13.649945	0.10532764	-0.03122759	0.10485493	0.01265468	0.00723207	-0.01533783
13.666612	0.10556582	-0.03110463	0.10459010	0.01194638	0.00311953	-0.01829810
13.683278	0.10574232	-0.03111422	0.10427998	0.01069442	-0.00136573	-0.02101612
13.699944	0.10588951	-0.03120838	0.10390716	0.00975345	-0.00448610	-0.02318727
13.716612	0.10603259	-0.03136448	0.10347068	0.01012829	-0.00507792	-0.02485404
13.733278	0.10617235	-0.03148374	0.10300911	0.01038228	-0.00582166	-0.02555172
13.749945	0.10637478	-0.03153905	0.10258681	0.00929594	-0.00771928	-0.02541835
13.766611	0.10661867	-0.03152530	0.10216578	0.00766865	-0.01005410	-0.02497635
13.783278	0.10671352	-0.03179291	0.10178427	0.00647406	-0.01200128	-0.02473524
13.799945	0.10674372	-0.03207763	0.10136589	0.00508612	-0.01320181	-0.02476311
13.816611	0.10674623	-0.03243708	0.10094753	0.00376416	-0.01359785	-0.02440164
13.833278	0.10687713	-0.03256591	0.10052112	0.00320533	-0.01155759	-0.02306024
13.849944	0.10696720	-0.03267230	0.10011506	0.00298341	-0.00846011	-0.02048031
13.866611	0.10700952	-0.03285480	0.09979369	0.00194293	-0.00616404	-0.01733284
13.883278	0.10698882	-0.03291522	0.09954397	0.00013430	-0.00601752	-0.01437465
13.899944	0.10698010	-0.03302898	0.09937124	-0.00107427	-0.00618499	-0.01219758
13.916611	0.10695045	-0.03305021	0.09920415	-0.00151605	-0.00654784	-0.01078301
13.933277	0.10692950	-0.03320396	0.09901675	-0.00038181	-0.00605999	-0.01026582
13.949944	0.10689070	-0.03335714	0.09883786	0.00173003	-0.00473330	-0.01043026
13.966611	0.10689374	-0.03348401	0.09867931	0.00362789	-0.00266296	-0.01020693
13.983277	0.10703622	-0.03344756	0.09850889	0.00466382	0.00041288	-0.00908114
13.999944	0.10717861	-0.03339961	0.09833701	0.00491912	0.00240800	-0.00714532
14.016610	0.10728477	-0.03327779	0.09820536	0.00422215	0.00333467	-0.00467362
14.033277	0.10729057	-0.03323822	0.09815730	0.00250061	0.00272974	-0.00209049
14.049944	0.10728788	-0.03323183	0.09818366	0.00051301	0.00095515	0.00130166
14.066610	0.10731997	-0.03318391	0.09823228	-0.00183713	-0.00233906	0.00553618
14.083277	0.10730128	-0.03324245	0.09828568	-0.00538303	-0.00621981	0.01042508
14.099943	0.10723485	-0.03331405	0.09849586	-0.01064424	-0.01111013	0.01528988
14.116610	0.10700288	-0.03361053	0.09880665	-0.01647389	-0.01330204	0.02126825
14.133277	0.10663876	-0.03390994	0.09927809	-0.01617729	-0.00804869	0.03242018
14.149943	0.10619479	-0.03428096	0.09972309	-0.01470505	0.00081953	0.04076233
14.166610	0.10581297	-0.03418614	0.10044315	-0.01501004	0.00789431	0.04104564
14.183276	0.10606349	-0.03361908	0.10167158	-0.01672029	0.01122338	0.03507718
14.199943	0.10568757	-0.03320586	0.10222818	-0.01577164	0.01307442	0.02883248
14.216609	0.10542540	-0.03308821	0.10253900	-0.01447423	0.01121650	0.02126829
14.233276	0.10467529	-0.03328540	0.10227916	-0.01357538	0.00706119	0.01385128
14.249943	0.10471837	-0.03309312	0.10266363	-0.00886425	0.00534334	0.01273417
14.266609	0.10474994	-0.03289508	0.10301399	-0.00210312	0.00720746	0.01702327
14.283276	0.10482422	-0.03269883	0.10334395	0.00220486	0.00827210	0.02037865
14.299942	0.10485720	-0.03262510	0.10367475	0.00100114	0.00645988	0.01863834
14.316609	0.10483245	-0.03256159	0.10396355	0.00097219	0.00522081	0.01713436
14.333276	0.10480745	-0.03249921	0.10426598	0.00084311	0.00451995	0.01496090
14.349942	0.10483701	-0.03240616	0.10450713	0.00087880	0.00478771	0.01247608
14.366609	0.10489885	-0.03230255	0.10469004	0.00133813	0.00586115	0.00962634
14.383275	0.10492765	-0.03224340	0.10481243	0.00186500	0.00728234	0.00654190
14.399942	0.10491796	-0.03212451	0.10489563	0.00181970	0.00798471	0.00351978
14.416609	0.10494616	-0.03195171	0.10493230	0.00195422	0.00779980	0.00059810
14.433275	0.10499801	-0.03175695	0.10493202	0.00299246	0.00660035	-0.00215457
14.449942	0.10504591	-0.03164509	0.10485464	0.00404304	0.00412036	-0.00465048
14.466608	0.10512585	-0.03162894	0.10475221	0.00459971	0.00142566	-0.00700268
14.483275	0.10521986	-0.03166986	0.10460307	0.00486160	-0.00059456	-0.00951350
14.499942	0.10530720	-0.03172565	0.10445308	0.00556296	-0.00083831	-0.01232398
14.516608	0.10539719	-0.03172682	0.10424029	0.00628910	-0.00037937	-0.01536107
14.533275	0.10546586	-0.03173219	0.10395330	0.00782981	0.00075043	-0.01843657
14.549941	0.10563730	-0.03165941	0.10359357	0.01056940	0.00223967	-0.02192499
14.566608	0.10577773	-0.03168481	0.10319886	0.01398785	0.00335844	-0.02540532
14.583275	0.10608386	-0.03157704	0.10277577	0.01672830	0.00372629	-0.02822049
14.599941	0.10639779	-0.03151111	0.10226478	0.01788005	0.00357603	-0.02992493
14.616608	0.10677917	-0.03140687	0.10171231	0.01710258	0.00284675	-0.03050768
14.633274	0.10707007	-0.03137913	0.10116037	0.01378069	0.00059800	-0.03026851
14.649941	0.10727161	-0.03138746	0.10067482	0.00942554	-0.00190639	-0.02851069
14.666608	0.10737722	-0.03143490	0.10024086	0.00547363	-0.00376317	-0.02558815
14.683274	0.10737307	-0.03156155	0.09979348	0.00330524	-0.00518995	-0.02245420
14.699941	0.10738503	-0.03166035	0.09946156	0.00247837	-0.00688092	-0.02029535
14.716607	0.10741939	-0.03174239	0.09915189	0.00232277	-0.00781750	-0.01861066
14.733274	0.10750887	-0.03189105	0.09891974	0.00233144	-0.00764010	-0.01685447
14.749941	0.10757198	-0.03205936	0.09860085	0.00168514	-0.00735483	-0.01515089
14.766607	0.10756930	-0.03221367	0.09833173	0.00027210	-0.00682107	-0.01302676
14.783274	0.10756184	-0.03227524	0.09811440	-0.00162639	-0.00616391	-0.01064044
14.799940	0.10750435	-0.03234693	0.09798370	-0.00257862	-0.00555633	-0.00767055
14.816607	0.10745942	-0.03242020	0.09792519	-0.00273955	-0.00534594	-0.00468673
14.833274	0.10737134	-0.03255917	0.09783541	-0.00264556	-0.00501499	-0.00183665
14.849940	0.10736023	-0.03264799	0.09782021	-0.00264895	-0.00407666	0.00054062
14.866607	0.10732195	-0.03272874	0.09784080	-0.00275911	-0.00303707	0.00271120
14.883273	0.10730168	-0.03271587	0.09794010	-0.00336667	-0.00228296	0.00493391
14.899940	0.10721637	-0.03272794	0.09805316	-0.00506455	-0.00236043	0.00689796
14.916607	0.10714032	-0.03276579	0.09815900	-0.00730614	-0.00309226	0.00886533
14.933273	0.10700344	-0.03284258	0.09831368	-0.01055032	-0.00470698	0.01140044
14.949940	0.10681666	-0.03294656	0.09849841	-0.01490152	-0.00675554	0.01522130
14.966606	0.10656276	-0.03303555	0.09877611	-0.01953628	-0.00868490	0.02010454
14.983274	0.10617003	-0.03320350	0.09914971	-0.02230981	-0.00826791	0.02613968
14.999940	0.10569946	-0.03340768	0.09962900	-0.02281574	-0.00514692	0.03226304
15.016606	0.10523400	-0.03358957	0.10022222	-0.02146472	-0.00053555	0.03681894
15.033273	0.10492721	-0.03350845	0.10094690	-0.01843031	0.00524355	0.03943124
15.049939	0.10470150	-0.03328795	0.10166574	-0.01377115	0.01146783	0.04035101
15.066607	0.10450052	-0.03300954	0.10234505	-0.00883683	0.01634271	0.03915981
15.083273	0.10433801	-0.03271916	0.10295671	-0.00496732	0.01820475	0.03596559
15.099939	0.10430819	-0.03240307	0.10356322	-0.00179731	0.01830617	0.03219290
15.116606	0.10435656	-0.03204485	0.10408146	0.00081718	0.01709474	0.02848607
15.133272	0.10442442	-0.03176846	0.10450671	0.00201595	0.01361180	0.02445637
15.149939	0.10445927	-0.03151914	0.10486752	0.00126727	0.00787552	0.01998909
15.166606	0.10447771	-0.03141967	0.10517383	0.00004362	0.00235618	0.01597318
15.183272	0.10445730	-0.03148786	0.10541328	-0.00087399	-0.00138244	0.01246074
15.199939	0.10440359	-0.03164407	0.10557282	-0.00132666	-0.00298321	0.00932381
15.216605	0.10439065	-0.03173162	0.10569063	-0.00132464	-0.00181188	0.00673476
15.233272	0.10435964	-0.03172711	0.10577160	-0.00015557	0.00183207	0.00448110
15.249939	0.10437082	-0.03163587	0.10583764	0.00175417	0.00618686	0.00228194
15.266605	0.10437202	-0.03151064	0.10588086	0.00373346	0.00915343	0.00004072
15.283272	0.10448255	-0.03129709	0.10585413	0.00594123	0.01081370	-0.00237525
15.299938	0.10460874	-0.03107800	0.10578827	0.00857308	0.01234856	-0.00554266
15.316605	0.10477041	-0.03088688	0.10567462	0.01152192	0.01444658	-0.00938963
15.333272	0.10496073	-0.03067923	0.10552001	0.01403997	0.01609759	-0.01376236
15.349938	0.10521749	-0.03039978	0.10525639	0.01579190	0.01619089	-0.01851976
15.366605	0.10554643	-0.03001341	0.10489913	0.01607045	0.01434515	-0.02350962
15.383271	0.10586279	-0.02971943	0.10443908	0.01498187	0.01038493	-0.02827361
15.399938	0.10611042	-0.02959954	0.10393197	0.01297479	0.00457287	-0.03203107
15.416605	0.10626298	-0.02963239	0.10335182	0.01098220	-0.00218352	-0.03421402
15.433271	0.10638846	-0.02976424	0.10273914	0.00955496	-0.00773224	-0.03548387
15.449938	0.10653717	-0.02990893	0.10211747	0.00937574	-0.01127939	-0.03585342
15.466604	0.10671807	-0.03015885	0.10154567	0.01055800	-0.01256141	-0.03500398
15.483271	0.10687951	-0.03039609	0.10093758	0.01123913	-0.01234873	-0.03304301
15.499938	0.10708767	-0.03065650	0.10040303	0.01092479	-0.01058070	-0.03043079
15.516604	0.10731373	-0.03079018	0.09988358	0.00975196	-0.00805187	-0.02738416
15.533271	0.10746009	-0.03090133	0.09948478	0.00770550	-0.00737866	-0.02390126
15.549937	0.10759185	-0.03091439	0.09911937	0.00457557	-0.00865577	-0.02036554
15.566604	0.10760670	-0.03102511	0.09881099	0.00162364	-0.01021200	-0.01650716
15.583271	0.10761970	-0.03130419	0.09854945	-0.00004627	-0.01040634	-0.01273678
15.599937	0.10754877	-0.03159294	0.09834982	-0.00060123	-0.00966338	-0.00917993
15.616604	0.10752659	-0.03176967	0.09826549	-0.00049953	-0.00747970	-0.00637158
15.633270	0.10754713	-0.03175238	0.09820887	0.00031810	-0.00390568	-0.00414824
15.649937	0.10757076	-0.03176031	0.09817298	0.00127294	-0.00122503	-0.00253403
15.666604	0.10758982	-0.03178485	0.09810890	0.00061911	-0.00135735	-0.00172694
15.683270	0.10763224	-0.03178630	0.09808206	-0.00067741	-0.00295832	-0.00033055
15.699937	0.10761939	-0.03184691	0.09809371	-0.00233405	-0.00448625	0.00225571
15.716603	0.10753807	-0.03194094	0.09810656	-0.00483206	-0.00673362	0.00555491
15.733270	0.10745443	-0.03207019	0.09824923	-0.00783793	-0.00903165	0.00913322
15.749937	0.10729636	-0.03223843	0.09842870	-0.01070772	-0.01014915	0.01445452
15.766603	0.10710691	-0.03245560	0.09870064	-0.01469715	-0.01313155	0.01833349
15.783270	0.10683630	-0.03266343	0.09903115	-0.01975485	-0.01781206	0.01989101
15.799936	0.10651038	-0.03285659	0.09954571	-0.02329307	-0.02060222	0.02111801
15.816603	0.10601190	-0.03337708	0.09981231	-0.02379911	-0.01793712	0.02454462
15.833270	0.10548510	-0.03384822	0.10017329	-0.02164615	-0.01095787	0.02909784
15.849936	0.10511323	-0.03414470	0.10052436	-0.01705147	-0.00086809	0.03371394
15.866603	0.10493690	-0.03384667	0.10132859	-0.01002785	0.01089160	0.03913336
15.883269	0.10486910	-0.03341604	0.10210453	-0.00404561	0.01892617	0.04306490
15.899936	0.10486730	-0.03292898	0.10288467	-0.00107050	0.01992656	0.04271834
15.916603	0.10493468	-0.03257649	0.10358011	-0.00020117	0.01542131	0.03779211
15.933270	0.10491703	-0.03243795	0.10418627	0.00046551	0.01066113	0.03189189
15.949936	0.10490049	-0.03237135	0.10467272	0.00131101	0.00712310	0.02517394
15.966602	0.10486153	-0.03233980	0.10502186	0.00270208	0.00656591	0.01845196
15.983269	0.10495669	-0.03219604	0.10526080	0.00516130	0.00846572	0.01223428
15.999936	0.10507854	-0.03204856	0.10539839	0.00710662	0.01015509	0.00674113
16.016602	0.10524625	-0.03181138	0.10545605	0.00807937	0.01020985	0.00192632
16.033268	0.10542053	-0.03158875	0.10546099	0.00820074	0.00869447	-0.00229535
16.049936	0.10550147	-0.03146923	0.10537562	0.00782653	0.00630178	-0.00615379
16.066603	0.10564074	-0.03140559	0.10524410	0.00697832	0.00366589	-0.00963174
16.083269	0.10574694	-0.03141385	0.10504329	0.00679745	0.00225370	-0.01309665
16.099936	0.10587264	-0.03140037	0.10479488	0.00777389	0.00188307	-0.01686732
16.116602	0.10597328	-0.03136086	0.10451739	0.00898689	0.00093799	-0.02110378
16.133268	0.10610899	-0.03129745	0.10412901	0.01073704	-0.00010341	-0.02491179
16.149935	0.10633890	-0.03127278	0.10367010	0.01274751	-0.00083551	-0.02806991
16.166601	0.10655973	-0.03139258	0.10310996	0.01449870	-0.00116120	-0.03041674
16.183268	0.10685517	-0.03143159	0.10259396	0.01445620	-0.00183272	-0.03166182
16.199934	0.10710538	-0.03146002	0.10206304	0.01343967	-0.00161632	-0.03121307
16.216602	0.10735134	-0.03139589	0.10154495	0.01214110	-0.00197629	-0.02999124
16.233269	0.10747922	-0.03146363	0.10101901	0.01093060	-0.00393020	-0.02891247
16.249935	0.10765031	-0.03148571	0.10058021	0.01000103	-0.00648907	-0.02782408
16.266602	0.10778971	-0.03170469	0.10012509	0.00946839	-0.00804016	-0.02617705
16.283268	0.10799970	-0.03185651	0.09971488	0.00871215	-0.00897733	-0.02463813
16.299934	0.10813223	-0.03205980	0.09926733	0.00693101	-0.01009079	-0.02374066
16.316601	0.10827001	-0.03212431	0.09893126	0.00553100	-0.01004488	-0.02284663
16.333267	0.10828929	-0.03232116	0.09854774	0.00209142	-0.01341278	-0.02188535
16.349934	0.10830510	-0.03253642	0.09819927	-0.00323357	-0.01939726	-0.02059125
16.366600	0.10835838	-0.03277534	0.09783530	-0.00726181	-0.02314890	-0.01876306
16.383268	0.10808101	-0.03343336	0.09750862	-0.00740132	-0.02093422	-0.01555583
16.399935	0.10781557	-0.03392664	0.09727449	-0.00587458	-0.01623067	-0.01180255
16.416601	0.10762471	-0.03423634	0.09711004	-0.00394655	-0.01074542	-0.00822149
16.433268	0.10778511	-0.03403656	0.09705926	0.00130456	-0.00142469	-0.00544900
16.449934	0.10792185	-0.03394631	0.09700386	0.00329913	0.00122410	-0.00391112
16.466600	0.10792440	-0.03398545	0.09694886	0.00529370	0.00387288	-0.00237324
