Time	thumb tip right X	thumb tip right Y	thumb tip right Z	thumb tip right v(X)	thumb tip right v(Y)	thumb tip right v(Z)
0.00000000	0.00000000	0.00000000	0.00000000	0.00000000	0.00000000	0.00000000
0.01666660	0.01666660	0.01666660	0.01666660	0.01666660	0.01666660	0.01666660
0.000000	0.07183502	-0.00162041	0.11207610	-0.00668774	0.00274642	-0.00118632
0.016667	0.07173034	-0.00158052	0.11205771	-0.00656652	0.00382108	0.00007264
0.033333	0.07162164	-0.00151834	0.11205518	-0.00644530	0.00489574	0.00133161
0.050000	0.07149838	-0.00141963	0.11206985	-0.00561918	0.00497860	0.00235845
0.066666	0.07139531	-0.00132630	0.11213379	-0.00510642	0.00509830	0.00414295
0.083333	0.07133907	-0.00122588	0.11221755	-0.00491219	0.00444208	0.00589027
0.100000	0.07128394	-0.00114935	0.11232495	-0.00505531	0.00348512	0.00762406
0.116666	0.07120869	-0.00111721	0.11247978	-0.00501638	0.00339465	0.00980210
0.133333	0.07108498	-0.00108631	0.11262824	-0.00482621	0.00424673	0.01254862
0.149999	0.07096948	-0.00105841	0.11285726	-0.00439444	0.00587030	0.01562531
0.166666	0.07093295	-0.00090363	0.11314203	-0.00427494	0.00690744	0.01852240
0.183333	0.07089018	-0.00074634	0.11350026	-0.00497999	0.00694174	0.02142363
0.199999	0.07086139	-0.00055505	0.11390577	-0.00669180	0.00613216	0.02377695
0.216666	0.07069830	-0.00052261	0.11428735	-0.00905000	0.00463255	0.02546090
0.233332	0.07050049	-0.00048779	0.11475538	-0.01131718	0.00382084	0.02774961
0.249999	0.07027029	-0.00046726	0.11519289	-0.01280063	0.00456501	0.03128687
0.266666	0.07004699	-0.00039316	0.11570733	-0.01292338	0.00716639	0.03508485
0.283332	0.06983925	-0.00023127	0.11635213	-0.01224441	0.00990497	0.03761556
0.299999	0.06962053	-0.00004106	0.11706054	-0.01170487	0.01194942	0.03861488
0.316665	0.06944492	0.00023137	0.11779872	-0.01206235	0.01298226	0.03788222
0.333332	0.06928246	0.00044758	0.11837745	-0.01222429	0.01345301	0.03614209
0.349999	0.06906560	0.00065834	0.11891375	-0.01120717	0.01349469	0.03389856
0.366665	0.06881528	0.00086457	0.11943110	-0.00990905	0.01323965	0.03184864
0.383332	0.06863337	0.00109329	0.11999161	-0.00880424	0.01299193	0.03008583
0.399998	0.06857289	0.00133825	0.12052046	-0.00800680	0.01248229	0.02797995
0.416665	0.06849900	0.00154566	0.12096937	-0.00760737	0.01172078	0.02580686
0.433332	0.06837316	0.00171906	0.12132939	-0.00855744	0.01060896	0.02361445
0.449998	0.06816006	0.00187734	0.12167674	-0.00981353	0.01002345	0.02220174
0.466665	0.06798999	0.00202736	0.12204875	-0.01012713	0.01028155	0.02137830
0.483331	0.06778247	0.00218468	0.12241726	-0.00967018	0.01008218	0.02045610
0.499998	0.06767508	0.00238750	0.12278704	-0.00869516	0.00862663	0.01871675
0.516665	0.06752982	0.00257945	0.12307198	-0.00715538	0.00580487	0.01630112
0.533331	0.06740673	0.00266504	0.12332380	-0.00560498	0.00143578	0.01330858
0.549998	0.06730773	0.00264004	0.12350278	-0.00491569	-0.00370624	0.01030319
0.566664	0.06727184	0.00250036	0.12366579	-0.00410026	-0.00779252	0.00812653
0.583331	0.06723359	0.00229355	0.12375702	-0.00323267	-0.00946224	0.00675752
0.599998	0.06715258	0.00208314	0.12383901	-0.00229844	-0.00889005	0.00569405
0.616664	0.06710174	0.00192373	0.12393158	-0.00192483	-0.00708243	0.00457415
0.633331	0.06707399	0.00186308	0.12403029	-0.00152488	-0.00458867	0.00388616
0.649997	0.06711072	0.00183094	0.12408820	-0.00102930	-0.00236747	0.00284874
0.666664	0.06707307	0.00180021	0.12410455	-0.00088279	-0.00183505	-0.00000596
0.683331	0.06705997	0.00180323	0.12412727	-0.00080787	-0.00242668	-0.00448326
0.699997	0.06701551	0.00176908	0.12407359	-0.00048805	-0.00340160	-0.00971813
0.716664	0.06701161	0.00168194	0.12384561	0.00060361	-0.00449828	-0.01400029
0.733330	0.06704566	0.00159535	0.12350734	0.00205350	-0.00572656	-0.01707609
0.749997	0.06707510	0.00146441	0.12308721	0.00381509	-0.00683840	-0.01895059
0.766664	0.06716918	0.00138619	0.12284276	0.00528315	-0.00812062	-0.02075003
0.783330	0.06725558	0.00123307	0.12254139	0.00651642	-0.00992920	-0.02335200
0.799997	0.06740135	0.00107294	0.12222183	0.00753674	-0.01304949	-0.02768919
0.816663	0.06753018	0.00083571	0.12165099	0.00871990	-0.01595681	-0.03337434
0.833330	0.06767192	0.00054057	0.12100872	0.01033485	-0.01766407	-0.03862687
0.849997	0.06783243	0.00014000	0.12027430	0.01176731	-0.01731829	-0.04223542
0.866663	0.06805465	-0.00014806	0.11955784	0.01276774	-0.01530028	-0.04358548
0.883330	0.06832069	-0.00043764	0.11881013	0.01330862	-0.01254136	-0.04417240
0.899996	0.06856095	-0.00049607	0.11807923	0.01340071	-0.00980848	-0.04344686
0.916663	0.06875642	-0.00065668	0.11734330	0.01255923	-0.00753978	-0.04211107
0.933330	0.06895217	-0.00075245	0.11661095	0.01103987	-0.00614953	-0.03982318
0.949996	0.06914512	-0.00090292	0.11600019	0.00976622	-0.00608743	-0.03644850
0.966663	0.06930704	-0.00096314	0.11537525	0.00920270	-0.00590572	-0.03178866
0.983329	0.06941974	-0.00102636	0.11490643	0.00888306	-0.00594492	-0.02765722
0.999996	0.06954180	-0.00114287	0.11447028	0.00887342	-0.00567002	-0.02516045
1.016663	0.06970874	-0.00125488	0.11417345	0.00920210	-0.00607614	-0.02397487
1.033329	0.06987751	-0.00138720	0.11378821	0.00947539	-0.00694759	-0.02349040
1.049996	0.07006136	-0.00143902	0.11335909	0.00893246	-0.00799068	-0.02296647
1.066662	0.07019659	-0.00157506	0.11290764	0.00795405	-0.00815116	-0.02244124
1.083329	0.07032552	-0.00175451	0.11255249	0.00735494	-0.00732291	-0.02164607
1.099996	0.07040332	-0.00195381	0.11226380	0.00702965	-0.00608762	-0.02158881
1.116662	0.07051607	-0.00202188	0.11196131	0.00677104	-0.00427034	-0.02190807
1.133329	0.07065552	-0.00201160	0.11156223	0.00660683	-0.00265535	-0.02213863
1.149995	0.07077659	-0.00200410	0.11109710	0.00648822	-0.00221236	-0.02113619
1.166662	0.07087626	-0.00204356	0.11071641	0.00567941	-0.00352518	-0.01827556
1.183329	0.07095308	-0.00213757	0.11044233	0.00464292	-0.00477864	-0.01384055
1.199995	0.07103246	-0.00224719	0.11030769	0.00376271	-0.00459531	-0.00933740
1.216662	0.07107932	-0.00237364	0.11020894	0.00283049	-0.00397651	-0.00624294
1.233328	0.07112881	-0.00240658	0.11014597	0.00146747	-0.00264553	-0.00393739
1.249995	0.07114904	-0.00239130	0.11007974	-0.00019144	0.00007050	-0.00124667
1.266662	0.07114179	-0.00243179	0.11001869	-0.00196614	0.00291125	0.00114106
1.283328	0.07108044	-0.00236191	0.11007971	-0.00376144	0.00492848	0.00283730
1.299995	0.07099599	-0.00224295	0.11022127	-0.00549896	0.00617206	0.00406449
1.316661	0.07088405	-0.00207110	0.11030673	-0.00638819	0.00747184	0.00489159
1.333328	0.07077060	-0.00192465	0.11037816	-0.00658530	0.00717025	0.00435950
1.349995	0.07062414	-0.00187605	0.11038357	-0.00659919	0.00486374	0.00313235
1.366661	0.07055131	-0.00171271	0.11049802	-0.00623575	0.00163731	0.00278936
1.383328	0.07043494	-0.00174685	0.11051369	-0.00522359	-0.00071297	0.00391336
1.399994	0.07035580	-0.00177993	0.11055734	-0.00429841	-0.00292617	0.00582057
1.416661	0.07027399	-0.00192658	0.11062847	-0.00449451	-0.00421531	0.00827573
1.433328	0.07024686	-0.00198473	0.11080844	-0.00548611	-0.00341851	0.01163670
1.449994	0.07018568	-0.00206519	0.11106025	-0.00705457	-0.00170435	0.01515458
1.466661	0.07002969	-0.00204688	0.11135244	-0.00874128	0.00015226	0.01864217
1.483327	0.06983145	-0.00202353	0.11166386	-0.01041085	0.00180706	0.02171954
1.499994	0.06961842	-0.00196101	0.11204648	-0.01144917	0.00414038	0.02420148
1.516661	0.06944735	-0.00192652	0.11248679	-0.01188931	0.00676366	0.02613533
1.533327	0.06926528	-0.00180737	0.11298610	-0.01229217	0.00921597	0.02738964
1.549994	0.06905656	-0.00160731	0.11344429	-0.01269510	0.01113163	0.02738893
1.566660	0.06882569	-0.00134036	0.11390765	-0.01310022	0.01207759	0.02606402
1.583327	0.06857595	-0.00112333	0.11433493	-0.01321612	0.01139020	0.02470920
1.599994	0.06837491	-0.00093613	0.11473126	-0.01300836	0.00965945	0.02440000
1.616660	0.06816161	-0.00082564	0.11508398	-0.01228673	0.00789722	0.02477324
1.633327	0.06796660	-0.00071772	0.11548860	-0.01184167	0.00689445	0.02582397
1.649993	0.06775874	-0.00062167	0.11594963	-0.01187601	0.00710551	0.02776925
1.666660	0.06758929	-0.00050644	0.11644132	-0.01215999	0.00798726	0.03035174
1.683327	0.06737634	-0.00037382	0.11695212	-0.01256970	0.00926808	0.03322242
1.699993	0.06717370	-0.00018437	0.11750869	-0.01302516	0.01133259	0.03671504
1.716660	0.06692419	-0.00001499	0.11813217	-0.01345506	0.01293536	0.03979371
1.733326	0.06670498	0.00023678	0.11885551	-0.01362229	0.01332962	0.04069352
1.749993	0.06647354	0.00051243	0.11964049	-0.01315532	0.01241901	0.03875081
1.766660	0.06625742	0.00073213	0.12032869	-0.01169131	0.01017249	0.03423787
1.783326	0.06603959	0.00089566	0.12083921	-0.00953231	0.00658463	0.02707976
1.799993	0.06589104	0.00093843	0.12118877	-0.00693235	0.00284342	0.01866497
1.816659	0.06580862	0.00094601	0.12143764	-0.00450456	0.00082208	0.01228635
1.833326	0.06579230	0.00089854	0.12154326	-0.00255545	0.00069495	0.00955422
1.849993	0.06577948	0.00086148	0.12158686	-0.00137095	0.00151456	0.00908624
1.866659	0.06575391	0.00095125	0.12171882	-0.00079096	0.00234850	0.00970748
1.883326	0.06573129	0.00102482	0.12196396	-0.00042629	0.00330009	0.01084448
1.899992	0.06572399	0.00111554	0.12220896	-0.00011653	0.00305227	0.01161412
1.916659	0.06573830	0.00111980	0.12240333	-0.00013489	0.00177998	0.01098600
1.933326	0.06575960	0.00116213	0.12252408	-0.00004597	0.00082699	0.00964236
1.949992	0.06574744	0.00113504	0.12268449	0.00026442	0.00020501	0.00835444
1.966659	0.06571747	0.00114241	0.12280989	0.00108954	-0.00000488	0.00660124
1.983325	0.06573692	0.00114462	0.12296702	0.00299325	0.00007407	0.00361366
1.999992	0.06578445	0.00113573	0.12302364	0.00593359	0.00089864	-0.00064105
2.016659	0.06592259	0.00115460	0.12297217	0.00898998	0.00106731	-0.00609378
2.033325	0.06610895	0.00116959	0.12280408	0.01164568	-0.00012139	-0.01280384
2.049992	0.06634944	0.00124152	0.12255008	0.01411976	-0.00256777	-0.02015055
2.066658	0.06659486	0.00118913	0.12217868	0.01660544	-0.00536125	-0.02764620
2.083325	0.06686249	0.00103924	0.12166073	0.01904022	-0.00785318	-0.03346825
2.099992	0.06719693	0.00081304	0.12097707	0.02064463	-0.00924108	-0.03612004
2.116658	0.06759817	0.00062646	0.12023680	0.02081447	-0.00848612	-0.03527980
2.133325	0.06801102	0.00050641	0.11962220	0.01935956	-0.00666034	-0.03253264
2.149992	0.06833579	0.00043621	0.11917620	0.01610774	-0.00463796	-0.02934468
2.166658	0.06854618	0.00040717	0.11883587	0.01176086	-0.00384911	-0.02695601
2.183325	0.06869334	0.00033924	0.11839329	0.00756196	-0.00408696	-0.02568356
2.199991	0.06875841	0.00029864	0.11791131	0.00525924	-0.00514403	-0.02533312
2.216658	0.06881626	0.00016513	0.11742679	0.00472626	-0.00633519	-0.02450480
2.233325	0.06883682	0.00007536	0.11706959	0.00517434	-0.00700028	-0.02259990
2.249991	0.06896766	-0.00009303	0.11673054	0.00571398	-0.00669295	-0.02080739
2.266658	0.06908634	-0.00020282	0.11643806	0.00617901	-0.00546089	-0.01985126
2.283324	0.06923265	-0.00030119	0.11609813	0.00592566	-0.00416812	-0.01949337
2.299991	0.06929117	-0.00032770	0.11575264	0.00486093	-0.00296074	-0.01880452
2.316658	0.06937400	-0.00033828	0.11542125	0.00399040	-0.00242833	-0.01732155
2.333324	0.06939933	-0.00037758	0.11513756	0.00344505	-0.00279258	-0.01522581
2.349991	0.06946764	-0.00042921	0.11491612	0.00346189	-0.00416039	-0.01382889
2.366657	0.06952506	-0.00050339	0.11474634	0.00326113	-0.00552240	-0.01339434
2.383324	0.06958516	-0.00061492	0.11455099	0.00261140	-0.00620955	-0.01320926
2.399991	0.06965273	-0.00074521	0.11429527	0.00189890	-0.00595200	-0.01249665
2.416657	0.06965411	-0.00087400	0.11402468	0.00166048	-0.00485234	-0.01102891
2.433324	0.06964699	-0.00094304	0.11384001	0.00207727	-0.00301385	-0.00902377
2.449990	0.06967397	-0.00095866	0.11375867	0.00291952	-0.00119240	-0.00696759
2.466657	0.06972941	-0.00095025	0.11371400	0.00356474	-0.00035315	-0.00587831
2.483323	0.06986487	-0.00091330	0.11362801	0.00323990	-0.00067425	-0.00616303
2.499990	0.06992274	-0.00092886	0.11350641	0.00201379	-0.00150996	-0.00678024
2.516657	0.06994873	-0.00097600	0.11334579	0.00050869	-0.00225812	-0.00667239
2.533323	0.06988972	-0.00105219	0.11321676	-0.00005543	-0.00251043	-0.00582500
2.549990	0.06984353	-0.00110658	0.11314221	0.00070129	-0.00167104	-0.00465369
2.566656	0.06985847	-0.00111940	0.11310650	0.00200950	-0.00008670	-0.00308902
2.583323	0.06995216	-0.00111425	0.11306739	0.00322168	0.00164038	-0.00169870
2.599990	0.07005123	-0.00104969	0.11301834	0.00316044	0.00294694	-0.00048917
2.616656	0.07011826	-0.00098860	0.11302635	0.00202552	0.00423008	0.00062898
2.633323	0.07012153	-0.00090515	0.11304525	0.00065636	0.00569959	0.00257579
2.649989	0.07008000	-0.00083100	0.11312156	-0.00055146	0.00652056	0.00444969
2.666656	0.07006016	-0.00069599	0.11317430	-0.00190587	0.00638886	0.00594320
2.683323	0.07005447	-0.00053448	0.11334026	-0.00372832	0.00528074	0.00726524
2.699989	0.07001901	-0.00044223	0.11343753	-0.00550064	0.00328458	0.00862974
2.716656	0.06989296	-0.00041292	0.11362009	-0.00684275	0.00131738	0.01013469
2.733322	0.06968810	-0.00046481	0.11375830	-0.00815633	0.00027210	0.01150385
2.749989	0.06954460	-0.00051411	0.11397868	-0.00953537	-0.00003929	0.01333495
2.766656	0.06943123	-0.00047485	0.11422363	-0.01075510	0.00051565	0.01501641
2.783322	0.06928214	-0.00043526	0.11448068	-0.01177681	0.00276263	0.01662414
2.799989	0.06904440	-0.00040070	0.11479705	-0.01299267	0.00552181	0.01767791
2.816655	0.06874851	-0.00035082	0.11508070	-0.01376247	0.00776745	0.01863588
2.833322	0.06851933	-0.00015321	0.11541455	-0.01385471	0.00966061	0.01941491
2.849989	0.06830221	0.00007457	0.11573026	-0.01358224	0.01171466	0.02099340
2.866655	0.06813429	0.00030115	0.11607819	-0.01301026	0.01274564	0.02354065
2.883322	0.06789411	0.00047182	0.11645458	-0.01176794	0.01180237	0.02601627
2.899988	0.06764500	0.00070170	0.11694457	-0.00959460	0.01010913	0.02780035
2.916655	0.06747250	0.00087098	0.11747328	-0.00715482	0.00781196	0.02874732
2.933322	0.06741030	0.00099342	0.11799021	-0.00504388	0.00419955	0.02894856
2.949988	0.06743443	0.00104758	0.11842928	-0.00373700	-0.00015310	0.02816655
2.966655	0.06739303	0.00099547	0.11887321	-0.00309204	-0.00348214	0.02682555
2.983321	0.06728530	0.00086146	0.11932565	-0.00315694	-0.00561203	0.02546682
2.999988	0.06719057	0.00070889	0.11977166	-0.00413718	-0.00678325	0.02430791
3.016655	0.06715685	0.00060656	0.12016100	-0.00551923	-0.00673554	0.02313158
3.033321	0.06713865	0.00052731	0.12050686	-0.00714372	-0.00493393	0.02195684
3.049988	0.06698735	0.00041964	0.12084689	-0.00847861	-0.00213984	0.02048985
3.066654	0.06676561	0.00035883	0.12120605	-0.00902705	0.00062763	0.01807593
3.083321	0.06652774	0.00041543	0.12154141	-0.00807628	0.00258250	0.01435230
3.099988	0.06642856	0.00054362	0.12178135	-0.00615152	0.00368107	0.01006738
3.116654	0.06639951	0.00067499	0.12186705	-0.00411117	0.00391961	0.00639434
3.133321	0.06640543	0.00067868	0.12186509	-0.00377757	0.00210494	0.00421049
3.149987	0.06632265	0.00068635	0.12188180	-0.00533430	-0.00053746	0.00415733
3.166654	0.06624433	0.00069266	0.12197143	-0.00705603	-0.00167192	0.00610879
3.183321	0.06603717	0.00059833	0.12210903	-0.00761184	-0.00072697	0.00914577
3.199987	0.06589613	0.00056611	0.12228466	-0.00712692	0.00103548	0.01213567
3.216654	0.06575970	0.00055969	0.12249476	-0.00630810	0.00301353	0.01421725
3.233320	0.06572635	0.00070852	0.12277610	-0.00471210	0.00513525	0.01485741
3.249987	0.06566516	0.00085075	0.12307597	-0.00355234	0.00636507	0.01388604
3.266654	0.06558146	0.00094358	0.12333561	-0.00342151	0.00603835	0.01143181
3.283320	0.06555633	0.00105381	0.12349113	-0.00420885	0.00559490	0.00837538
3.299987	0.06548222	0.00109706	0.12356431	-0.00419801	0.00633130	0.00569156
3.316653	0.06541313	0.00117365	0.12359553	-0.00402337	0.00704504	0.00378629
3.333320	0.06529170	0.00134221	0.12366063	-0.00361846	0.00701148	0.00267946
3.349987	0.06526128	0.00150753	0.12371942	-0.00311413	0.00605860	0.00211419
3.366653	0.06521196	0.00164529	0.12375943	-0.00231017	0.00383237	0.00192237
3.383320	0.06522715	0.00164856	0.12375792	-0.00163112	0.00056144	0.00211877
3.399987	0.06515572	0.00159907	0.12376532	-0.00084173	-0.00233171	0.00274488
3.416653	0.06516277	0.00153061	0.12382176	0.00047889	-0.00424647	0.00281510
3.433320	0.06512206	0.00142043	0.12391962	0.00207395	-0.00543506	0.00108362
3.449986	0.06522347	0.00136750	0.12400016	0.00406867	-0.00634415	-0.00333944
3.466653	0.06530388	0.00123762	0.12393820	0.00588565	-0.00762879	-0.00992764
3.483320	0.06543380	0.00111152	0.12369648	0.00807486	-0.00894607	-0.01748427
3.499986	0.06556117	0.00095399	0.12327716	0.01023617	-0.00954398	-0.02422938
3.516653	0.06571200	0.00072630	0.12278468	0.01194340	-0.00909648	-0.02934825
3.533319	0.06597799	0.00058858	0.12224004	0.01241439	-0.00910195	-0.03279435
3.549986	0.06624188	0.00044893	0.12170175	0.01186208	-0.00962859	-0.03551050
3.566653	0.06645532	0.00037634	0.12108473	0.01022656	-0.00948538	-0.03701262
3.583319	0.06657985	0.00016224	0.12044796	0.00739421	-0.00868328	-0.03720820
3.599986	0.06664075	-0.00007166	0.11972881	0.00498491	-0.00696312	-0.03498241
3.616652	0.06672624	-0.00017568	0.11916671	0.00385297	-0.00441953	-0.02977223
3.633319	0.06673554	-0.00020952	0.11863887	0.00448169	-0.00025670	-0.02212872
3.649986	0.06682573	-0.00010138	0.11839513	0.00583420	0.00263668	-0.01451006
3.666652	0.06689503	-0.00006354	0.11823592	0.00723264	0.00331155	-0.00923228
3.683319	0.06709310	0.00008186	0.11825217	0.00769078	0.00154439	-0.00764306
3.699985	0.06724685	0.00005297	0.11816429	0.00683746	-0.00034185	-0.00928842
3.716652	0.06739669	0.00005478	0.11800744	0.00513753	-0.00135192	-0.01290230
3.733319	0.06741320	-0.00011585	0.11766684	0.00304216	-0.00208662	-0.01674521
3.749985	0.06742416	-0.00008784	0.11736353	0.00147213	-0.00329217	-0.01906272
3.766652	0.06741083	-0.00011200	0.11696743	0.00113957	-0.00389426	-0.01954861
3.783318	0.06744995	-0.00010775	0.11669514	0.00244957	-0.00256308	-0.01824397
3.799985	0.06747124	-0.00031634	0.11634805	0.00358576	-0.00189120	-0.01621473
3.816652	0.06756692	-0.00035268	0.11611445	0.00433272	-0.00178911	-0.01345826
3.833318	0.06767897	-0.00028851	0.11589860	0.00531199	-0.00188340	-0.01023464
3.849985	0.06774604	-0.00024034	0.11574964	0.00645774	-0.00143490	-0.00643442
3.866651	0.06784090	-0.00028286	0.11568335	0.00669717	-0.00324886	-0.00391705
3.883318	0.06796695	-0.00045072	0.11566402	0.00608480	-0.00629438	-0.00265920
3.899984	0.06812604	-0.00050734	0.11569630	0.00509685	-0.00749030	-0.00265603
3.916651	0.06821404	-0.00070178	0.11562993	0.00353856	-0.00594143	-0.00308884
3.933318	0.06821258	-0.00083264	0.11554290	0.00119582	-0.00350520	-0.00422122
3.949984	0.06820807	-0.00087285	0.11543220	-0.00131526	-0.00089183	-0.00559582
3.966651	0.06817082	-0.00082324	0.11538309	-0.00289151	0.00203813	-0.00675431
3.983317	0.06811833	-0.00071125	0.11526732	-0.00365512	0.00411012	-0.00688425
3.999984	0.06802426	-0.00064164	0.11513308	-0.00400578	0.00480548	-0.00638037
4.016651	0.06794161	-0.00057467	0.11493866	-0.00413814	0.00451582	-0.00520917
4.033317	0.06788205	-0.00048026	0.11490787	-0.00379679	0.00437407	-0.00268263
4.049984	0.06783685	-0.00043956	0.11486439	-0.00286860	0.00478143	0.00051905
4.066650	0.06777529	-0.00034075	0.11495083	-0.00162449	0.00547367	0.00358821
4.083317	0.06774914	-0.00027074	0.11502034	-0.00097670	0.00581697	0.00598079
4.099984	0.06774515	-0.00014259	0.11513536	-0.00144132	0.00457162	0.00789020
4.116650	0.06779261	-0.00001128	0.11529309	-0.00290842	0.00234621	0.00930015
4.133317	0.06773505	0.00002330	0.11546241	-0.00522917	0.00020788	0.01088732
4.149983	0.06760966	-0.00006697	0.11565613	-0.00793728	-0.00206540	0.01276386
4.166650	0.06740780	-0.00015485	0.11586827	-0.00984341	-0.00360656	0.01507143
4.183317	0.06720682	-0.00022392	0.11610977	-0.00975046	-0.00256157	0.01764018
4.199983	0.06702983	-0.00025105	0.11645687	-0.00843394	0.00048111	0.02046277
4.216650	0.06690568	-0.00027488	0.11681812	-0.00692110	0.00382933	0.02337208
4.233316	0.06684631	-0.00014470	0.11724672	-0.00594764	0.00697866	0.02563952
4.249983	0.06677207	0.00001516	0.11768871	-0.00561769	0.00942573	0.02709578
4.266650	0.06667631	0.00023911	0.11816883	-0.00640417	0.01025939	0.02813406
4.283316	0.06655058	0.00042861	0.11865060	-0.00792391	0.00952136	0.02882351
4.299983	0.06642089	0.00057530	0.11912780	-0.00910420	0.00836068	0.02919257
4.316649	0.06624597	0.00067549	0.11961603	-0.00927597	0.00750835	0.02907448
4.333316	0.06605949	0.00076877	0.12011381	-0.00913437	0.00679411	0.02842669
4.349983	0.06589470	0.00088422	0.12059610	-0.00909392	0.00619020	0.02750668
4.366649	0.06579556	0.00103888	0.12105522	-0.00899054	0.00584464	0.02610001
4.383316	0.06565287	0.00110105	0.12145185	-0.00845968	0.00580751	0.02403060
4.399982	0.06550086	0.00118840	0.12186308	-0.00750403	0.00628695	0.02163173
4.416649	0.06531668	0.00123889	0.12220014	-0.00666211	0.00713581	0.01922395
4.433316	0.06523780	0.00139499	0.12250574	-0.00527857	0.00783081	0.01678917
4.449982	0.06520212	0.00158470	0.12274950	-0.00383844	0.00780258	0.01434190
4.466649	0.06514722	0.00174017	0.12296102	-0.00346487	0.00710059	0.01250168
4.483315	0.06512609	0.00183641	0.12315372	-0.00434304	0.00533975	0.01154081
4.499982	0.06502562	0.00187218	0.12331575	-0.00541931	0.00436589	0.01204350
4.516649	0.06492113	0.00192248	0.12349863	-0.00625263	0.00362340	0.01354420
4.533315	0.06478778	0.00196156	0.12371685	-0.00653903	0.00280121	0.01499897
4.549982	0.06466446	0.00209758	0.12402607	-0.00568157	0.00227488	0.01514758
4.566648	0.06458245	0.00208298	0.12434418	-0.00406297	0.00213212	0.01399627
4.583315	0.06450754	0.00209982	0.12459343	-0.00284245	0.00208519	0.01207852
4.599982	0.06451072	0.00208332	0.12471171	-0.00219137	0.00207681	0.00941314
4.616648	0.06451330	0.00215945	0.12481392	-0.00191358	0.00235101	0.00661763
4.633315	0.06445096	0.00224895	0.12492337	-0.00212458	0.00197119	0.00468930
4.649981	0.06441954	0.00228178	0.12501323	-0.00297343	0.00053143	0.00361671
4.666648	0.06433828	0.00227631	0.12504759	-0.00326441	-0.00200087	0.00240394
4.683315	0.06431246	0.00220795	0.12505934	-0.00273691	-0.00446603	0.00088182
4.699981	0.06422859	0.00209733	0.12506784	-0.00141409	-0.00599713	-0.00052069
4.716648	0.06421299	0.00197858	0.12506345	0.00068169	-0.00662369	-0.00247453
4.733315	0.06422330	0.00183053	0.12501989	0.00361343	-0.00614583	-0.00564276
4.749981	0.06432036	0.00175306	0.12493870	0.00698599	-0.00557475	-0.01007177
4.766648	0.06446536	0.00165393	0.12472436	0.00974551	-0.00529026	-0.01535753
4.783314	0.06468792	0.00163133	0.12442915	0.01141646	-0.00578466	-0.02123543
4.799981	0.06490295	0.00150750	0.12399980	0.01211868	-0.00717466	-0.02663467
4.816648	0.06512973	0.00139977	0.12351041	0.01214494	-0.00911083	-0.03021126
4.833314	0.06529064	0.00119646	0.12292292	0.01166482	-0.01186584	-0.03210867
4.849981	0.06549577	0.00099813	0.12234637	0.01081844	-0.01448793	-0.03281569
4.866647	0.06566754	0.00074995	0.12181692	0.00990648	-0.01625732	-0.03241604
4.883314	0.06585789	0.00041469	0.12129526	0.00945691	-0.01611182	-0.03006988
4.899981	0.06597663	0.00010206	0.12077927	0.00940692	-0.01468457	-0.02635467
4.916647	0.06610561	-0.00016788	0.12030067	0.00945501	-0.01188168	-0.02222089
4.933314	0.06626703	-0.00028607	0.11999311	0.00948176	-0.00920578	-0.01865264
4.949980	0.06646740	-0.00038035	0.11978935	0.00967495	-0.00784394	-0.01585784
4.966647	0.06663401	-0.00043803	0.11960624	0.00927303	-0.00843753	-0.01432853
4.983314	0.06678253	-0.00061325	0.11933734	0.00828668	-0.00997587	-0.01470870
4.999980	0.06689840	-0.00080809	0.11906409	0.00765945	-0.01156805	-0.01728501
5.016647	0.06700687	-0.00107821	0.11879018	0.00797957	-0.01281850	-0.02133870
5.033313	0.06711738	-0.00125400	0.11848376	0.00892788	-0.01316958	-0.02570539
5.049980	0.06728362	-0.00148246	0.11799223	0.01039036	-0.01174598	-0.02877757
5.066647	0.06748045	-0.00167965	0.11738780	0.01197678	-0.00883918	-0.02946955
5.083313	0.06770176	-0.00189180	0.11676332	0.01323657	-0.00576016	-0.02754070
5.099980	0.06793820	-0.00191499	0.11635689	0.01315893	-0.00365076	-0.02442657
5.116646	0.06817162	-0.00188511	0.11607208	0.01195707	-0.00290935	-0.02110020
5.133313	0.06840264	-0.00183493	0.11584769	0.01034297	-0.00225182	-0.01824960
5.149980	0.06852543	-0.00196790	0.11546842	0.00847645	-0.00184549	-0.01632906
5.166646	0.06863650	-0.00209500	0.11515429	0.00649939	-0.00152550	-0.01465762
5.183313	0.06872027	-0.00209334	0.11490265	0.00528855	-0.00089739	-0.01250559
5.199979	0.06880159	-0.00201590	0.11479808	0.00535665	0.00061177	-0.01013425
5.216646	0.06887573	-0.00195012	0.11468824	0.00614124	0.00122678	-0.00891503
5.233313	0.06896510	-0.00198582	0.11454590	0.00655099	-0.00042034	-0.00900682
5.249979	0.06910744	-0.00199854	0.11435989	0.00616668	-0.00357731	-0.00988022
5.266646	0.06926484	-0.00204010	0.11417799	0.00512345	-0.00635478	-0.01045090
5.283312	0.06932900	-0.00217683	0.11400185	0.00342542	-0.00842144	-0.01055792
5.299979	0.06935778	-0.00238007	0.11384322	0.00143946	-0.01016674	-0.00982020
5.316646	0.06932025	-0.00259794	0.11366228	0.00008646	-0.01074490	-0.00811152
5.333312	0.06931688	-0.00277738	0.11350638	-0.00071265	-0.00999174	-0.00541980
5.349979	0.06930935	-0.00292548	0.11342122	-0.00153259	-0.00837678	-0.00189395
5.366645	0.06931208	-0.00304756	0.11343356	-0.00295722	-0.00590161	0.00273072
5.383312	0.06925511	-0.00314925	0.11353256	-0.00552426	-0.00238774	0.00838384
5.399979	0.06915134	-0.00320025	0.11368652	-0.00868614	0.00231958	0.01459671
5.416645	0.06896511	-0.00313032	0.11396381	-0.01202670	0.00717832	0.01971703
5.433312	0.06872419	-0.00294149	0.11437263	-0.01450436	0.01143641	0.02286063
5.449978	0.06844664	-0.00264018	0.11488730	-0.01550971	0.01445596	0.02441476
5.466645	0.06813861	-0.00237624	0.11531490	-0.01486445	0.01602511	0.02475376
5.483312	0.06788938	-0.00209974	0.11567068	-0.01285741	0.01650534	0.02420375
5.499978	0.06768574	-0.00185944	0.11601523	-0.01059920	0.01648524	0.02388554
5.516644	0.06756113	-0.00157071	0.11642489	-0.00848133	0.01660186	0.02499967
5.533311	0.06747578	-0.00127410	0.11687508	-0.00727925	0.01649975	0.02671588
5.549978	0.06733818	-0.00099438	0.11734039	-0.00732358	0.01613111	0.02768654
5.566645	0.06725274	-0.00072020	0.11782607	-0.00800553	0.01503506	0.02694461
5.583311	0.06707838	-0.00049748	0.11829355	-0.00782497	0.01363609	0.02518019
5.599977	0.06693289	-0.00026165	0.11871948	-0.00735170	0.01167168	0.02320400
5.616644	0.06678668	-0.00008756	0.11904394	-0.00735528	0.00939277	0.02147564
5.633311	0.06672996	0.00007782	0.11936145	-0.00787727	0.00753547	0.02105520
5.649978	0.06662489	0.00014592	0.11968073	-0.00902045	0.00651307	0.02214009
5.666644	0.06646623	0.00021261	0.12005111	-0.01057178	0.00668890	0.02384791
5.683311	0.06621607	0.00030685	0.12050847	-0.01231388	0.00794683	0.02456567
5.699977	0.06598937	0.00046096	0.12095973	-0.01280980	0.01027444	0.02389355
5.716644	0.06576378	0.00067382	0.12139725	-0.01196441	0.01251086	0.02253675
5.733311	0.06556882	0.00090017	0.12170514	-0.01040478	0.01379325	0.02151449
5.749977	0.06542145	0.00116897	0.12199134	-0.00885371	0.01348803	0.02132801
5.766644	0.06528616	0.00141071	0.12233198	-0.00738367	0.01264662	0.02253869
5.783310	0.06518688	0.00161753	0.12274475	-0.00685471	0.01125303	0.02498205
5.799977	0.06508639	0.00174733	0.12320238	-0.00694345	0.00931823	0.02685118
5.816644	0.06499362	0.00191893	0.12368499	-0.00676687	0.00716420	0.02729162
5.833310	0.06483942	0.00201180	0.12416221	-0.00572851	0.00530197	0.02613760
5.849977	0.06471739	0.00211539	0.12459970	-0.00368455	0.00372061	0.02389869
5.866643	0.06464984	0.00211310	0.12498382	-0.00099395	0.00206599	0.02050538
5.883310	0.06469432	0.00214205	0.12528771	0.00127335	0.00062812	0.01594524
5.899977	0.06478676	0.00214433	0.12555110	0.00184574	-0.00051775	0.01099840
5.916643	0.06486838	0.00213647	0.12568440	0.00060816	-0.00066184	0.00720489
5.933310	0.06485796	0.00210517	0.12572689	-0.00178539	-0.00037742	0.00511343
5.949976	0.06477017	0.00206071	0.12571837	-0.00399405	0.00018199	0.00473091
5.966643	0.06464581	0.00209685	0.12579891	-0.00536682	0.00043071	0.00596742
5.983310	0.06454054	0.00213326	0.12593864	-0.00564436	0.00075562	0.00808972
5.999976	0.06447026	0.00217232	0.12612785	-0.00505308	0.00108457	0.01034502
6.016643	0.06438995	0.00214178	0.12630203	-0.00415133	0.00080175	0.01147893
6.033309	0.06432028	0.00214830	0.12649389	-0.00323859	-0.00027870	0.01149421
6.049976	0.06426315	0.00217474	0.12672079	-0.00204616	-0.00137867	0.01065780
6.066642	0.06423391	0.00217039	0.12690023	0.00018977	-0.00167914	0.00898000
6.083309	0.06424642	0.00208816	0.12705751	0.00319817	-0.00174372	0.00614623
6.099976	0.06429783	0.00201346	0.12712425	0.00547657	-0.00237413	0.00218199
6.116642	0.06446119	0.00200249	0.12713756	0.00669024	-0.00286718	-0.00222483
6.133309	0.06463887	0.00201916	0.12707260	0.00717717	-0.00296016	-0.00652346
6.149975	0.06474420	0.00193274	0.12689950	0.00717378	-0.00346607	-0.01033787
6.166642	0.06483112	0.00185543	0.12668936	0.00719695	-0.00451995	-0.01411041
6.183309	0.06489700	0.00174349	0.12641571	0.00849966	-0.00585465	-0.01799315
6.199975	0.06506077	0.00168140	0.12612481	0.01172428	-0.00657298	-0.02235787
6.216642	0.06527151	0.00158056	0.12572995	0.01524604	-0.00832889	-0.02734367
6.233308	0.06557335	0.00140479	0.12523091	0.01751192	-0.01085940	-0.03255920
6.249975	0.06596430	0.00126532	0.12461653	0.01874808	-0.01269783	-0.03723830
6.266642	0.06627649	0.00092868	0.12392654	0.02002005	-0.01271995	-0.04051918
6.283309	0.06657434	0.00070379	0.12320242	0.02064139	-0.01249675	-0.04273812
6.299975	0.06687791	0.00048310	0.12248079	0.01995970	-0.01270565	-0.04377651
6.316641	0.06728562	0.00039190	0.12175784	0.01893155	-0.01200168	-0.04280942
6.333308	0.06766147	0.00019039	0.12100188	0.01815304	-0.01011422	-0.03936340
6.349975	0.06789502	-0.00009194	0.12029920	0.01663796	-0.00763595	-0.03455153
6.366642	0.06811230	-0.00024658	0.11975807	0.01310257	-0.00570717	-0.02907869
6.383308	0.06834459	-0.00023726	0.11940345	0.00932965	-0.00310118	-0.02299612
6.399974	0.06854654	-0.00016839	0.11909690	0.00753409	-0.00041384	-0.01730516
6.416641	0.06857900	-0.00018788	0.11882955	0.00620979	-0.00013405	-0.01491553
6.433308	0.06857489	-0.00023441	0.11862227	0.00466416	-0.00204527	-0.01569244
6.449975	0.06870337	-0.00023037	0.11847016	0.00414466	-0.00395966	-0.01701831
6.466641	0.06878918	-0.00032905	0.11812697	0.00554992	-0.00461998	-0.01757539
6.483307	0.06890634	-0.00042095	0.11773842	0.00724862	-0.00528532	-0.01840871
6.499974	0.06895463	-0.00056922	0.11736476	0.00813193	-0.00619221	-0.01922872
6.516641	0.06913376	-0.00062024	0.11715405	0.00861827	-0.00637807	-0.01903255
6.533308	0.06933534	-0.00072803	0.11687273	0.00889230	-0.00590763	-0.01889564
6.549974	0.06950098	-0.00084679	0.11654082	0.00825878	-0.00556767	-0.02004628
6.566640	0.06962209	-0.00095072	0.11615041	0.00633831	-0.00569459	-0.02167446
6.583307	0.06969708	-0.00102611	0.11577544	0.00430526	-0.00570986	-0.02138057
6.599974	0.06973729	-0.00110145	0.11539441	0.00256063	-0.00660981	-0.01947511
6.616640	0.06978304	-0.00119726	0.11506420	0.00153181	-0.00779830	-0.01687880
6.633307	0.06977862	-0.00134845	0.11482740	0.00157528	-0.00794803	-0.01447918
6.649973	0.06979053	-0.00155594	0.11463703	0.00238446	-0.00671081	-0.01281356
6.666640	0.06981126	-0.00169528	0.11447157	0.00352634	-0.00472050	-0.01221978
6.683307	0.06990606	-0.00172234	0.11426602	0.00424577	-0.00266420	-0.01193171
6.699973	0.07001989	-0.00167451	0.11403127	0.00414925	-0.00098468	-0.01114753
6.716640	0.07011925	-0.00165545	0.11381567	0.00367408	-0.00052770	-0.00947945
6.733306	0.07013792	-0.00170433	0.11367217	0.00317862	-0.00125958	-0.00725015
6.749973	0.07014479	-0.00174160	0.11360019	0.00256707	-0.00230222	-0.00490850
6.766640	0.07018284	-0.00179360	0.11357217	0.00215725	-0.00260929	-0.00319005
6.783306	0.07027059	-0.00182141	0.11351897	0.00158448	-0.00254725	-0.00250002
6.799973	0.07029962	-0.00187668	0.11349393	0.00028402	-0.00237079	-0.00265082
6.816639	0.07031173	-0.00190781	0.11343614	-0.00210115	-0.00203282	-0.00297574
6.833306	0.07021593	-0.00195841	0.11339803	-0.00483589	-0.00142791	-0.00325700
6.849973	0.07013281	-0.00196720	0.11332647	-0.00719897	-0.00066261	-0.00290920
6.866639	0.06996088	-0.00198008	0.11327082	-0.00910398	-0.00033842	-0.00180048
6.883306	0.06981158	-0.00195289	0.11321505	-0.01006384	0.00008937	-0.00020057
6.899972	0.06961346	-0.00195041	0.11324967	-0.01030282	0.00125648	0.00164808
6.916639	0.06942064	-0.00196875	0.11329804	-0.01023781	0.00346122	0.00375053
6.933306	0.06926972	-0.00192306	0.11340104	-0.01080841	0.00573957	0.00674452
6.949972	0.06911397	-0.00179024	0.11347999	-0.01147193	0.00800621	0.01040351
6.966639	0.06893952	-0.00156118	0.11365298	-0.01176586	0.01040495	0.01460748
6.983305	0.06868162	-0.00138493	0.11395419	-0.01183384	0.01262149	0.01885493
6.999972	0.06844863	-0.00119783	0.11434145	-0.01179230	0.01394378	0.02320295
7.016639	0.06828673	-0.00096612	0.11479504	-0.01210791	0.01444623	0.02705607
7.033305	0.06812664	-0.00066560	0.11522942	-0.01272639	0.01479336	0.03041514
7.049972	0.06795321	-0.00038255	0.11575879	-0.01379682	0.01496440	0.03349325
7.066638	0.06764127	-0.00016273	0.11634450	-0.01500657	0.01393480	0.03556031
7.083305	0.06735685	0.00003715	0.11700885	-0.01641347	0.01127717	0.03483980
7.099972	0.06707448	0.00026213	0.11767846	-0.01707188	0.00850332	0.03134405
7.116638	0.06683569	0.00039047	0.11820211	-0.01610062	0.00718332	0.02720445
7.133305	0.06652874	0.00043800	0.11852371	-0.01460327	0.00714969	0.02414713
7.149971	0.06625887	0.00046823	0.11878482	-0.01315383	0.00820904	0.02281690
7.166638	0.06607165	0.00063838	0.11912863	-0.01197063	0.01051602	0.02370933
7.183305	0.06592625	0.00088363	0.11962957	-0.01029853	0.01357969	0.02625405
7.199971	0.06578725	0.00116898	0.12011099	-0.00877961	0.01542469	0.02844326
7.216638	0.06559110	0.00142788	0.12060710	-0.00812504	0.01444557	0.02914932
7.233305	0.06547557	0.00170952	0.12107050	-0.00795517	0.01143890	0.02896648
7.249971	0.06537174	0.00189843	0.12154897	-0.00726386	0.00799435	0.02886728
7.266638	0.06526064	0.00197850	0.12204456	-0.00636446	0.00523242	0.02903529
7.283304	0.06513681	0.00196659	0.12252338	-0.00644124	0.00263985	0.02943300
7.299971	0.06503361	0.00197627	0.12301211	-0.00738467	0.00122921	0.02971411
7.316638	0.06494981	0.00204234	0.12350979	-0.00790215	0.00163112	0.02956052
7.333304	0.06480423	0.00203695	0.12401178	-0.00753700	0.00311959	0.02840858
7.349971	0.06460620	0.00208970	0.12452142	-0.00741984	0.00343401	0.02629008
7.366637	0.06449342	0.00215264	0.12494769	-0.00719017	0.00330488	0.02361087
7.383304	0.06441858	0.00228742	0.12529719	-0.00630534	0.00354433	0.02041251
7.399971	0.06433211	0.00229197	0.12559000	-0.00522962	0.00318267	0.01735418
7.416637	0.06423827	0.00234234	0.12585425	-0.00463603	0.00134259	0.01508235
7.433304	0.06412597	0.00235881	0.12608473	-0.00391496	-0.00087147	0.01345416
7.449970	0.06409297	0.00238021	0.12629567	-0.00276354	-0.00144577	0.01214196
7.466637	0.06404898	0.00227611	0.12647972	-0.00180592	-0.00126984	0.01081069
7.483304	0.06405800	0.00219401	0.12665857	-0.00120849	-0.00057483	0.00945721
7.499970	0.06404783	0.00222128	0.12680991	-0.00066202	0.00035024	0.00799205
7.516637	0.06400725	0.00228268	0.12692998	0.00019282	0.00161232	0.00623728
7.533303	0.06400912	0.00236760	0.12702319	0.00142977	0.00157722	0.00400806
7.549970	0.06403009	0.00235083	0.12707601	0.00331217	-0.00059642	0.00093036
7.566637	0.06411952	0.00235474	0.12708804	0.00448039	-0.00438947	-0.00326165
7.583303	0.06423717	0.00226980	0.12702574	0.00432996	-0.00757213	-0.00745627
7.599970	0.06435239	0.00209558	0.12684266	0.00280590	-0.01001963	-0.01172190
7.616636	0.06437700	0.00183327	0.12656306	0.00139721	-0.01195190	-0.01669585
7.633303	0.06435149	0.00164177	0.12628956	0.00176736	-0.01276492	-0.02190599
7.649970	0.06426945	0.00141024	0.12590516	0.00382391	-0.01322175	-0.02602688
7.666636	0.06436295	0.00124883	0.12542237	0.00640320	-0.01435315	-0.02893828
7.683303	0.06456374	0.00099814	0.12482134	0.00901110	-0.01572351	-0.03058971
7.699969	0.06481942	0.00071372	0.12427945	0.01133990	-0.01606101	-0.03082861
7.716636	0.06497809	0.00036551	0.12378506	0.01337068	-0.01538538	-0.03032655
7.733303	0.06513802	0.00009002	0.12334752	0.01480291	-0.01474648	-0.03019762
7.749969	0.06537548	-0.00008358	0.12286082	0.01586686	-0.01468645	-0.03099808
7.766636	0.06576483	-0.00023300	0.12232025	0.01718010	-0.01472702	-0.03229363
7.783302	0.06607602	-0.00052552	0.12172561	0.01745436	-0.01541885	-0.03350003
7.799969	0.06636678	-0.00084832	0.12115988	0.01632146	-0.01593388	-0.03379910
7.816636	0.06658690	-0.00116396	0.12059344	0.01460603	-0.01471855	-0.03329473
7.833302	0.06680144	-0.00139205	0.12005346	0.01398629	-0.01164470	-0.03243102
7.849969	0.06704582	-0.00153751	0.11951518	0.01456937	-0.00811929	-0.03173181
7.866635	0.06725438	-0.00162857	0.11899146	0.01596636	-0.00569207	-0.03066932
7.883302	0.06755008	-0.00167430	0.11848772	0.01692641	-0.00498582	-0.02942127
7.899969	0.06785156	-0.00171800	0.11798508	0.01737404	-0.00539321	-0.02818309
7.916635	0.06818920	-0.00182987	0.11755534	0.01650780	-0.00672798	-0.02665691
7.933302	0.06846306	-0.00196252	0.11711124	0.01410561	-0.00902716	-0.02443897
7.949968	0.06869868	-0.00212858	0.11670648	0.01113088	-0.01112835	-0.02200471
7.966635	0.06881885	-0.00231838	0.11634619	0.00851031	-0.01204837	-0.01954027
7.983302	0.06891797	-0.00257358	0.11606002	0.00670719	-0.01191475	-0.01737691
7.999968	0.06898580	-0.00280037	0.11581323	0.00525730	-0.01132546	-0.01606620
8.016635	0.06910430	-0.00297275	0.11558765	0.00423172	-0.01033621	-0.01562650
8.033301	0.06918669	-0.00308977	0.11531236	0.00390792	-0.00881775	-0.01534520
8.049968	0.06921982	-0.00323311	0.11504104	0.00492783	-0.00743812	-0.01508510
8.066634	0.06924248	-0.00336937	0.11475455	0.00639780	-0.00649569	-0.01502639
8.083302	0.06934457	-0.00347666	0.11455955	0.00732503	-0.00536658	-0.01457034
8.099968	0.06957848	-0.00354491	0.11432409	0.00695511	-0.00339921	-0.01329174
8.116634	0.06976490	-0.00359510	0.11408209	0.00552560	-0.00140922	-0.01125508
8.133301	0.06983003	-0.00360365	0.11386403	0.00323539	0.00087496	-0.00849291
8.149967	0.06976241	-0.00356177	0.11373748	0.00033122	0.00315750	-0.00436617
8.166635	0.06972225	-0.00351271	0.11372267	-0.00196812	0.00477959	0.00009015
8.183301	0.06972597	-0.00336427	0.11377810	-0.00337911	0.00574589	0.00465682
8.199967	0.06968565	-0.00326545	0.11391207	-0.00554035	0.00653753	0.00975203
8.216634	0.06959885	-0.00315301	0.11405481	-0.00997935	0.00737367	0.01606069
8.233300	0.06941028	-0.00306002	0.11433826	-0.01548773	0.00924483	0.02332022
8.249968	0.06909771	-0.00292152	0.11477702	-0.02013304	0.01201563	0.02989896
8.266634	0.06866084	-0.00270177	0.11542167	-0.02331598	0.01480293	0.03417725
8.283300	0.06818931	-0.00236505	0.11613587	-0.02404938	0.01719023	0.03468594
8.299967	0.06778073	-0.00204869	0.11675164	-0.02199126	0.01989668	0.03199773
8.316633	0.06740737	-0.00170495	0.11724058	-0.01863737	0.02173164	0.02717599
8.333301	0.06716298	-0.00140905	0.11756987	-0.01594110	0.02104782	0.02182366
8.349967	0.06696479	-0.00092350	0.11790480	-0.01375502	0.01913130	0.01777250
8.366633	0.06676792	-0.00058149	0.11816786	-0.01224500	0.01669843	0.01574046
8.383300	0.06653070	-0.00035986	0.11838881	-0.01211995	0.01317004	0.01571650
8.399966	0.06634462	-0.00022427	0.11861790	-0.01315919	0.00763879	0.01630212
8.416634	0.06614994	-0.00013729	0.11886699	-0.01409868	0.00288345	0.01755450
8.433300	0.06592912	-0.00004358	0.11924846	-0.01475493	0.00042314	0.01928851
8.449966	0.06560951	-0.00017039	0.11955959	-0.01581366	0.00007638	0.02168016
8.466633	0.06534430	-0.00023331	0.11993718	-0.01655027	0.00104761	0.02421117
8.483299	0.06506526	-0.00022408	0.12030059	-0.01613270	0.00398056	0.02734963
8.499967	0.06480279	-0.00008429	0.12080451	-0.01551586	0.00755581	0.03105426
8.516633	0.06454375	0.00012580	0.12136136	-0.01560106	0.00951869	0.03487523
8.533299	0.06431185	0.00033841	0.12201887	-0.01542995	0.00992095	0.03815260
8.549966	0.06404284	0.00048039	0.12265550	-0.01448812	0.00923300	0.03931516
8.566632	0.06377247	0.00060828	0.12337697	-0.01328790	0.00917655	0.03830787
8.583299	0.06354167	0.00071062	0.12403325	-0.01215575	0.00981089	0.03510590
8.599966	0.06339774	0.00088202	0.12462623	-0.01099237	0.01161435	0.03099849
8.616632	0.06324276	0.00113098	0.12508236	-0.00987746	0.01374295	0.02702184
8.633299	0.06308617	0.00135051	0.12541740	-0.00961248	0.01457157	0.02411409
8.649965	0.06289376	0.00168006	0.12578431	-0.00973303	0.01344015	0.02251332
8.666632	0.06275517	0.00189712	0.12615645	-0.00866789	0.01173216	0.02212325
8.683299	0.06257544	0.00207702	0.12655611	-0.00583558	0.01016448	0.02119244
8.699965	0.06247230	0.00215822	0.12693264	-0.00183255	0.00863015	0.01873337
8.716632	0.06245620	0.00227961	0.12724191	0.00190516	0.00763528	0.01493102
8.733298	0.06258050	0.00244731	0.12745413	0.00490898	0.00662920	0.01052116
8.749965	0.06275851	0.00257984	0.12757413	0.00630132	0.00558475	0.00652018
8.766632	0.06286862	0.00266755	0.12761092	0.00616575	0.00331368	0.00311182
8.783298	0.06295609	0.00266843	0.12763971	0.00524057	0.00068302	0.00020206
8.799965	0.06298308	0.00267284	0.12763643	0.00457143	-0.00170849	-0.00265696
8.816631	0.06306071	0.00259610	0.12759064	0.00513992	-0.00356046	-0.00584128
8.833298	0.06315835	0.00255009	0.12747279	0.00700931	-0.00543096	-0.00976790
8.849965	0.06326164	0.00242461	0.12726052	0.01015652	-0.00728407	-0.01445061
8.866632	0.06345472	0.00231935	0.12699755	0.01371054	-0.00840327	-0.01973406
8.883298	0.06368481	0.00211893	0.12663051	0.01634273	-0.01037258	-0.02524177
8.899964	0.06406119	0.00194907	0.12617254	0.01714661	-0.01367001	-0.03023212
8.916631	0.06441915	0.00177671	0.12559716	0.01638929	-0.01707063	-0.03370034
8.933298	0.06467840	0.00143893	0.12494412	0.01472524	-0.01885655	-0.03570653
8.949965	0.06485443	0.00102551	0.12431342	0.01320516	-0.01926031	-0.03749076
8.966631	0.06499275	0.00060566	0.12373439	0.01212531	-0.01916360	-0.03927414
8.983297	0.06520876	0.00035555	0.12312730	0.01137544	-0.01773323	-0.04026235
8.999964	0.06548294	0.00017946	0.12239824	0.01103935	-0.01482834	-0.03907633
9.016631	0.06564493	-0.00012298	0.12162156	0.01086429	-0.01139301	-0.03536909
9.033298	0.06579383	-0.00033163	0.12098215	0.00963498	-0.00953567	-0.02966963
9.049964	0.06589507	-0.00049731	0.12061907	0.00825651	-0.00865469	-0.02302771
9.066630	0.06609517	-0.00047505	0.12040019	0.00826813	-0.00810536	-0.01783467
9.083297	0.06620044	-0.00060549	0.12020185	0.00911876	-0.00831048	-0.01601375
9.099964	0.06633484	-0.00079321	0.11994194	0.00970688	-0.00952388	-0.01730389
9.116631	0.06650287	-0.00103255	0.11960442	0.00991229	-0.01084727	-0.01950082
9.133297	0.06670219	-0.00120509	0.11924890	0.01094647	-0.01054657	-0.02112330
9.149963	0.06689961	-0.00135528	0.11885881	0.01218629	-0.00947491	-0.02228411
9.166630	0.06706548	-0.00149674	0.11850287	0.01372648	-0.00832809	-0.02384791
9.183297	0.06730191	-0.00163859	0.11813021	0.01612413	-0.00723183	-0.02573828
9.199964	0.06757668	-0.00176226	0.11769401	0.01929477	-0.00626326	-0.02755098
9.216630	0.06793696	-0.00186464	0.11717702	0.02099031	-0.00618951	-0.02920349
9.233296	0.06836604	-0.00190671	0.11664253	0.01950026	-0.00737865	-0.02988794
9.249963	0.06877603	-0.00201214	0.11613439	0.01600633	-0.00836736	-0.02823305
9.266630	0.06901174	-0.00218363	0.11565994	0.01180851	-0.00865650	-0.02426314
9.283297	0.06906287	-0.00244439	0.11524270	0.00808604	-0.00856419	-0.01915626
9.299963	0.06909846	-0.00256071	0.11498239	0.00554180	-0.00800892	-0.01422545
9.316629	0.06918395	-0.00264172	0.11482432	0.00470409	-0.00673679	-0.00973370
9.333296	0.06933712	-0.00269114	0.11475854	0.00501143	-0.00498950	-0.00630582
9.349963	0.06941718	-0.00282149	0.11465208	0.00460031	-0.00386921	-0.00425784
9.366630	0.06946889	-0.00291859	0.11460013	0.00322351	-0.00264231	-0.00304261
9.383296	0.06951337	-0.00292946	0.11453903	0.00182953	-0.00073859	-0.00164532
9.399962	0.06951370	-0.00291504	0.11453656	0.00120588	0.00177051	-0.00005808
9.416629	0.06954361	-0.00284222	0.11454073	0.00082430	0.00344630	0.00129868
9.433296	0.06953255	-0.00278120	0.11459914	0.00075519	0.00428890	0.00243404
9.449963	0.06956267	-0.00268217	0.11463822	0.00088405	0.00501870	0.00320805
9.466629	0.06956498	-0.00261189	0.11471079	0.00053358	0.00537014	0.00328084
9.483295	0.06959154	-0.00252364	0.11476004	-0.00067730	0.00601620	0.00303627
9.499962	0.06960081	-0.00240468	0.11483540	-0.00268118	0.00782175	0.00396901
9.516629	0.06954248	-0.00231491	0.11484610	-0.00441698	0.01086724	0.00617596
9.533296	0.06942113	-0.00211691	0.11492526	-0.00587406	0.01369195	0.00922088
9.549962	0.06926378	-0.00184470	0.11511802	-0.00720888	0.01529835	0.01231504
9.566628	0.06916356	-0.00148449	0.11540408	-0.00799968	0.01549671	0.01516050
9.583295	0.06905472	-0.00119276	0.11573111	-0.00873778	0.01371823	0.01713424
9.599962	0.06889910	-0.00101649	0.11599595	-0.01013041	0.01094369	0.01969461
9.616629	0.06873186	-0.00088193	0.11628493	-0.01230249	0.00840821	0.02364924
9.633295	0.06848096	-0.00081948	0.11662818	-0.01437357	0.00732493	0.02813041
9.649961	0.06824008	-0.00067971	0.11720848	-0.01564252	0.00744716	0.03124209
9.666628	0.06793030	-0.00056135	0.11787906	-0.01561234	0.00786223	0.03233189
9.683295	0.06764901	-0.00039653	0.11850277	-0.01477840	0.00786455	0.03190362
9.699962	0.06740736	-0.00025207	0.11893347	-0.01357721	0.00677129	0.03011917
9.716628	0.06722573	-0.00014935	0.11932608	-0.01183462	0.00617574	0.02858363
9.733294	0.06704437	-0.00006195	0.11979485	-0.00984524	0.00645663	0.02816454
9.749961	0.06687655	-0.00004050	0.12031675	-0.00849288	0.00693495	0.02823323
9.766627	0.06673504	0.00013231	0.12085434	-0.00856634	0.00747570	0.02806447
9.783295	0.06666350	0.00030231	0.12128872	-0.00934806	0.00853919	0.02746958
9.799961	0.06651987	0.00045581	0.12167198	-0.01002968	0.01005958	0.02747070
9.816628	0.06630330	0.00059109	0.12211860	-0.01110521	0.01013326	0.02808236
9.833294	0.06605838	0.00073684	0.12258465	-0.01196132	0.00975836	0.02914455
9.849960	0.06587430	0.00100068	0.12318050	-0.01100332	0.00954583	0.02960385
9.866628	0.06568234	0.00110971	0.12365260	-0.00879295	0.00909230	0.02931443
9.883294	0.06555019	0.00127559	0.12415180	-0.00710054	0.00763468	0.02852522
9.899961	0.06546924	0.00135461	0.12455368	-0.00657040	0.00611424	0.02730414
9.916627	0.06541658	0.00146673	0.12502097	-0.00630709	0.00573542	0.02570420
9.933293	0.06530599	0.00154250	0.12548630	-0.00621593	0.00619788	0.02391404
9.949961	0.06514606	0.00161350	0.12588741	-0.00634591	0.00732203	0.02222182
9.966627	0.06502996	0.00175080	0.12619595	-0.00619835	0.00884472	0.02048448
9.983294	0.06494919	0.00193043	0.12649660	-0.00504693	0.01067404	0.01908124
9.999960	0.06488704	0.00212225	0.12678194	-0.00374795	0.01114159	0.01812786
10.016626	0.06482489	0.00236463	0.12714781	-0.00324094	0.00971545	0.01733064
10.033294	0.06478973	0.00253652	0.12741704	-0.00314032	0.00719985	0.01631669
10.049960	0.06474430	0.00263731	0.12769142	-0.00288663	0.00440242	0.01447274
10.066627	0.06468444	0.00263349	0.12788291	-0.00233919	0.00200964	0.01182263
10.083293	0.06463114	0.00261086	0.12809443	-0.00184861	0.00060002	0.00908736
10.099959	0.06460607	0.00262001	0.12822746	-0.00139252	-0.00044832	0.00626790
10.116627	0.06461815	0.00263897	0.12830311	-0.00114631	-0.00200797	0.00318558
10.133293	0.06460653	0.00264390	0.12831664	-0.00071273	-0.00411244	-0.00034258
10.149960	0.06458617	0.00254136	0.12829541	0.00002809	-0.00538769	-0.00325905
10.166626	0.06454276	0.00235789	0.12820448	0.00102275	-0.00598545	-0.00544543
10.183292	0.06458346	0.00220563	0.12807417	0.00211486	-0.00657173	-0.00749189
10.199960	0.06465206	0.00217206	0.12793078	0.00315213	-0.00718934	-0.00973333
10.216626	0.06474583	0.00211547	0.12778619	0.00422848	-0.00776153	-0.01178783
10.233293	0.06479859	0.00197374	0.12757410	0.00532607	-0.00970910	-0.01422076
10.249959	0.06485648	0.00172417	0.12730572	0.00653247	-0.01263892	-0.01767031
10.266625	0.06497514	0.00151407	0.12699755	0.00723972	-0.01442556	-0.02172836
10.283293	0.06514882	0.00122432	0.12661286	0.00725205	-0.01451801	-0.02563040
10.299959	0.06532520	0.00098320	0.12614377	0.00650807	-0.01357810	-0.02892513
10.316626	0.06540733	0.00074409	0.12559853	0.00524542	-0.01182664	-0.03108749
10.333292	0.06543676	0.00056401	0.12502640	0.00421947	-0.00879543	-0.03170875
10.349958	0.06546703	0.00043561	0.12448661	0.00405708	-0.00573765	-0.03127711
10.366626	0.06553726	0.00036162	0.12398197	0.00486659	-0.00342725	-0.03058762
10.383292	0.06566180	0.00038188	0.12351789	0.00608774	-0.00229034	-0.02996349
10.399959	0.06577111	0.00036988	0.12302051	0.00659252	-0.00256271	-0.02923340
10.416625	0.06589375	0.00033557	0.12250675	0.00657889	-0.00383245	-0.02802126
10.433291	0.06600917	0.00024560	0.12201624	0.00606830	-0.00581035	-0.02613235
10.449959	0.06607963	0.00009704	0.12159291	0.00569256	-0.00721724	-0.02344677
10.466625	0.06620386	-0.00000917	0.12125467	0.00515564	-0.00845808	-0.02113559
10.483292	0.06624113	-0.00019713	0.12094603	0.00414138	-0.00984414	-0.02008427
10.499958	0.06636772	-0.00029591	0.12066397	0.00255839	-0.01159234	-0.02028645
10.516624	0.06638250	-0.00053553	0.12030515	0.00155610	-0.01185923	-0.02081313
10.533292	0.06638494	-0.00076617	0.11992540	0.00165258	-0.01096172	-0.02103352
10.549958	0.06633894	-0.00104399	0.11953142	0.00236516	-0.01012777	-0.02051101
10.566625	0.06639256	-0.00110995	0.11920796	0.00439009	-0.00899280	-0.01933627
10.583291	0.06651188	-0.00120703	0.11891475	0.00683143	-0.00808961	-0.01840033
10.599957	0.06666379	-0.00130667	0.11865095	0.00878069	-0.00828933	-0.01848765
10.616625	0.06684638	-0.00150147	0.11835043	0.00951443	-0.01020761	-0.02029945
10.633291	0.06700368	-0.00168521	0.11801248	0.00993833	-0.01055361	-0.02250930
10.649958	0.06716321	-0.00188488	0.11760494	0.01074497	-0.00772392	-0.02402017
10.666624	0.06731778	-0.00209548	0.11712345	0.01140402	-0.00350562	-0.02407747
10.683290	0.06752071	-0.00210152	0.11670889	0.01175677	0.00033833	-0.02184240
10.699958	0.06777713	-0.00195607	0.11632930	0.01218283	0.00413392	-0.01694179
10.716624	0.06796670	-0.00181902	0.11608183	0.01223986	0.00580536	-0.01095746
10.733291	0.06815887	-0.00170324	0.11596183	0.01095288	0.00385814	-0.00625471
10.749957	0.06834081	-0.00164430	0.11597040	0.00890359	0.00048481	-0.00290049
10.766623	0.06850553	-0.00167187	0.11600812	0.00654033	-0.00072856	-0.00032280
10.783291	0.06859668	-0.00177729	0.11595317	0.00404441	0.00039964	0.00134748
10.799957	0.06862152	-0.00186928	0.11595093	0.00173275	0.00177418	0.00186682
10.816624	0.06859101	-0.00171807	0.11601374	0.00037294	0.00315708	0.00262045
10.833290	0.06858943	-0.00155019	0.11611658	0.00074141	0.00551393	0.00458723
10.849957	0.06857166	-0.00146628	0.11617775	0.00207596	0.00701605	0.00616314
10.866624	0.06863506	-0.00143871	0.11624499	0.00315187	0.00618787	0.00642734
10.883290	0.06873143	-0.00131127	0.11641479	0.00311707	0.00431636	0.00604364
10.899957	0.06882133	-0.00116145	0.11654661	0.00194759	0.00313849	0.00609449
10.916623	0.06885668	-0.00110240	0.11663852	-0.00029858	0.00282835	0.00612340
10.933290	0.06879331	-0.00118127	0.11667033	-0.00303098	0.00190222	0.00653165
10.949956	0.06870995	-0.00118205	0.11677001	-0.00590215	0.00128593	0.00802144
10.966623	0.06859254	-0.00110584	0.11692185	-0.00855937	0.00217744	0.01058505
10.983290	0.06845083	-0.00104016	0.11715559	-0.01131085	0.00394521	0.01371497
10.999956	0.06824693	-0.00097427	0.11739391	-0.01510634	0.00459135	0.01625574
11.016623	0.06797238	-0.00092671	0.11769281	-0.01836311	0.00463666	0.01862802
11.033289	0.06762517	-0.00080194	0.11802185	-0.02012771	0.00461489	0.02005354
11.049956	0.06717344	-0.00073645	0.11837180	-0.01934238	0.00476866	0.02146864
11.066623	0.06685057	-0.00063948	0.11878944	-0.01599169	0.00551558	0.02352396
11.083289	0.06655905	-0.00060046	0.11910101	-0.01138248	0.00722673	0.02538222
11.099956	0.06650229	-0.00048953	0.11957637	-0.00771879	0.01013240	0.02632986
11.116622	0.06646165	-0.00029431	0.12005372	-0.00609065	0.01281127	0.02678115
11.133289	0.06641785	-0.00001215	0.12054883	-0.00600251	0.01444819	0.02702344
11.149956	0.06626929	0.00032007	0.12098639	-0.00714517	0.01409922	0.02590708
11.166622	0.06608273	0.00054650	0.12135747	-0.00876739	0.01181051	0.02411774
11.183289	0.06594554	0.00072056	0.12179203	-0.01014963	0.00915799	0.02257971
11.199955	0.06581426	0.00079734	0.12213840	-0.01044680	0.00746830	0.02150526
11.216622	0.06561042	0.00085389	0.12248798	-0.01049862	0.00705499	0.01992975
11.233289	0.06540952	0.00100342	0.12281967	-0.01074214	0.00831415	0.01846582
11.249955	0.06520918	0.00114261	0.12309984	-0.01081780	0.01055607	0.01850344
11.266622	0.06506663	0.00134240	0.12337699	-0.01115278	0.01201066	0.01962014
11.283288	0.06490543	0.00158465	0.12366673	-0.01124495	0.01184292	0.02146104
11.299955	0.06471193	0.00180769	0.12407269	-0.01087402	0.01123152	0.02297545
11.316622	0.06445517	0.00201329	0.12452264	-0.01015414	0.00991534	0.02329679
11.333288	0.06430107	0.00209038	0.12496522	-0.00900417	0.00838792	0.02200284
11.349955	0.06417281	0.00224928	0.12530977	-0.00693842	0.00762066	0.01954709
11.366621	0.06412003	0.00232594	0.12557530	-0.00410957	0.00764792	0.01640047
11.383288	0.06401940	0.00248187	0.12579937	-0.00210051	0.00730062	0.01272296
11.399955	0.06400759	0.00262684	0.12603387	-0.00150651	0.00571233	0.00964243
11.416621	0.06404425	0.00274260	0.12617551	-0.00194357	0.00459245	0.00755678
11.433288	0.06404427	0.00278757	0.12623401	-0.00257873	0.00313085	0.00619369
11.449954	0.06397041	0.00274528	0.12628332	-0.00398205	0.00133627	0.00562990
11.466621	0.06383555	0.00282069	0.12637205	-0.00506057	-0.00015156	0.00650021
11.483288	0.06374556	0.00280318	0.12651712	-0.00481250	-0.00016606	0.00800002
11.499954	0.06365137	0.00279848	0.12666520	-0.00344967	-0.00046262	0.00835027
11.516621	0.06362607	0.00273805	0.12684171	-0.00160199	-0.00103493	0.00701587
11.533287	0.06361576	0.00276505	0.12698168	0.00080783	0.00008797	0.00524381
11.549954	0.06363092	0.00272259	0.12702499	0.00379836	0.00231219	0.00326456
11.566621	0.06369850	0.00276703	0.12701826	0.00640019	0.00345810	0.00075095
11.583287	0.06384600	0.00287396	0.12703025	0.00817123	0.00295828	-0.00178315
11.599954	0.06405549	0.00302354	0.12700838	0.00948031	0.00187091	-0.00432240
11.616620	0.06423296	0.00301584	0.12693764	0.01046964	-0.00072550	-0.00813547
11.633287	0.06436248	0.00294303	0.12676761	0.01153638	-0.00419469	-0.01338539
11.649954	0.06453904	0.00282189	0.12652405	0.01337291	-0.00633802	-0.01858607
11.666620	0.06475333	0.00267934	0.12613487	0.01598063	-0.00642014	-0.02235235
11.683287	0.06508940	0.00255025	0.12567399	0.01811117	-0.00640267	-0.02466942
11.699953	0.06544486	0.00248027	0.12520900	0.01917295	-0.00745593	-0.02610716
11.716620	0.06580284	0.00241366	0.12480858	0.01918391	-0.00898167	-0.02698209
11.733287	0.06609011	0.00226070	0.12439636	0.01856484	-0.01099700	-0.02802659
11.749953	0.06637022	0.00198358	0.12392578	0.01756951	-0.01321286	-0.02957922
11.766620	0.06665181	0.00173683	0.12338337	0.01617662	-0.01422240	-0.03022210
11.783286	0.06696512	0.00145881	0.12282068	0.01454206	-0.01386674	-0.02885700
11.799953	0.06720021	0.00126217	0.12229139	0.01264342	-0.01278169	-0.02556275
11.816620	0.06738178	0.00107627	0.12192728	0.01090635	-0.01193892	-0.02210838
11.833286	0.06749658	0.00087599	0.12163253	0.01015675	-0.01123541	-0.01998984
11.849953	0.06763855	0.00071088	0.12142130	0.01074169	-0.01104224	-0.01952760
11.866619	0.06782146	0.00049016	0.12106538	0.01180613	-0.01095316	-0.02065704
11.883286	0.06806920	0.00034645	0.12067148	0.01240899	-0.01115351	-0.02230296
11.899953	0.06831564	0.00014697	0.12025217	0.01173154	-0.01185932	-0.02345076
11.916619	0.06851855	-0.00002828	0.11985055	0.01036805	-0.01261119	-0.02326069
11.933286	0.06865444	-0.00025528	0.11949871	0.00940170	-0.01259799	-0.02247156
11.949952	0.06874380	-0.00052014	0.11911102	0.00934940	-0.01124485	-0.02175854
11.966619	0.06888362	-0.00072520	0.11876526	0.00952460	-0.00963374	-0.02186724
11.983286	0.06908908	-0.00084936	0.11841119	0.00926606	-0.00776049	-0.02244332
11.999952	0.06930961	-0.00089596	0.11804632	0.00896044	-0.00593278	-0.02274116
12.016619	0.06944223	-0.00098689	0.11764698	0.00850439	-0.00499905	-0.02287535
12.033285	0.06949776	-0.00108508	0.11722739	0.00771686	-0.00568659	-0.02219716
12.049952	0.06961880	-0.00117293	0.11686532	0.00722121	-0.00704209	-0.02080013
12.066619	0.06976468	-0.00127374	0.11651886	0.00719736	-0.00773499	-0.01860175
12.083285	0.06992643	-0.00143674	0.11625902	0.00631398	-0.00869159	-0.01649297
12.099952	0.07003689	-0.00160872	0.11598673	0.00391865	-0.00990979	-0.01482027
12.116618	0.07008124	-0.00175702	0.11578677	0.00102342	-0.01050692	-0.01310343
12.133285	0.07005178	-0.00195362	0.11554803	-0.00133157	-0.00992011	-0.01111635
12.149952	0.06997145	-0.00212870	0.11536670	-0.00285135	-0.00888696	-0.00894435
12.166618	0.06990247	-0.00230462	0.11523366	-0.00364387	-0.00794101	-0.00664386
12.183285	0.06986035	-0.00238105	0.11516458	-0.00362297	-0.00605101	-0.00394134
12.199951	0.06980286	-0.00246337	0.11512261	-0.00346804	-0.00363712	-0.00135489
12.216618	0.06974252	-0.00254954	0.11511352	-0.00456704	-0.00253125	0.00069872
12.233285	0.06967815	-0.00253128	0.11514174	-0.00743996	-0.00241790	0.00318666
12.249951	0.06958615	-0.00253676	0.11522297	-0.01161241	-0.00092088	0.00747609
12.266618	0.06937039	-0.00259109	0.11530490	-0.01612193	0.00227255	0.01295881
12.283284	0.06901903	-0.00262486	0.11555633	-0.01985390	0.00598353	0.01820646
12.299951	0.06858229	-0.00250020	0.11595547	-0.02196686	0.00985257	0.02236982
12.316618	0.06817191	-0.00218539	0.11645497	-0.02196406	0.01351166	0.02532597
12.333284	0.06782643	-0.00188116	0.11691660	-0.02069291	0.01565285	0.02621840
12.349951	0.06752273	-0.00161343	0.11730441	-0.01913153	0.01544964	0.02546682
12.366617	0.06724033	-0.00139045	0.11772507	-0.01785215	0.01428786	0.02429942
12.383284	0.06692160	-0.00118292	0.11811381	-0.01742776	0.01356423	0.02326535
12.399951	0.06663654	-0.00095405	0.11852725	-0.01833547	0.01292760	0.02223638
12.416617	0.06636374	-0.00072487	0.11889545	-0.01951784	0.01269987	0.02153491
12.433284	0.06604927	-0.00050514	0.11920470	-0.01985688	0.01288046	0.02213636
12.449950	0.06565054	-0.00033394	0.11954180	-0.01983073	0.01293425	0.02370188
12.466617	0.06527676	-0.00011318	0.11991806	-0.01872301	0.01305615	0.02607524
12.483284	0.06498531	0.00012163	0.12043901	-0.01625794	0.01324306	0.02858143
12.499950	0.06473821	0.00035620	0.12095423	-0.01335317	0.01238686	0.02957218
12.516617	0.06458738	0.00058820	0.12149265	-0.01162288	0.01064849	0.02938621
12.533283	0.06441252	0.00075520	0.12198211	-0.01142883	0.00875824	0.02867416
12.549950	0.06426115	0.00084012	0.12237570	-0.01221885	0.00736576	0.02820984
12.566617	0.06402501	0.00093857	0.12286451	-0.01326969	0.00634802	0.02742808
12.583283	0.06376751	0.00101029	0.12331007	-0.01372641	0.00630002	0.02639729
12.599950	0.06351473	0.00117390	0.12383112	-0.01315811	0.00679029	0.02486585
12.616616	0.06328840	0.00125105	0.12420728	-0.01150739	0.00740874	0.02284473
12.633283	0.06312414	0.00140884	0.12453728	-0.00972107	0.00751946	0.02099567
12.649950	0.06299573	0.00150479	0.12483586	-0.00771377	0.00766344	0.01953066
12.666616	0.06288567	0.00166874	0.12514952	-0.00588405	0.00825969	0.01862042
12.683283	0.06278137	0.00176919	0.12550071	-0.00437902	0.00863411	0.01697543
12.699949	0.06273197	0.00194163	0.12580357	-0.00342989	0.00800460	0.01474267
12.716616	0.06269078	0.00208815	0.12602840	-0.00306131	0.00613878	0.01200092
12.733283	0.06268474	0.00223915	0.12615833	-0.00274179	0.00440718	0.00979196
12.749949	0.06261094	0.00223975	0.12627320	-0.00196160	0.00341852	0.00885870
12.766616	0.06254446	0.00222286	0.12639076	-0.00069637	0.00336506	0.00871423
12.783282	0.06252283	0.00224127	0.12657642	0.00079852	0.00419825	0.00852536
12.799949	0.06258509	0.00238307	0.12675242	0.00201833	0.00585374	0.00822510
12.816616	0.06267948	0.00252885	0.12688807	0.00173674	0.00669518	0.00776793
12.833282	0.06273958	0.00266748	0.12696195	0.00003222	0.00620769	0.00747930
12.849949	0.06271533	0.00275173	0.12706992	-0.00189987	0.00446012	0.00792015
12.866615	0.06260640	0.00279398	0.12719721	-0.00291822	0.00183234	0.00892605
12.883282	0.06250048	0.00283130	0.12739560	-0.00295532	-0.00163489	0.00951786
12.899949	0.06246911	0.00279893	0.12757747	-0.00158758	-0.00484179	0.00909243
12.916615	0.06249109	0.00268278	0.12774983	0.00049666	-0.00749504	0.00761057
12.933282	0.06250624	0.00246881	0.12784237	0.00220367	-0.00923995	0.00520760
12.949948	0.06256903	0.00228544	0.12791197	0.00259404	-0.00924282	0.00259125
12.966615	0.06261128	0.00211749	0.12792574	0.00260421	-0.00665912	0.00052609
12.983282	0.06269551	0.00202036	0.12790947	0.00258119	-0.00297325	-0.00077144
12.999949	0.06268530	0.00198455	0.12786268	0.00311104	0.00053897	-0.00193433
13.016615	0.06274579	0.00208779	0.12783509	0.00473017	0.00333187	-0.00393787
13.033281	0.06277455	0.00216839	0.12779292	0.00703110	0.00409368	-0.00761221
13.049948	0.06295130	0.00230248	0.12769979	0.01009621	0.00238597	-0.01304267
13.066615	0.06316394	0.00233799	0.12743585	0.01370756	-0.00014300	-0.01944736
13.083282	0.06340884	0.00228810	0.12702236	0.01727499	-0.00244131	-0.02594057
13.099948	0.06371853	0.00215738	0.12647532	0.01971048	-0.00484875	-0.03179391
13.116614	0.06408411	0.00207674	0.12590864	0.02216847	-0.00638495	-0.03597591
13.133281	0.06449657	0.00198753	0.12527901	0.02459968	-0.00777453	-0.03847741
13.149948	0.06490044	0.00186350	0.12460040	0.02559944	-0.00965347	-0.03964354
13.166615	0.06536116	0.00170239	0.12390680	0.02359295	-0.01236842	-0.04007054
13.183281	0.06582633	0.00143589	0.12321486	0.01972646	-0.01351002	-0.03823709
13.199947	0.06616888	0.00117534	0.12258920	0.01512399	-0.01212980	-0.03392997
13.216614	0.06629308	0.00086642	0.12197859	0.00995256	-0.00918580	-0.02795581
13.233280	0.06636862	0.00079576	0.12159240	0.00600046	-0.00539496	-0.02163169
13.249948	0.06640285	0.00079177	0.12130406	0.00456674	-0.00164518	-0.01568544
13.266614	0.06647535	0.00083819	0.12116971	0.00515403	0.00047483	-0.01118460
13.283280	0.06658292	0.00087063	0.12101764	0.00627144	0.00013487	-0.00924233
13.299947	0.06669228	0.00085513	0.12089606	0.00726848	-0.00094888	-0.00981089
13.316613	0.06684585	0.00082665	0.12074436	0.00787798	-0.00249043	-0.01187560
13.333281	0.06696939	0.00075887	0.12054602	0.00814560	-0.00387983	-0.01432361
13.349947	0.06711070	0.00070052	0.12025169	0.00795926	-0.00532823	-0.01654941
13.366613	0.06725077	0.00059458	0.11994399	0.00753737	-0.00706883	-0.01808353
13.383280	0.06737060	0.00048244	0.11958785	0.00724631	-0.00947101	-0.01855277
13.399946	0.06748809	0.00030300	0.11931273	0.00715054	-0.01219108	-0.01820974
13.416614	0.06758605	0.00008879	0.11899072	0.00749904	-0.01409918	-0.01798238
13.433280	0.06770755	-0.00021400	0.11873503	0.00819180	-0.01491586	-0.01820054
13.449946	0.06785689	-0.00050291	0.11842427	0.00915557	-0.01446189	-0.01920838
13.466613	0.06802366	-0.00074051	0.11809882	0.00978969	-0.01305073	-0.02012067
13.483279	0.06820628	-0.00092648	0.11775057	0.01025271	-0.01071094	-0.02084442
13.499947	0.06838717	-0.00106497	0.11735217	0.01097248	-0.00819996	-0.02048620
13.516613	0.06853420	-0.00121197	0.11702751	0.01154159	-0.00609403	-0.01900196
13.533279	0.06874339	-0.00128494	0.11668487	0.01169366	-0.00489591	-0.01649599
13.549946	0.06896190	-0.00133589	0.11645371	0.01133856	-0.00465732	-0.01447754
13.566612	0.06918052	-0.00137040	0.11625241	0.01000230	-0.00559340	-0.01368089
13.583280	0.06934654	-0.00146395	0.11609018	0.00709108	-0.00775528	-0.01363194
13.599946	0.06943759	-0.00162094	0.11584732	0.00402497	-0.01038455	-0.01369959
13.616612	0.06947020	-0.00183933	0.11556519	0.00192859	-0.01278996	-0.01342648
13.633279	0.06941182	-0.00208702	0.11529762	0.00053644	-0.01459484	-0.01249836
13.649945	0.06942330	-0.00234485	0.11513427	-0.00078138	-0.01542341	-0.01016412
13.666613	0.06944352	-0.00260423	0.11498988	-0.00093408	-0.01384868	-0.00635884
13.683279	0.06943730	-0.00288311	0.11490068	-0.00015907	-0.01013358	-0.00257534
13.699945	0.06936799	-0.00308725	0.11485308	-0.00038259	-0.00616923	0.00023753
13.716612	0.06937854	-0.00309404	0.11495094	-0.00142098	-0.00354609	0.00203137
13.733278	0.06940928	-0.00301868	0.11502832	-0.00253853	-0.00186039	0.00326687
13.749946	0.06937364	-0.00298866	0.11510919	-0.00375600	-0.00064989	0.00404102
13.766612	0.06926562	-0.00311460	0.11510368	-0.00557823	0.00060048	0.00513075
13.783278	0.06911217	-0.00317875	0.11518408	-0.00756293	0.00226789	0.00752601
13.799945	0.06899463	-0.00311011	0.11530292	-0.00938848	0.00517317	0.01153779
13.816611	0.06885872	-0.00289017	0.11556503	-0.01127136	0.00858763	0.01654762
13.833279	0.06866623	-0.00271050	0.11586791	-0.01340793	0.01087542	0.02127548
13.849945	0.06840672	-0.00251974	0.11629322	-0.01545249	0.01158885	0.02532399
13.866611	0.06808734	-0.00236927	0.11674746	-0.01719437	0.01152859	0.02827756
13.883278	0.06778748	-0.00214552	0.11726706	-0.01748930	0.01235739	0.03016704
13.899944	0.06750170	-0.00194200	0.11779270	-0.01622981	0.01370390	0.03081595
13.916612	0.06719410	-0.00171953	0.11832331	-0.01393573	0.01493897	0.03065334
13.933278	0.06700423	-0.00143892	0.11883304	-0.01178351	0.01438661	0.02956242
13.949944	0.06681158	-0.00117227	0.11931957	-0.00951529	0.01238340	0.02790459
13.966611	0.06674120	-0.00089559	0.11977953	-0.00751960	0.00929242	0.02598486
13.983277	0.06658553	-0.00083320	0.12019164	-0.00628533	0.00622521	0.02452558
13.999945	0.06651653	-0.00079198	0.12056885	-0.00573842	0.00394168	0.02313154
14.016611	0.06640945	-0.00081776	0.12092765	-0.00566619	0.00386508	0.02224145
14.033278	0.06634070	-0.00073248	0.12131686	-0.00514286	0.00641585	0.02248531
14.049944	0.06624451	-0.00062164	0.12165208	-0.00472000	0.00933088	0.02367733
14.066610	0.06614576	-0.00039978	0.12205441	-0.00425009	0.01068121	0.02484134
14.083278	0.06609805	-0.00014522	0.12247710	-0.00411646	0.01022764	0.02561393
14.099944	0.06604113	0.00005371	0.12296695	-0.00422904	0.00892010	0.02636931
14.116611	0.06599274	0.00013082	0.12340938	-0.00472272	0.00671571	0.02650991
14.133277	0.06589893	0.00019373	0.12382513	-0.00562599	0.00517752	0.02572547
14.149943	0.06577604	0.00025174	0.12426053	-0.00732857	0.00559586	0.02559460
14.166611	0.06566821	0.00033963	0.12466998	-0.00981000	0.00680232	0.02698071
14.183277	0.06551272	0.00047725	0.12507714	-0.01226840	0.00735373	0.02850060
14.199944	0.06528088	0.00066053	0.12559918	-0.01425689	0.00766025	0.02944161
14.216610	0.06497544	0.00078589	0.12613766	-0.01551187	0.00817972	0.03041540
14.233276	0.06466707	0.00087907	0.12668647	-0.01574329	0.00860537	0.03113521
14.249944	0.06442158	0.00099263	0.12714915	-0.01404459	0.00943712	0.03092897
14.266610	0.06420397	0.00118719	0.12765871	-0.01105693	0.01050502	0.02969635
14.283277	0.06401411	0.00139415	0.12818305	-0.00738534	0.01210454	0.02791528
14.299943	0.06393666	0.00163248	0.12868176	-0.00379385	0.01318948	0.02482953
14.316609	0.06388153	0.00179354	0.12907267	-0.00072919	0.01281724	0.02026104
14.333276	0.06397507	0.00208149	0.12938145	0.00124734	0.01091664	0.01555278
14.349943	0.06400359	0.00225942	0.12952866	0.00225090	0.00783381	0.01101237
14.366610	0.06406524	0.00241783	0.12968294	0.00262984	0.00453797	0.00664840
14.383276	0.06406742	0.00239775	0.12977734	0.00237030	0.00166819	0.00263334
14.399942	0.06410794	0.00232736	0.12981781	0.00272871	0.00067195	-0.00062153
14.416609	0.06417332	0.00231769	0.12975445	0.00427829	0.00088389	-0.00383893
14.433276	0.06421550	0.00234632	0.12961198	0.00751152	0.00264910	-0.00700775
14.449943	0.06433966	0.00247748	0.12949887	0.01039256	0.00208539	-0.01089063
14.466609	0.06454454	0.00251546	0.12932073	0.01274766	-0.00112104	-0.01561804
14.483275	0.06487855	0.00259807	0.12908867	0.01463579	-0.00602432	-0.02129377
14.499942	0.06512167	0.00232782	0.12864597	0.01605722	-0.00956003	-0.02678547
14.516609	0.06537858	0.00210910	0.12809528	0.01641265	-0.01172278	-0.03138465
14.533276	0.06560139	0.00173820	0.12747014	0.01633103	-0.01392305	-0.03598608
14.549942	0.06593397	0.00169414	0.12690492	0.01772243	-0.01542294	-0.04003034
14.566608	0.06621658	0.00147107	0.12627813	0.02069422	-0.01616391	-0.04292490
14.583275	0.06653964	0.00115165	0.12547477	0.02329031	-0.01742953	-0.04446889
14.599942	0.06695021	0.00073127	0.12462518	0.02350738	-0.02018828	-0.04519850
14.616609	0.06746836	0.00041004	0.12382173	0.02209650	-0.02032924	-0.04345073
14.633275	0.06789198	0.00009219	0.12317126	0.01900513	-0.01789705	-0.03890102
14.649941	0.06812959	-0.00023241	0.12254268	0.01397615	-0.01496363	-0.03339777
14.666608	0.06826255	-0.00047006	0.12203808	0.00841267	-0.01309291	-0.02881419
14.683275	0.06834722	-0.00061400	0.12160455	0.00492351	-0.01092261	-0.02530220
14.699942	0.06838982	-0.00075832	0.12125687	0.00397900	-0.00861737	-0.02213535
14.716608	0.06842230	-0.00091795	0.12090726	0.00378264	-0.00776518	-0.02018452
14.733274	0.06848215	-0.00104376	0.12057532	0.00376576	-0.00823161	-0.01944922
14.749941	0.06859759	-0.00112946	0.12028513	0.00428764	-0.00893005	-0.01940079
14.766608	0.06865123	-0.00128173	0.11996175	0.00571387	-0.00959436	-0.01957812
14.783275	0.06872816	-0.00147173	0.11963874	0.00673755	-0.01082888	-0.02047051
14.799941	0.06881795	-0.00169490	0.11928247	0.00633741	-0.01226872	-0.02217246
14.816607	0.06902847	-0.00187850	0.11891855	0.00465011	-0.01308677	-0.02406257
14.833274	0.06913926	-0.00210358	0.11851058	0.00273627	-0.01325365	-0.02497039
14.849941	0.06913385	-0.00233793	0.11803762	0.00161209	-0.01321214	-0.02434751
14.866608	0.06901431	-0.00258054	0.11757732	0.00172422	-0.01349018	-0.02276180
14.883274	0.06900771	-0.00278918	0.11722071	0.00367770	-0.01312613	-0.02014734
14.899940	0.06914116	-0.00299039	0.11695062	0.00634274	-0.01232224	-0.01688018
14.916607	0.06935846	-0.00322590	0.11671162	0.00759865	-0.01172655	-0.01446119
14.933274	0.06954335	-0.00339304	0.11649299	0.00563601	-0.01200325	-0.01368338
14.949941	0.06962463	-0.00358459	0.11628785	0.00139461	-0.01240997	-0.01356104
14.966607	0.06958465	-0.00375875	0.11606140	-0.00349702	-0.01206984	-0.01214084
14.983274	0.06944406	-0.00402410	0.11581486	-0.00707145	-0.01065837	-0.00866785
14.999940	0.06927101	-0.00424159	0.11561888	-0.00855010	-0.00769825	-0.00374687
15.016607	0.06907985	-0.00435932	0.11561375	-0.00860862	-0.00367115	0.00159700
15.033274	0.06896191	-0.00435487	0.11576051	-0.00817764	0.00155980	0.00649712
15.049940	0.06886022	-0.00424071	0.11597605	-0.00815581	0.00671304	0.00947796
15.066607	0.06874758	-0.00412530	0.11615236	-0.00877786	0.01069697	0.00981461
15.083273	0.06859571	-0.00388233	0.11631414	-0.01001567	0.01262982	0.00823918
15.099940	0.06837954	-0.00363078	0.11643080	-0.01103089	0.01303291	0.00687632
15.116607	0.06818524	-0.00335211	0.11653104	-0.01075488	0.01321486	0.00646713
15.133273	0.06797455	-0.00317774	0.11657977	-0.00900034	0.01410974	0.00648903
15.149940	0.06782714	-0.00302343	0.11671622	-0.00649898	0.01637467	0.00663417
15.166606	0.06776059	-0.00276400	0.11684033	-0.00523465	0.01850056	0.00683035
15.183273	0.06773099	-0.00236714	0.11699034	-0.00612880	0.01934716	0.00692359
15.199940	0.06772003	-0.00188985	0.11707857	-0.00897534	0.01849528	0.00707637
15.216606	0.06751208	-0.00158937	0.11716927	-0.01282731	0.01574785	0.00841509
15.233273	0.06721689	-0.00143320	0.11728555	-0.01722842	0.01092953	0.01137183
15.249939	0.06684595	-0.00132319	0.11748104	-0.02113008	0.00579398	0.01576583
15.266606	0.06649462	-0.00123344	0.11779457	-0.02285188	0.00352954	0.02119390
15.283273	0.06610037	-0.00120626	0.11820865	-0.02287620	0.00421990	0.02795387
15.299939	0.06566285	-0.00123863	0.11869729	-0.02249742	0.00626046	0.03509327
15.316606	0.06530108	-0.00112056	0.11932255	-0.02248937	0.00879564	0.04137249
15.333272	0.06496239	-0.00089268	0.12011234	-0.02177605	0.01250373	0.04628591
15.349939	0.06462451	-0.00060205	0.12099069	-0.02058764	0.01592945	0.04936666
15.366606	0.06423768	-0.00034613	0.12187030	-0.02000668	0.01711083	0.04975965
15.383272	0.06390654	-0.00002411	0.12269813	-0.01971420	0.01683549	0.04740965
15.399939	0.06361432	0.00026698	0.12347798	-0.01813073	0.01602332	0.04339731
15.416605	0.06331115	0.00053225	0.12417834	-0.01488498	0.01443811	0.03888950
15.433272	0.06302164	0.00076001	0.12478062	-0.01101737	0.01147307	0.03422092
15.449939	0.06285973	0.00093994	0.12529659	-0.00690422	0.00835052	0.02965652
15.466605	0.06282264	0.00106467	0.12574854	-0.00279081	0.00784806	0.02619903
15.483272	0.06286909	0.00109082	0.12613602	0.00013616	0.00942742	0.02379479
15.499938	0.06290261	0.00116153	0.12649041	0.00099976	0.01183480	0.02248758
15.516604	0.06293346	0.00149258	0.12686414	0.00014909	0.01345133	0.02227323
15.533272	0.06291837	0.00180099	0.12720899	-0.00072342	0.01556435	0.02299094
15.549938	0.06288800	0.00216335	0.12761362	-0.00062317	0.01740572	0.02391661
15.566605	0.06282538	0.00224157	0.12800702	-0.00028242	0.01773626	0.02457301
15.583271	0.06284643	0.00259518	0.12845756	-0.00044424	0.01577351	0.02434599
15.599937	0.06289215	0.00292039	0.12887534	-0.00075624	0.01340288	0.02293559
15.616605	0.06290253	0.00327474	0.12927014	-0.00053115	0.01176682	0.02088935
15.633271	0.06282657	0.00330438	0.12958050	-0.00075933	0.00851290	0.01889520
15.649938	0.06277037	0.00334384	0.12984589	-0.00135981	0.00522960	0.01753158
15.666604	0.06280360	0.00342174	0.13010128	-0.00182793	0.00403737	0.01702830
15.683270	0.06279964	0.00351441	0.13039701	-0.00245818	0.00552498	0.01766562
15.699938	0.06276950	0.00360378	0.13069381	-0.00365426	0.00642166	0.01877107
15.716604	0.06265052	0.00370967	0.13102283	-0.00396063	0.00661766	0.01891658
15.733271	0.06252719	0.00385272	0.13135809	-0.00259184	0.00681709	0.01745626
15.749937	0.06246005	0.00396696	0.13169372	-0.00053950	0.00576468	0.01465848
15.766603	0.06252307	0.00406614	0.13191628	0.00122838	0.00283024	0.01079958
15.783271	0.06263278	0.00415582	0.13204727	0.00270465	-0.00057612	0.00610712
15.799937	0.06269289	0.00407379	0.13208321	0.00420557	-0.00233598	0.00160121
15.816604	0.06268276	0.00394945	0.13207735	0.00519587	-0.00310150	-0.00157320
15.833270	0.06275360	0.00381061	0.13199764	0.00619727	-0.00325793	-0.00362696
15.849936	0.06291968	0.00386079	0.13191113	0.00781062	-0.00246403	-0.00537286
15.866604	0.06310274	0.00386318	0.13181883	0.00970245	-0.00156184	-0.00725242
15.883270	0.06326927	0.00384572	0.13171688	0.01075321	-0.00190360	-0.00939835
15.899937	0.06341317	0.00376774	0.13154544	0.01092297	-0.00475364	-0.01267736
15.916603	0.06362062	0.00369880	0.13131136	0.01075481	-0.00838699	-0.01732692
15.933270	0.06382296	0.00359609	0.13100216	0.01113106	-0.01169152	-0.02229878
15.949937	0.06401150	0.00331293	0.13058177	0.01169694	-0.01350431	-0.02616334
15.966603	0.06416371	0.00300647	0.13005860	0.01168300	-0.01479444	-0.02859373
15.983270	0.06437742	0.00269291	0.12951416	0.01085867	-0.01484382	-0.02945137
15.999936	0.06459172	0.00254195	0.12902041	0.00960700	-0.01408597	-0.02943304
16.016603	0.06477920	0.00231779	0.12856805	0.00900168	-0.01407514	-0.02941344
16.033270	0.06485553	0.00213604	0.12813102	0.00908378	-0.01476040	-0.02949272
16.049936	0.06493542	0.00182077	0.12760703	0.00981655	-0.01462391	-0.02846394
16.066603	0.06512439	0.00151901	0.12706536	0.01135987	-0.01259189	-0.02580899
16.083269	0.06537691	0.00127673	0.12658224	0.01278733	-0.01001752	-0.02211416
16.099936	0.06564869	0.00119002	0.12630333	0.01271611	-0.00712441	-0.01782104
16.116602	0.06587467	0.00118288	0.12612298	0.01110115	-0.00482626	-0.01389241
16.133268	0.06601096	0.00111135	0.12594427	0.00928491	-0.00352192	-0.01110066
16.149935	0.06613049	0.00102616	0.12574841	0.00783119	-0.00366241	-0.01017545
16.166603	0.06621299	0.00093838	0.12555334	0.00656253	-0.00389716	-0.00983481
16.183270	0.06636745	0.00090730	0.12543716	0.00579371	-0.00364288	-0.00948180
16.199936	0.06646746	0.00085010	0.12527519	0.00546271	-0.00357761	-0.00903498
16.216602	0.06652437	0.00080356	0.12515104	0.00492552	-0.00412087	-0.00882931
16.233269	0.06659283	0.00072207	0.12496240	0.00388296	-0.00533480	-0.00869784
16.249935	0.06665684	0.00063093	0.12482837	0.00333270	-0.00664786	-0.00871215
16.266602	0.06673485	0.00051189	0.12468791	0.00342821	-0.00716643	-0.00893656
16.283268	0.06675839	0.00035503	0.12457078	0.00422461	-0.00595525	-0.00920665
16.299934	0.06680590	0.00021242	0.12439837	0.00517281	-0.00340049	-0.00951186
16.316601	0.06690001	0.00016178	0.12422393	0.00603697	-0.00076963	-0.00982728
16.333269	0.06705861	0.00023233	0.12403148	0.00620342	0.00074256	-0.00999861
16.349936	0.06719172	0.00034606	0.12389982	0.00528394	0.00078342	-0.00949368
16.366602	0.06728917	0.00036480	0.12372606	0.00325066	-0.00037207	-0.00853736
16.383268	0.06728071	0.00028821	0.12359270	0.00106018	-0.00240733	-0.00799421
16.399935	0.06727871	0.00018403	0.12345766	0.00002213	-0.00451074	-0.00786576
16.416601	0.06721843	0.00012542	0.12336643	0.00015214	-0.00581602	-0.00746585
16.433268	0.06723594	0.00004970	0.12322346	0.00102234	-0.00671410	-0.00683024
16.449934	0.06727879	-0.00007296	0.12309673	0.00184846	-0.00779557	-0.00617991
16.466600	0.06733578	-0.00023299	0.12298349	0.00265771	-0.00898046	-0.00554132
16.483267	0.06739526	-0.00041638	0.12292977	0.00286360	-0.00951821	-0.00436010
16.499935	0.06740785	-0.00057400	0.12286595	0.00235562	-0.00947565	-0.00252356
16.516602	0.06747410	-0.00073234	0.12281395	0.00072897	-0.00925856	-0.00022024
16.533268	0.06749771	-0.00086235	0.12279665	-0.00126996	-0.00842238	0.00278221
16.549934	0.06748214	-0.00101540	0.12287707	-0.00354917	-0.00705423	0.00636036
16.566601	0.06735834	-0.00116129	0.12301748	-0.00578838	-0.00497663	0.00984628
16.583267	0.06722613	-0.00121735	0.12325588	-0.00714029	-0.00202597	0.01280980
16.599934	0.06706721	-0.00124547	0.12348198	-0.00691622	0.00077463	0.01452083
16.616600	0.06696361	-0.00115867	0.12375446	-0.00555119	0.00211141	0.01476812
16.633266	0.06686541	-0.00106160	0.12402168	-0.00463361	0.00260745	0.01443921
16.649933	0.06684980	-0.00101986	0.12425648	-0.00509916	0.00311565	0.01467964
16.666601	0.06679929	-0.00102905	0.12446301	-0.00690366	0.00336649	0.01518360
16.683268	0.06668742	-0.00100253	0.12469224	-0.00931788	0.00328226	0.01573852
16.699934	0.06645960	-0.00088889	0.12499790	-0.01093008	0.00369334	0.01635077
16.716600	0.06620458	-0.00077649	0.12531114	-0.01034961	0.00533813	0.01761671
16.733267	0.06597921	-0.00074498	0.12559322	-0.00838592	0.00691557	0.01855925
16.749933	0.06590115	-0.00066108	0.12586464	-0.00613025	0.00776197	0.01909383
16.766600	0.06589714	-0.00048094	0.12622052	-0.00448642	0.00812489	0.01973801
16.783266	0.06586114	-0.00027488	0.12655365	-0.00349963	0.00799361	0.02020136
16.799932	0.06576761	-0.00011077	0.12693794	-0.00295867	0.00726071	0.01952775
16.816599	0.06565155	-0.00007039	0.12724885	-0.00253421	0.00646467	0.01777716
16.833267	0.06563373	-0.00001784	0.12754799	-0.00187137	0.00618351	0.01595459
16.849934	0.06566817	0.00008449	0.12776524	-0.00096310	0.00686247	0.01419319
16.866600	0.06567270	0.00025052	0.12796716	-0.00085943	0.00787719	0.01276908
16.883266	0.06564730	0.00041710	0.12818530	-0.00222166	0.00816469	0.01158972
16.899933	0.06559061	0.00055353	0.12837538	-0.00405540	0.00845994	0.01122546
16.916599	0.06551664	0.00065690	0.12855811	-0.00558598	0.00916638	0.01107295
16.933266	0.06540164	0.00077008	0.12870568	-0.00634706	0.01018840	0.01101871
16.949932	0.06527017	0.00098426	0.12890486	-0.00707208	0.01088009	0.01117145
16.966599	0.06513634	0.00121786	0.12909672	-0.00726360	0.01114915	0.01167965
16.983265	0.06504850	0.00144312	0.12930623	-0.00655106	0.01027658	0.01224933
16.999933	0.06489448	0.00156723	0.12949738	-0.00551602	0.00819368	0.01200554
17.016600	0.06483484	0.00168876	0.12971301	-0.00500159	0.00583874	0.01116750
17.033266	0.06475311	0.00174864	0.12992026	-0.00505874	0.00434204	0.01020629
17.049932	0.06472239	0.00181235	0.13006698	-0.00541283	0.00413802	0.00936281
17.066599	0.06461445	0.00184286	0.13019294	-0.00600590	0.00475673	0.00861127
17.083265	0.06447690	0.00192371	0.13031395	-0.00597524	0.00622537	0.00810947
17.099932	0.06434600	0.00204573	0.13045996	-0.00533240	0.00773030	0.00803466
17.116598	0.06425548	0.00220506	0.13061519	-0.00400664	0.00805496	0.00772129
17.133265	0.06424063	0.00239290	0.13073261	-0.00317340	0.00621677	0.00670786
17.149931	0.06422253	0.00251930	0.13086043	-0.00275226	0.00288411	0.00497611
17.166597	0.06419136	0.00253593	0.13091570	-0.00253138	-0.00070942	0.00303575
17.183266	0.06409228	0.00243090	0.13095810	-0.00206818	-0.00322758	0.00102364
17.199932	0.06404583	0.00229357	0.13093936	-0.00107158	-0.00431672	-0.00124321
17.216599	0.06403496	0.00221231	0.13091101	0.00155122	-0.00416929	-0.00426190
17.233265	0.06410058	0.00219905	0.13084427	0.00582664	-0.00334791	-0.00859927
17.249931	0.06417568	0.00216914	0.13070381	0.01001314	-0.00316033	-0.01361674
17.266598	0.06440599	0.00211889	0.13042699	0.01303924	-0.00450333	-0.01941145
17.283264	0.06470277	0.00203151	0.13001657	0.01479464	-0.00743062	-0.02542551
17.299931	0.06501838	0.00190853	0.12954479	0.01535515	-0.01162473	-0.03137057
17.316597	0.06525631	0.00171043	0.12896872	0.01493274	-0.01579327	-0.03619678
17.333263	0.06545354	0.00138766	0.12834576	0.01453543	-0.01898639	-0.04014501
17.349932	0.06566276	0.00096259	0.12758362	0.01495833	-0.02078139	-0.04300999
17.366598	0.06593455	0.00058039	0.12685272	0.01599862	-0.02149564	-0.04420134
17.383265	0.06622781	0.00023125	0.12604919	0.01618235	-0.02127319	-0.04340301
17.399931	0.06655267	-0.00004572	0.12534112	0.01525747	-0.02073515	-0.04169723
17.416597	0.06680420	-0.00041381	0.12465701	0.01458051	-0.01890857	-0.03951185
17.433264	0.06698405	-0.00076790	0.12406557	0.01447642	-0.01638029	-0.03701106
17.449930	0.06715969	-0.00111413	0.12343555	0.01409130	-0.01407158	-0.03470189
17.466597	0.06744443	-0.00120731	0.12288901	0.01324793	-0.01136142	-0.03255514
17.483263	0.06774286	-0.00133830	0.12232945	0.01188726	-0.00818743	-0.03010255
17.499929	0.06795030	-0.00145710	0.12188219	0.00956323	-0.00548071	-0.02704613
17.516598	0.06803042	-0.00160891	0.12142235	0.00600150	-0.00418837	-0.02393333
17.533264	0.06806898	-0.00165019	0.12107573	0.00264005	-0.00285237	-0.02048396
17.549931	0.06810077	-0.00161601	0.12074511	0.00103351	-0.00110072	-0.01683939
17.566597	0.06809270	-0.00162992	0.12049261	0.00093252	-0.00005586	-0.01319362
17.583263	0.06808267	-0.00163498	0.12030984	0.00152760	-0.00110953	-0.01057450
17.599930	0.06810950	-0.00163442	0.12018576	0.00231796	-0.00265893	-0.00868242
17.616596	0.06816547	-0.00168168	0.12008927	0.00296441	-0.00254356	-0.00705837
17.633263	0.06826493	-0.00178128	0.11994983	0.00298386	-0.00166604	-0.00580801
17.649929	0.06831066	-0.00187216	0.11983155	0.00233018	-0.00117105	-0.00502596
17.666595	0.06834294	-0.00179710	0.11978412	0.00099626	-0.00095613	-0.00448437
17.683264	0.06832851	-0.00175607	0.11973175	-0.00045408	0.00005173	-0.00351073
17.699930	0.06831817	-0.00175974	0.11970035	-0.00095383	0.00125194	-0.00211459
17.716597	0.06827650	-0.00184612	0.11960098	-0.00072461	0.00190462	-0.00050098
17.733263	0.06824542	-0.00179476	0.11960592	-0.00007879	0.00060014	0.00080485
17.749929	0.06826853	-0.00168287	0.11966243	0.00052799	-0.00253646	0.00186411
17.766596	0.06829316	-0.00160173	0.11976346	0.00087887	-0.00669566	0.00296363
17.783262	0.06833954	-0.00186172	0.11979695	-0.00069056	-0.01088405	0.00430433
17.799929	0.06833165	-0.00219395	0.11981624	-0.00445226	-0.01342332	0.00667388
17.816595	0.06828842	-0.00256129	0.11989302	-0.00927817	-0.01311397	0.00992663
17.833261	0.06805544	-0.00268579	0.12011842	-0.01323005	-0.00797319	0.01447944
17.849930	0.06773786	-0.00275607	0.12044550	-0.01503299	0.00021251	0.01985252
17.866596	0.06737019	-0.00277275	0.12080225	-0.01482373	0.00779902	0.02518496
17.883263	0.06715004	-0.00253470	0.12124528	-0.01357047	0.01229102	0.02959897
17.899929	0.06701681	-0.00219626	0.12177185	-0.01212885	0.01714352	0.03354377
17.916595	0.06688553	-0.00181726	0.12241580	-0.01107053	0.02143062	0.03649864
17.933262	0.06665248	-0.00157936	0.12306502	-0.01065240	0.02332645	0.03699850
17.949928	0.06642519	-0.00111213	0.12374259	-0.01003348	0.02214459	0.03436996
17.966595	0.06623600	-0.00068542	0.12432317	-0.00893462	0.01979651	0.03015027
17.983261	0.06615919	-0.00023420	0.12478182	-0.00784616	0.01689529	0.02653017
17.999928	0.06608120	-0.00012488	0.12509242	-0.00759236	0.01267802	0.02383286
18.016596	0.06596623	0.00000791	0.12542355	-0.00831142	0.00844380	0.02186784
18.033262	0.06578321	0.00008697	0.12582900	-0.00937160	0.00662012	0.02112606
18.049929	0.06558868	0.00023163	0.12623101	-0.00989124	0.00717401	0.02152921
18.066595	0.06541283	0.00031363	0.12655030	-0.00953496	0.00716216	0.02177977
18.083261	0.06527858	0.00048638	0.12687269	-0.00841703	0.00613256	0.02157674
18.099928	0.06514227	0.00058440	0.12723061	-0.00791136	0.00426710	0.02168068
18.116594	0.06503505	0.00067943	0.12764311	-0.00806085	0.00245174	0.02227166
18.133261	0.06492142	0.00064089	0.12801954	-0.00836137	0.00134861	0.02232106
18.149927	0.06474582	0.00061661	0.12838461	-0.00831216	0.00199359	0.02141916
18.166594	0.06459806	0.00061256	0.12873740	-0.00785168	0.00442276	0.02026082
18.183262	0.06443749	0.00072756	0.12906334	-0.00659182	0.00753855	0.01884639
18.199928	0.06436642	0.00091320	0.12937090	-0.00510579	0.00916074	0.01677065
18.216595	0.06430031	0.00115963	0.12966019	-0.00426700	0.00866341	0.01457019
18.233261	0.06427354	0.00131826	0.12986991	-0.00397185	0.00626217	0.01297025
18.249928	0.06420463	0.00138299	0.13004455	-0.00435209	0.00328140	0.01202894
18.266594	0.06410466	0.00135265	0.13019897	-0.00458362	0.00126086	0.01171199
18.283260	0.06402166	0.00131675	0.13041478	-0.00439351	0.00126752	0.01219225
18.299927	0.06392242	0.00132750	0.13063897	-0.00305017	0.00316028	0.01326790
18.316593	0.06390007	0.00141175	0.13086367	-0.00120104	0.00553598	0.01396185
18.333260	0.06387322	0.00154808	0.13109663	0.00061237	0.00689517	0.01350736
18.349926	0.06394175	0.00172730	0.13134848	0.00240688	0.00705725	0.01201761
18.366594	0.06398516	0.00184123	0.13156365	0.00363355	0.00601778	0.00980381
18.383261	0.06405894	0.00192040	0.13171363	0.00428865	0.00433404	0.00724907
18.399927	0.06415074	0.00196361	0.13177173	0.00462046	0.00204557	0.00363702
18.416594	0.06421356	0.00197974	0.13180934	0.00547404	-0.00077596	-0.00132964
18.433260	0.06430905	0.00200135	0.13181622	0.00670968	-0.00357885	-0.00645111
18.449926	0.06439943	0.00189535	0.13166985	0.00880785	-0.00486478	-0.01073029
18.466593	0.06456912	0.00174042	0.13138072	0.01163726	-0.00441724	-0.01502803
18.483259	0.06478044	0.00158452	0.13104664	0.01417669	-0.00336911	-0.01932994
18.499926	0.06506868	0.00159090	0.13074841	0.01523728	-0.00280645	-0.02224730
18.516592	0.06538486	0.00167050	0.13037694	0.01457053	-0.00287323	-0.02353357
18.533260	0.06564903	0.00165380	0.12992153	0.01293407	-0.00555265	-0.02511228
18.549927	0.06581514	0.00149155	0.12945902	0.01119812	-0.01103725	-0.02734702
18.566593	0.06593694	0.00128891	0.12904301	0.01074266	-0.01647521	-0.02947223
18.583260	0.06606643	0.00089442	0.12855282	0.01190540	-0.01940024	-0.03126507
18.599926	0.06628489	0.00052740	0.12801629	0.01358045	-0.02059412	-0.03289437
18.616592	0.06657913	0.00010947	0.12737823	0.01534178	-0.02038105	-0.03339773
18.633259	0.06688558	-0.00014893	0.12679946	0.01770001	-0.01826458	-0.03249375
18.649925	0.06713549	-0.00046156	0.12624881	0.02029923	-0.01512373	-0.03132080
18.666592	0.06743868	-0.00070389	0.12581459	0.02253206	-0.01254496	-0.03080354
18.683258	0.06786795	-0.00089257	0.12534702	0.02349576	-0.01127520	-0.03085108
18.699926	0.06836786	-0.00100346	0.12481310	0.02220416	-0.01035395	-0.03089727
18.716593	0.06881677	-0.00115725	0.12421694	0.01812938	-0.01006144	-0.03085518
18.733259	0.06905995	-0.00134540	0.12368831	0.01224910	-0.00989769	-0.02992921
18.749926	0.06914371	-0.00156088	0.12323009	0.00678572	-0.00947490	-0.02792448
18.766592	0.06913927	-0.00171613	0.12281138	0.00384790	-0.00818388	-0.02544022
18.783258	0.06914891	-0.00182203	0.12238732	0.00349501	-0.00631432	-0.02340043
18.799925	0.06922901	-0.00189743	0.12200065	0.00457445	-0.00565304	-0.02234371
18.816591	0.06935564	-0.00195819	0.12165402	0.00607251	-0.00669344	-0.02144707
18.833258	0.06947049	-0.00202933	0.12134181	0.00782746	-0.00813990	-0.02035410
18.849924	0.06958953	-0.00223038	0.12096994	0.00959758	-0.00882904	-0.01929395
18.866592	0.06971791	-0.00243512	0.12065717	0.01093232	-0.00962833	-0.01927719
18.883259	0.06996441	-0.00262697	0.12033479	0.01165022	-0.01114757	-0.02066516
18.899925	0.07020885	-0.00270249	0.12007768	0.01218510	-0.01230440	-0.02278803
18.916592	0.07042424	-0.00290404	0.11967044	0.01235136	-0.01309594	-0.02459249
18.933258	0.07057051	-0.00320560	0.11917893	0.01198580	-0.01105954	-0.02396657
18.949924	0.07075766	-0.00349289	0.11866209	0.01160313	-0.00522217	-0.02085161
18.966591	0.07097057	-0.00367891	0.11829152	0.01123507	0.00277604	-0.01565433
18.983257	0.07119782	-0.00339938	0.11819228	0.00938591	0.00825922	-0.01092695
18.999924	0.07136454	-0.00302860	0.11813095	0.00587972	0.00836635	-0.00830352
19.016590	0.07146630	-0.00268171	0.11809907	0.00220844	0.00316097	-0.00889364
19.033258	0.07138652	-0.00277675	0.11786592	-0.00022374	-0.00351438	-0.01065985
19.049925	0.07131690	-0.00313326	0.11762608	-0.00143778	-0.00738570	-0.01115088
19.066591	0.07124876	-0.00345701	0.11734481	-0.00175890	-0.00684448	-0.00965700
19.083258	0.07130834	-0.00348956	0.11723057	-0.00149329	-0.00367971	-0.00713847
19.099924	0.07130717	-0.00334307	0.11718921	-0.00169647	-0.00122219	-0.00520626
19.116590	0.07126636	-0.00318966	0.11719234	-0.00299656	-0.00121650	-0.00362550
19.133257	0.07117698	-0.00334779	0.11709937	-0.00477785	-0.00431905	-0.00338090
19.149923	0.07108048	-0.00350810	0.11699134	-0.00528427	-0.00749376	-0.00347824
19.166590	0.07096734	-0.00371385	0.11694942	-0.00536653	-0.00744213	-0.00256543
19.183256	0.07087869	-0.00383976	0.11689917	-0.00552161	-0.00459679	0.00021253
19.199924	0.07082602	-0.00386640	0.11692830	-0.00657114	-0.00205388	0.00355741
19.216591	0.07072025	-0.00384378	0.11698005	-0.00816073	-0.00027585	0.00670875
19.233257	0.07059613	-0.00377840	0.11716323	-0.00992842	0.00062949	0.00988648
19.249924	0.07034194	-0.00380435	0.11736885	-0.01169019	0.00162182	0.01384331
19.266590	0.07013842	-0.00381545	0.11760059	-0.01330247	0.00352153	0.01862537
19.283257	0.06991147	-0.00378352	0.11789373	-0.01467152	0.00702391	0.02356081
19.299923	0.06969039	-0.00363238	0.11834208	-0.01577335	0.01122021	0.02851200
19.316589	0.06941533	-0.00336453	0.11891074	-0.01684505	0.01429304	0.03209880
19.333256	0.06908430	-0.00303188	0.11954460	-0.01722235	0.01519840	0.03343644
19.349922	0.06877080	-0.00274634	0.12014067	-0.01696225	0.01371184	0.03255511
19.366590	0.06848851	-0.00252649	0.12064499	-0.01646205	0.01193571	0.03092402
19.383257	0.06825898	-0.00241490	0.12110694	-0.01661263	0.01024592	0.02892807
19.399923	0.06802475	-0.00231047	0.12154743	-0.01770008	0.00695300	0.02595688
19.416590	0.06771560	-0.00209993	0.12204926	-0.01859747	0.00689438	0.02569678
19.433256	0.06734892	-0.00199742	0.12244134	-0.02111399	0.00348706	0.02234803
19.449923	0.06695732	-0.00206039	0.12271763	-0.02363050	0.00007974	0.01899928
