Time	thumb tip right X	thumb tip right Y	thumb tip right Z	thumb tip right v(X)	thumb tip right v(Y)	thumb tip right v(Z)
0.00000000	0.00000000	0.00000000	0.00000000	0.00000000	0.00000000	0.00000000
0.01666660	0.01666660	0.01666660	0.01666660	0.01666660	0.01666660	0.01666660
0.000000	0.08492731	-0.06877357	0.08309156	0.02871283	-0.02873980	-0.08607113
0.016667	0.08534353	-0.06920766	0.08180137	0.03126037	-0.01628152	-0.09990843
0.033333	0.08590398	-0.06957486	0.08008361	0.03380792	-0.00382324	-0.11374574
0.050000	0.08655348	-0.06966059	0.07797419	0.03161070	0.00539115	-0.11133341
0.066666	0.08711829	-0.06936471	0.07585575	0.03159468	0.01796271	-0.11245086
0.083333	0.08757857	-0.06881724	0.07395985	0.03081364	0.02735253	-0.10399945
0.100000	0.08799286	-0.06821305	0.07237384	0.03038646	0.03071007	-0.08934823
0.116666	0.08850909	-0.06765476	0.07098963	0.02970972	0.02834607	-0.07078236
0.133333	0.08908878	-0.06717637	0.06990574	0.02775155	0.02247175	-0.04954562
0.149999	0.08963834	-0.06688137	0.06914548	0.02369249	0.01476074	-0.02626891
0.166666	0.08997475	-0.06667463	0.06895047	0.01586045	0.00683683	-0.00033111
0.183333	0.09016126	-0.06666180	0.06918655	0.00375123	0.00017103	0.02781849
0.199999	0.09018952	-0.06675278	0.06986861	-0.01073052	-0.00459729	0.05591184
0.216666	0.08994228	-0.06690715	0.07102557	-0.02511239	-0.00727410	0.08035997
0.233332	0.08934687	-0.06707106	0.07265554	-0.03804509	-0.00673025	0.09906461
0.249999	0.08847706	-0.06719088	0.07466244	-0.04799090	-0.00369789	0.10987411
0.266666	0.08751426	-0.06727539	0.07670932	-0.05268516	-0.00032656	0.11182281
0.283332	0.08658049	-0.06719766	0.07864202	-0.05142135	0.00107408	0.10474406
0.299999	0.08569269	-0.06706968	0.08032227	-0.04525258	-0.00005636	0.08959090
0.316665	0.08497433	-0.06701148	0.08174997	-0.03494154	-0.00416541	0.06814585
0.333332	0.08441601	-0.06714021	0.08280458	-0.02070536	-0.01117569	0.04229391
0.349999	0.08414971	-0.06741532	0.08332448	-0.00384507	-0.01930710	0.01273775
0.366665	0.08422636	-0.06782565	0.08325809	0.01324853	-0.02554077	-0.01983416
0.383332	0.08466452	-0.06833050	0.08265345	0.02844572	-0.02713199	-0.05088140
0.399998	0.08536826	-0.06891748	0.08147182	0.03892441	-0.02421139	-0.07507271
0.416665	0.08617586	-0.06937274	0.07982212	0.04321834	-0.01769427	-0.09071710
0.433332	0.08700582	-0.06958362	0.07800319	0.04304251	-0.00855893	-0.09960344
0.449998	0.08769836	-0.06959359	0.07629123	0.04145490	0.00191693	-0.10225206
0.466665	0.08827696	-0.06944042	0.07469118	0.03998128	0.01141586	-0.09943897
0.483331	0.08888492	-0.06920026	0.07300561	0.03860448	0.01828659	-0.09368721
0.499998	0.08956543	-0.06879507	0.07139259	0.03771834	0.02229174	-0.08603632
0.516665	0.09028234	-0.06832636	0.06994712	0.03593962	0.02324039	-0.07450967
0.533331	0.09086305	-0.06788184	0.06879682	0.03118721	0.02089300	-0.05718254
0.549998	0.09137154	-0.06752148	0.06795390	0.02360674	0.01569020	-0.03494604
0.566664	0.09170540	-0.06733452	0.06747585	0.01382192	0.00896819	-0.00851180
0.583331	0.09186661	-0.06725443	0.06752735	0.00172493	0.00212193	0.02072342
0.599998	0.09185213	-0.06729333	0.06810172	-0.01293955	-0.00290797	0.05074480
0.616664	0.09153289	-0.06742217	0.06929796	-0.02822343	-0.00546458	0.07745546
0.633331	0.09092572	-0.06758147	0.07092101	-0.04223307	-0.00497641	0.09726268
0.649997	0.08997871	-0.06769161	0.07287562	-0.05189923	-0.00136793	0.10751636
0.666664	0.08892868	-0.06772602	0.07484983	-0.05475315	0.00439616	0.10823654
0.683331	0.08786889	-0.06756958	0.07673538	-0.05106432	0.00864956	0.10194509
0.699997	0.08704451	-0.06732365	0.07832902	-0.04326629	0.00866860	0.09123596
0.716664	0.08646143	-0.06698611	0.07973571	-0.03379064	0.00385893	0.07798199
0.733330	0.08604604	-0.06695411	0.08092604	-0.02338992	-0.00423277	0.06269349
0.749997	0.08570226	-0.06714397	0.08192975	-0.01416931	-0.01368055	0.04657089
0.766664	0.08548553	-0.06759679	0.08259746	-0.00778775	-0.02160528	0.03044844
0.783330	0.08549909	-0.06803618	0.08289114	-0.00336280	-0.02539555	0.01446022
0.799997	0.08557607	-0.06851324	0.08293208	0.00095465	-0.02543068	-0.00266698
0.816663	0.08558314	-0.06892394	0.08280253	0.00569908	-0.02247778	-0.02282979
0.833330	0.08559763	-0.06930505	0.08242945	0.01151209	-0.01708082	-0.04679821
0.849997	0.08576082	-0.06959047	0.08157445	0.01888983	-0.00906665	-0.07167658
0.866663	0.08620194	-0.06971923	0.08001828	0.02654790	-0.00047591	-0.09180075
0.883330	0.08682867	-0.06961173	0.07799097	0.03263702	0.00691990	-0.10240595
0.899996	0.08748417	-0.06932017	0.07592598	0.03603696	0.01205650	-0.10258789
0.916663	0.08808056	-0.06901828	0.07425493	0.03682583	0.01504975	-0.09408171
0.933330	0.08864783	-0.06878221	0.07295850	0.03640517	0.01561331	-0.08130426
0.949996	0.08925350	-0.06857781	0.07176700	0.03583505	0.01485864	-0.06833535
0.966663	0.08987942	-0.06830730	0.07068244	0.03382819	0.01452973	-0.05546405
0.983329	0.09048770	-0.06805699	0.06970473	0.02744753	0.01476923	-0.03837172
0.999996	0.09100381	-0.06779937	0.06910175	0.01621849	0.01393230	-0.01390455
1.016663	0.09124971	-0.06757039	0.06898111	0.00107244	0.01106851	0.01724119
1.033329	0.09109779	-0.06735545	0.06953805	-0.01664802	0.00738221	0.05038125
1.049996	0.09063198	-0.06725582	0.07076288	-0.03513395	0.00441870	0.07941229
1.066662	0.08984520	-0.06728444	0.07254695	-0.05056803	0.00348845	0.09965537
1.083329	0.08885714	-0.06732239	0.07454803	-0.06057480	0.00538638	0.10969835
1.099996	0.08762071	-0.06725726	0.07653920	-0.06393275	0.00923704	0.11015145
1.116662	0.08644457	-0.06701574	0.07831459	-0.05995964	0.01222835	0.10155345
1.133329	0.08537095	-0.06665123	0.08000415	-0.04915249	0.01138651	0.08524545
1.149995	0.08464917	-0.06637393	0.08141592	-0.03352633	0.00568634	0.06310555
1.166662	0.08424361	-0.06629356	0.08239208	-0.01549585	-0.00415461	0.03570488
1.183329	0.08417401	-0.06651494	0.08273610	0.00293252	-0.01488188	0.00277237
1.199995	0.08437133	-0.06691490	0.08248720	0.01929708	-0.02201357	-0.03259359
1.216662	0.08487131	-0.06746433	0.08164123	0.03140235	-0.02254242	-0.06504319
1.233328	0.08558153	-0.06794758	0.08018224	0.03792938	-0.01703217	-0.09019823
1.249995	0.08641346	-0.06821988	0.07827075	0.03987656	-0.00848103	-0.10710944
1.266662	0.08709200	-0.06818797	0.07620700	0.03912684	0.00095241	-0.11468522
1.283328	0.08765171	-0.06799431	0.07421064	0.03724672	0.00922698	-0.11286459
1.299995	0.08816105	-0.06777293	0.07232096	0.03489415	0.01496526	-0.10323770
1.316661	0.08877788	-0.06750962	0.07064261	0.03219204	0.01738991	-0.08841288
1.333328	0.08940888	-0.06718721	0.06921290	0.02802402	0.01757122	-0.06911677
1.349995	0.08989786	-0.06681189	0.06820939	0.02105859	0.01585136	-0.04550739
1.366661	0.09016980	-0.06653636	0.06759957	0.01145125	0.01205837	-0.01837339
1.383328	0.09024119	-0.06635707	0.06753079	-0.00019196	0.00620289	0.01230010
1.399994	0.09013607	-0.06633997	0.06794798	-0.01398472	0.00001375	0.04495046
1.416661	0.08990083	-0.06639799	0.06893717	-0.02920579	-0.00415055	0.07564541
1.433328	0.08931766	-0.06657398	0.07058041	-0.04353999	-0.00476999	0.09910015
1.449994	0.08838581	-0.06671891	0.07266119	-0.05424655	-0.00128720	0.11255927
1.466661	0.08718433	-0.06677259	0.07488456	-0.05870324	0.00496158	0.11450138
1.483328	0.08603617	-0.06661347	0.07683983	-0.05554593	0.01119059	0.10583543
1.499994	0.08512755	-0.06626844	0.07849535	-0.04588536	0.01407949	0.08902950
1.516661	0.08450846	-0.06587890	0.07981819	-0.03238214	0.01222146	0.06762866
1.533327	0.08411130	-0.06563454	0.08084036	-0.01776512	0.00519866	0.04359605
1.549994	0.08391735	-0.06563676	0.08140981	-0.00397311	-0.00520138	0.01642193
1.566661	0.08394024	-0.06584656	0.08150364	0.00778410	-0.01536208	-0.01412423
1.583327	0.08424357	-0.06625511	0.08101123	0.01824014	-0.02137982	-0.04610024
1.599994	0.08468093	-0.06675185	0.07995482	0.02807040	-0.02197047	-0.07432102
1.616660	0.08519989	-0.06721707	0.07832207	0.03609373	-0.01812838	-0.09443153
1.633327	0.08584487	-0.06747620	0.07634626	0.04098376	-0.01112462	-0.10482762
1.649994	0.08664045	-0.06754800	0.07439431	0.04338796	-0.00254170	-0.10670700
1.666660	0.08747862	-0.06748871	0.07264041	0.04351186	0.00585163	-0.10134271
1.683327	0.08820651	-0.06732911	0.07108877	0.04109689	0.01272095	-0.09134705
1.699993	0.08884065	-0.06706685	0.06960044	0.03629527	0.01766629	-0.07845034
1.716660	0.08938697	-0.06669018	0.06830954	0.02976038	0.01978524	-0.06274576
1.733327	0.08988332	-0.06626838	0.06729412	0.02180857	0.01880426	-0.04251851
1.749993	0.09023569	-0.06590038	0.06675047	0.01248026	0.01428189	-0.01655116
1.766660	0.09036897	-0.06570598	0.06664466	0.00178688	0.00631029	0.01393998
1.783326	0.09027433	-0.06565134	0.06710765	-0.01080342	-0.00277390	0.04544242
1.799993	0.08999435	-0.06581243	0.06815954	-0.02392968	-0.00943832	0.07294475
1.816660	0.08952804	-0.06612088	0.06978976	-0.03520711	-0.01177792	0.09288072
1.833326	0.08877949	-0.06644919	0.07172271	-0.04333461	-0.01012706	0.10352346
1.849993	0.08788453	-0.06661887	0.07362776	-0.04805904	-0.00482502	0.10508344
1.866659	0.08697470	-0.06659246	0.07535499	-0.04819215	0.00243955	0.09904759
1.883326	0.08616874	-0.06646350	0.07691997	-0.04259037	0.00815506	0.08840249
1.899993	0.08547018	-0.06622604	0.07833831	-0.03298542	0.00976518	0.07657338
1.916659	0.08495376	-0.06597674	0.07955537	-0.02264754	0.00715203	0.06516713
1.933326	0.08471710	-0.06583639	0.08048840	-0.01310369	0.00173230	0.05292895
1.949992	0.08467066	-0.06585801	0.08125708	-0.00504175	-0.00503471	0.03809672
1.966659	0.08467960	-0.06608278	0.08185314	0.00022251	-0.01136874	0.01980860
1.983325	0.08473318	-0.06635438	0.08215742	0.00271679	-0.01579514	-0.00269451
1.999992	0.08477854	-0.06667646	0.08199044	0.00514945	-0.01674066	-0.03066581
2.016659	0.08486244	-0.06697885	0.08123809	0.01020715	-0.01374097	-0.06099069
2.033325	0.08497628	-0.06725640	0.07992294	0.01787264	-0.00856619	-0.08793727
2.049992	0.08529492	-0.06737350	0.07802162	0.02666275	-0.00328687	-0.10684368
2.066658	0.08588491	-0.06729508	0.07591365	0.03468274	0.00082318	-0.11666928
2.083325	0.08663493	-0.06715705	0.07378810	0.04093384	0.00465648	-0.11610729
2.099992	0.08743122	-0.06707086	0.07188429	0.04394500	0.00822559	-0.10434929
2.116658	0.08813831	-0.06703716	0.07011698	0.04408302	0.01110882	-0.08421782
2.133325	0.08887184	-0.06682557	0.06877415	0.04231227	0.01358492	-0.05900395
2.149992	0.08955469	-0.06648919	0.06800023	0.03862784	0.01538417	-0.02909724
2.166658	0.09025496	-0.06612523	0.06781650	0.03034786	0.01450909	0.00571011
2.183325	0.09080033	-0.06586354	0.06815393	0.01474502	0.00907522	0.04171589
2.199991	0.09108030	-0.06575348	0.06912018	-0.00647469	0.00052728	0.07464587
2.216658	0.09080175	-0.06580463	0.07075245	-0.02799809	-0.00675726	0.10071075
2.233325	0.08994111	-0.06607324	0.07289079	-0.04430539	-0.01056806	0.11691418
2.249991	0.08878250	-0.06642590	0.07517947	-0.05218355	-0.01192064	0.12046619
2.266658	0.08774256	-0.06660494	0.07730472	-0.04975457	-0.01168468	0.11162098
2.283324	0.08698010	-0.06670672	0.07911561	-0.03948272	-0.01194452	0.09267907
2.299991	0.08647377	-0.06679843	0.08049941	-0.02624280	-0.01473392	0.06697636
2.316658	0.08618475	-0.06704012	0.08147136	-0.01328269	-0.02028522	0.03747686
2.333324	0.08604652	-0.06751264	0.08185618	-0.00131265	-0.02676211	0.00580142
2.349991	0.08610686	-0.06804218	0.08168011	0.00950977	-0.03208829	-0.02692770
2.366657	0.08637751	-0.06867392	0.08092406	0.01843035	-0.03369877	-0.05855389
2.383324	0.08682425	-0.06925782	0.07963276	0.02525548	-0.02921678	-0.08505717
2.399991	0.08736821	-0.06982713	0.07788712	0.02973151	-0.01853347	-0.10385677
2.416657	0.08787685	-0.07018235	0.07581900	0.03207093	-0.00439530	-0.11330898
2.433324	0.08842269	-0.07008123	0.07375051	0.03368368	0.00967417	-0.11327065
2.449990	0.08896191	-0.06963161	0.07179768	0.03581080	0.02108899	-0.10421488
2.466657	0.08956395	-0.06903189	0.07013416	0.03796354	0.02658139	-0.08859024
2.483324	0.09025031	-0.06851484	0.06875028	0.03933519	0.02635322	-0.06916971
2.499990	0.09096204	-0.06813112	0.06776761	0.03944051	0.02300994	-0.04773777
2.516657	0.09164352	-0.06785110	0.06714597	0.03686960	0.01922853	-0.02556122
2.533323	0.09225851	-0.06755567	0.06693292	0.03005323	0.01530895	-0.00204650
2.549990	0.09276602	-0.06729381	0.06707007	0.01861326	0.01048398	0.02309503
2.566657	0.09307998	-0.06705660	0.06759059	0.00340918	0.00440383	0.04910440
2.583323	0.09301803	-0.06706146	0.06862682	-0.01414390	-0.00179020	0.07334082
2.599990	0.09258810	-0.06720268	0.07015290	-0.03199683	-0.00663425	0.09343735
2.616656	0.09181996	-0.06747134	0.07206070	-0.04710257	-0.00832527	0.10672984
2.633323	0.09084289	-0.06763848	0.07404978	-0.05614500	-0.00688597	0.11055069
2.649990	0.08974718	-0.06773735	0.07599558	-0.05760003	-0.00430470	0.10402843
2.666656	0.08866175	-0.06768925	0.07775470	-0.05155241	-0.00282840	0.08897403
2.683323	0.08779011	-0.06769234	0.07917378	-0.04020684	-0.00407314	0.06856129
2.699989	0.08721766	-0.06772674	0.08014680	-0.02629633	-0.00728245	0.04543084
2.716656	0.08699694	-0.06792141	0.08064242	-0.01358898	-0.01199470	0.02208048
2.733323	0.08695990	-0.06818771	0.08075234	-0.00451615	-0.01777943	-0.00150905
2.749989	0.08703821	-0.06849375	0.08055387	0.00036031	-0.02262765	-0.02681966
2.766656	0.08705651	-0.06891073	0.08004224	0.00336451	-0.02356553	-0.05439441
2.783322	0.08709420	-0.06944210	0.07898296	0.00922508	-0.01890648	-0.08203565
2.799989	0.08713704	-0.06987401	0.07728466	0.02005551	-0.00939853	-0.10520991
2.816656	0.08744946	-0.07001743	0.07505221	0.03301928	0.00211240	-0.11925290
2.833322	0.08820504	-0.06968921	0.07270637	0.04409062	0.01245027	-0.12087403
2.849989	0.08928598	-0.06922813	0.07060179	0.05168503	0.01867980	-0.11072172
2.866655	0.09032310	-0.06880376	0.06887694	0.05371215	0.01952425	-0.09242400
2.883322	0.09115970	-0.06854412	0.06755918	0.04868325	0.01622843	-0.07079126
2.899989	0.09189030	-0.06837276	0.06654563	0.03912673	0.01262159	-0.04857008
2.916655	0.09253572	-0.06818528	0.06590959	0.03002581	0.01081538	-0.02582091
2.933322	0.09295207	-0.06804194	0.06562750	0.02273136	0.01081381	-0.00130095
2.949988	0.09317692	-0.06784553	0.06577677	0.01378121	0.01038425	0.02621642
2.966655	0.09334221	-0.06765836	0.06640468	0.00062712	0.00783752	0.05583364
2.983322	0.09345282	-0.06746645	0.06755816	-0.01602127	0.00323353	0.08494917
2.999988	0.09316557	-0.06741291	0.06931691	-0.03468285	-0.00273650	0.10906851
3.016655	0.09233498	-0.06756131	0.07150456	-0.05151732	-0.00750578	0.12429867
3.033321	0.09107703	-0.06781852	0.07392102	-0.06207516	-0.00942010	0.12804872
3.049988	0.08971479	-0.06811127	0.07619750	-0.06361405	-0.00825237	0.12024081
3.066655	0.08866122	-0.06819198	0.07817295	-0.05625501	-0.00670328	0.10171408
3.083321	0.08784955	-0.06818281	0.07972779	-0.04280103	-0.00717822	0.07522634
3.099988	0.08728410	-0.06815622	0.08084333	-0.02808105	-0.01165372	0.04359125
3.116654	0.08691393	-0.06839426	0.08131357	-0.01486382	-0.01973607	0.00720951
3.133321	0.08678772	-0.06883258	0.08119188	-0.00180990	-0.02716302	-0.03231069
3.149988	0.08688188	-0.06949813	0.08031663	0.01273197	-0.02920628	-0.07015196
3.166654	0.08714862	-0.07014558	0.07871064	0.02722833	-0.02350485	-0.10065006
3.183321	0.08771309	-0.07058124	0.07652514	0.03846064	-0.01239942	-0.12100171
3.199987	0.08859981	-0.07063972	0.07413315	0.04662733	0.00153855	-0.13028416
3.216654	0.08956087	-0.07035750	0.07187086	0.05317895	0.01589368	-0.12819616
3.233321	0.09043808	-0.06996113	0.06977443	0.05635388	0.02782061	-0.11542053
3.249987	0.09130792	-0.06941619	0.06784953	0.05387197	0.03371743	-0.09557672
3.266654	0.09232117	-0.06873043	0.06630661	0.04599503	0.03333164	-0.07143614
3.283320	0.09323639	-0.06800858	0.06531338	0.03470930	0.02891094	-0.04498484
3.299987	0.09376043	-0.06753334	0.06488355	0.02217603	0.02231253	-0.01856308
3.316654	0.09381112	-0.06734208	0.06491955	0.01054619	0.01578155	0.00625728
3.333320	0.09368481	-0.06727643	0.06520970	0.00147250	0.01047962	0.02975248
3.349987	0.09366240	-0.06715354	0.06581548	-0.00572557	0.00724304	0.05333903
3.366653	0.09371407	-0.06692354	0.06681487	-0.01463162	0.00502052	0.07721101
3.383320	0.09356948	-0.06682128	0.06833873	-0.02796165	0.00286156	0.09996676
3.399987	0.09300457	-0.06681869	0.07035483	-0.04318843	0.00113961	0.11773979
3.416653	0.09195030	-0.06695632	0.07260252	-0.05429066	0.00122410	0.12694830
3.433320	0.09069753	-0.06698147	0.07494615	-0.05787865	0.00233908	0.12583607
3.449986	0.08958622	-0.06686319	0.07707735	-0.05407019	0.00243963	0.11534148
3.466653	0.08884316	-0.06665404	0.07895865	-0.04489864	0.00030447	0.09784655
3.483320	0.08828080	-0.06662182	0.08045354	-0.03374966	-0.00523480	0.07599078
3.499986	0.08780589	-0.06680697	0.08153494	-0.02320280	-0.01273790	0.05346405
3.516653	0.08741667	-0.06716472	0.08220336	-0.01430614	-0.01952343	0.03220966
3.533319	0.08723172	-0.06760184	0.08246017	-0.00687516	-0.02375459	0.01281922
3.549986	0.08728957	-0.06802189	0.08251557	-0.00146945	-0.02609367	-0.00551811
3.566653	0.08740774	-0.06844626	0.08231062	0.00201502	-0.02778448	-0.02423229
3.583319	0.08747991	-0.06889090	0.08184063	0.00574822	-0.02686843	-0.04527944
3.599986	0.08745198	-0.06940081	0.08096653	0.01183608	-0.02154489	-0.06833815
3.616652	0.08753943	-0.06992405	0.07960322	0.02170318	-0.01162813	-0.08906861
3.633319	0.08800172	-0.07006197	0.07778575	0.03444860	0.00096459	-0.10228320
3.649986	0.08876332	-0.06987803	0.07571953	0.04635512	0.01354715	-0.10437153
3.666652	0.08981050	-0.06932686	0.07378918	0.05385632	0.02257401	-0.09498738
3.683319	0.09083997	-0.06880692	0.07226673	0.05618486	0.02647172	-0.07548891
3.699986	0.09176518	-0.06835118	0.07121834	0.05340184	0.02595573	-0.04822642
3.716652	0.09261218	-0.06800566	0.07061571	0.04464383	0.02225303	-0.01603494
3.733319	0.09337267	-0.06764164	0.07052170	0.02992504	0.01769576	0.01863025
3.749985	0.09393867	-0.06732222	0.07108717	0.00998154	0.01300649	0.05316830
3.766652	0.09399054	-0.06713173	0.07236408	-0.01312585	0.00881631	0.08397198
3.783319	0.09346333	-0.06708194	0.07421855	-0.03481961	0.00534425	0.10656596
3.799985	0.09249989	-0.06709465	0.07637031	-0.04898284	0.00363240	0.11774199
3.816652	0.09134162	-0.06706142	0.07853993	-0.05267235	0.00286282	0.11712246
3.833318	0.09036292	-0.06696938	0.08052497	-0.04756853	0.00163582	0.10772215
3.849985	0.08967450	-0.06685571	0.08223592	-0.03744468	-0.00104964	0.09325586
3.866652	0.08923469	-0.06689245	0.08362646	-0.02728272	-0.00629979	0.07598002
3.883318	0.08893517	-0.06705171	0.08476932	-0.02085388	-0.01423599	0.05560982
3.899985	0.08867227	-0.06734634	0.08559508	-0.01786805	-0.02360249	0.03027458
3.916651	0.08839773	-0.06780291	0.08604056	-0.01527170	-0.03139579	-0.00157919
3.933318	0.08808046	-0.06842802	0.08585206	-0.00911817	-0.03536946	-0.03970054
3.949985	0.08784327	-0.06921238	0.08488354	0.00188616	-0.03407484	-0.07971139
3.966651	0.08787017	-0.06986161	0.08309200	0.01723427	-0.02616196	-0.11400275
3.983318	0.08834331	-0.07028723	0.08061639	0.03340589	-0.01327553	-0.13525650
3.999984	0.08914946	-0.07036901	0.07789148	0.04555925	0.00101161	-0.14026079
4.016651	0.09021880	-0.07009231	0.07534605	0.05079211	0.01288583	-0.13019274
4.033318	0.09116857	-0.06972245	0.07327915	0.04916978	0.02104168	-0.10941615
4.049984	0.09195828	-0.06924067	0.07172412	0.04296048	0.02519919	-0.08385639
4.066651	0.09254003	-0.06885849	0.07057649	0.03581009	0.02634919	-0.05817186
4.083317	0.09302571	-0.06839687	0.06983387	0.03029515	0.02527806	-0.03301730
4.099984	0.09347161	-0.06794862	0.06944714	0.02524132	0.02193784	-0.00619172
4.116651	0.09391492	-0.06753934	0.06947958	0.01791387	0.01628856	0.02351960
4.133317	0.09426630	-0.06727422	0.07006415	0.00449637	0.00770780	0.05519438
4.149984	0.09437273	-0.06723317	0.07127586	-0.01539806	-0.00061494	0.08625828
4.166650	0.09402300	-0.06737558	0.07310119	-0.03841873	-0.00554549	0.11234808
4.183317	0.09305974	-0.06767742	0.07535438	-0.05872537	-0.00511544	0.12846263
4.199984	0.09168389	-0.06782465	0.07780802	-0.07138135	-0.00146330	0.13088381
4.216650	0.09016663	-0.06777971	0.08018889	-0.07345426	0.00277215	0.11878630
4.233317	0.08888841	-0.06749476	0.08219326	-0.06503488	0.00417555	0.09394645
4.249983	0.08789130	-0.06734458	0.08360570	-0.04896462	-0.00049338	0.05934150
4.266650	0.08722837	-0.06732313	0.08429971	-0.03020287	-0.01109433	0.01901340
4.283317	0.08688079	-0.06763770	0.08425349	-0.01155929	-0.02366206	-0.02359202
4.299983	0.08689137	-0.06819753	0.08347376	0.00642708	-0.03201676	-0.06367183
4.316650	0.08713538	-0.06897198	0.08201883	0.02295887	-0.03200335	-0.09586621
4.333316	0.08769921	-0.06970228	0.07991996	0.03589633	-0.02414743	-0.11649211
4.349983	0.08844700	-0.07008813	0.07758549	0.04419318	-0.01237438	-0.12471728
4.366650	0.08939251	-0.07000287	0.07529973	0.04764434	-0.00015069	-0.12109488
4.383316	0.09023750	-0.06974775	0.07334951	0.04738532	0.01005244	-0.10782456
4.399983	0.09102534	-0.06946765	0.07167873	0.04451255	0.01639693	-0.08850631
4.416649	0.09164701	-0.06928426	0.07034028	0.03921274	0.01856640	-0.06603010
4.433316	0.09232127	-0.06893090	0.06936552	0.03258558	0.01917344	-0.04072161
4.449983	0.09287184	-0.06853288	0.06886635	0.02465321	0.01923375	-0.01159494
4.466649	0.09325260	-0.06817234	0.06886165	0.01412021	0.01674849	0.02079853
4.483316	0.09339966	-0.06787347	0.06948008	-0.00110228	0.01034908	0.05421965
4.499982	0.09330788	-0.06774047	0.07068967	-0.01889490	0.00370012	0.08443400
4.516649	0.09289891	-0.06777426	0.07250359	-0.03532289	-0.00015799	0.10826097
4.533316	0.09204685	-0.06797249	0.07467911	-0.04756320	0.00008866	0.12366071
4.549982	0.09096249	-0.06804602	0.07694855	-0.05487650	0.00302763	0.12939715
4.566648	0.08991123	-0.06792318	0.07920621	-0.05606446	0.00624503	0.12456361
4.583315	0.08900598	-0.06760649	0.08130760	-0.05114400	0.00638938	0.10993170
4.599982	0.08821972	-0.06739911	0.08316471	-0.04199458	0.00158679	0.08695495
4.616649	0.08754402	-0.06738645	0.08450940	-0.03167884	-0.00840317	0.05663346
4.633315	0.08705448	-0.06769691	0.08520707	-0.02184068	-0.02141428	0.01960464
4.649981	0.08685825	-0.06814157	0.08523557	-0.01132858	-0.03323128	-0.02173153
4.666648	0.08677648	-0.06886400	0.08453801	0.00132401	-0.03923748	-0.06258024
4.683315	0.08682922	-0.06967632	0.08309158	0.01527934	-0.03731832	-0.09765007
4.699982	0.08709745	-0.07049681	0.08097655	0.02864469	-0.02921127	-0.12266911
4.716648	0.08775316	-0.07092110	0.07846605	0.03955656	-0.01713700	-0.13557801
4.733315	0.08868963	-0.07096898	0.07597134	0.04694707	-0.00372069	-0.13657840
4.749981	0.08965424	-0.07079656	0.07368405	0.05061318	0.00913046	-0.12719300
4.766648	0.09044993	-0.07056063	0.07167380	0.05043463	0.01843832	-0.10990950
4.783315	0.09119899	-0.07025062	0.06991566	0.04730038	0.02375478	-0.08744095
4.799981	0.09198412	-0.06973488	0.06854702	0.04236111	0.02567912	-0.06095366
4.816648	0.09278318	-0.06918822	0.06772206	0.03590367	0.02487878	-0.03053070
4.833314	0.09339006	-0.06871191	0.06747580	0.02605456	0.02120723	0.00352276
4.849981	0.09372435	-0.06844377	0.06783088	0.01129091	0.01458654	0.03785208
4.866648	0.09381596	-0.06829999	0.06875993	-0.00701285	0.00694229	0.06863826
4.883314	0.09358458	-0.06822544	0.07029486	-0.02481314	0.00113547	0.09290393
4.899981	0.09297636	-0.06829163	0.07218722	-0.03961154	-0.00173480	0.10787060
4.916647	0.09203780	-0.06840697	0.07427092	-0.04916788	-0.00233659	0.11177327
4.933314	0.09102309	-0.06848455	0.07626674	-0.05085365	-0.00035141	0.10597692
4.949981	0.09006111	-0.06848292	0.07800791	-0.04360030	0.00439724	0.09441957
4.966647	0.08935569	-0.06836178	0.07941677	-0.03102188	0.00863392	0.08084872
4.983314	0.08895934	-0.06814933	0.08056774	-0.01970314	0.00902287	0.06719504
4.999980	0.08892486	-0.06783088	0.08156332	-0.01302247	0.00540858	0.05296057
5.016647	0.08894219	-0.06771675	0.08243643	-0.01097452	-0.00095304	0.03597333
5.033314	0.08874302	-0.06785179	0.08301382	-0.01312004	-0.00941381	0.01326481
5.049980	0.08837901	-0.06816825	0.08315852	-0.01717451	-0.01770049	-0.01598178
5.066647	0.08799946	-0.06855329	0.08267155	-0.01600674	-0.02064348	-0.04918230
5.083313	0.08766152	-0.06898205	0.08150327	-0.00538746	-0.01717637	-0.08057193
5.099980	0.08747631	-0.06938236	0.07973601	0.01087707	-0.01038432	-0.10424905
5.116647	0.08777309	-0.06946475	0.07756843	0.02682205	-0.00250475	-0.11661001
5.133313	0.08859824	-0.06932385	0.07537986	0.04082018	0.00635936	-0.11769531
5.149980	0.08959801	-0.06909129	0.07337510	0.05075661	0.01423502	-0.10867251
5.166646	0.09047899	-0.06883995	0.07167138	0.05336104	0.01865946	-0.09237973
5.183313	0.09134708	-0.06849324	0.07022596	0.04896261	0.01981430	-0.07224145
5.199980	0.09217221	-0.06806742	0.06916653	0.04215931	0.01941472	-0.04965485
5.216646	0.09291358	-0.06769589	0.06849996	0.03508414	0.01841888	-0.02382958
5.233313	0.09336735	-0.06746288	0.06829156	0.02494892	0.01549276	0.00640380
5.249979	0.09371009	-0.06725702	0.06857041	0.00853225	0.01031049	0.04007966
5.266646	0.09387581	-0.06705666	0.06946930	-0.01496511	0.00415215	0.07406309
5.283313	0.09363759	-0.06697816	0.07107627	-0.04164798	-0.00094306	0.10266519
5.299979	0.09269237	-0.06709049	0.07326847	-0.06551552	-0.00293480	0.11999065
5.316646	0.09101588	-0.06734723	0.07571651	-0.07981533	-0.00162747	0.12216262
5.333313	0.08920126	-0.06745096	0.07795216	-0.07971009	0.00171222	0.10965148
5.349979	0.08772235	-0.06726687	0.07968307	-0.06511665	0.00449879	0.08623485
5.366645	0.08686822	-0.06698810	0.08082969	-0.04119662	0.00423813	0.05744670
5.383312	0.08655659	-0.06681048	0.08149483	-0.01698553	-0.00112549	0.02820350
5.399979	0.08654307	-0.06695917	0.08171045	0.00149795	-0.01074270	0.00022594
5.416646	0.08682667	-0.06726336	0.08150622	0.01153649	-0.02329217	-0.03007554
5.433312	0.08712267	-0.06775530	0.08084617	0.01652176	-0.03320655	-0.06259015
5.449978	0.08750662	-0.06835640	0.07965267	0.02014503	-0.03534666	-0.09207784
5.466645	0.08770414	-0.06925252	0.07761755	0.02543083	-0.02829801	-0.11285602
5.483312	0.08810820	-0.06985077	0.07524279	0.03290063	-0.01470039	-0.12239180
5.499979	0.08865532	-0.07002389	0.07285824	0.04175076	0.00277003	-0.11903682
5.516645	0.08958657	-0.06953190	0.07099128	0.05002761	0.02036449	-0.10349008
5.533311	0.09055884	-0.06892689	0.06945602	0.05354381	0.03292693	-0.08094253
5.549978	0.09158774	-0.06822121	0.06829619	0.05207790	0.03741875	-0.05721487
5.566645	0.09244443	-0.06761850	0.06750783	0.04794825	0.03596603	-0.03437398
5.583312	0.09311467	-0.06697248	0.06715040	0.04230769	0.03268784	-0.01007412
5.599978	0.09372855	-0.06650418	0.06715513	0.03292860	0.02781450	0.01565835
5.616644	0.09435419	-0.06602402	0.06759727	0.01833088	0.02095208	0.04264487
5.633311	0.09474133	-0.06572410	0.06851374	-0.00239474	0.01189963	0.06944311
5.649978	0.09463747	-0.06553401	0.06992956	-0.02775024	0.00242726	0.09336180
5.666645	0.09381743	-0.06561843	0.07182565	-0.05223991	-0.00485702	0.11125802
5.683311	0.09251460	-0.06588312	0.07397171	-0.06733853	-0.00772546	0.12048973
5.699977	0.09097732	-0.06618234	0.07617563	-0.06943096	-0.00753249	0.11918394
5.716644	0.08965294	-0.06626638	0.07824198	-0.06243242	-0.00755466	0.10835236
5.733311	0.08883446	-0.06620236	0.08000159	-0.05184101	-0.01035214	0.09064643
5.749978	0.08829294	-0.06620920	0.08135951	-0.04065656	-0.01695565	0.06728679
5.766644	0.08774149	-0.06662215	0.08230110	-0.03177938	-0.02712450	0.03888641
5.783310	0.08712955	-0.06726784	0.08279447	-0.02536594	-0.03796905	0.00659804
5.799977	0.08667233	-0.06809499	0.08269950	-0.01755885	-0.04488545	-0.02765659
5.816644	0.08646525	-0.06890650	0.08192028	-0.00495261	-0.04426288	-0.06168609
5.833311	0.08647127	-0.06972883	0.08048784	0.01111881	-0.03706943	-0.09203433
5.849977	0.08675185	-0.07039097	0.07857481	0.02616319	-0.02475741	-0.11384260
5.866643	0.08737797	-0.07069760	0.07634644	0.03862989	-0.00906128	-0.12461163
5.883310	0.08825781	-0.07070291	0.07403646	0.04801966	0.00822793	-0.12510714
5.899977	0.08917335	-0.07033197	0.07190299	0.05314609	0.02349121	-0.11731455
5.916644	0.09011482	-0.06977507	0.07001578	0.05414757	0.03473526	-0.10363682
5.933310	0.09099850	-0.06902381	0.06842376	0.05331068	0.04179014	-0.08655861
5.949976	0.09188206	-0.06825393	0.06710869	0.05183359	0.04464502	-0.06728709
5.966643	0.09272356	-0.06747202	0.06610104	0.04917507	0.04390566	-0.04575013
5.983310	0.09356816	-0.06671210	0.06547822	0.04450745	0.04017629	-0.02156337
5.999977	0.09432397	-0.06605360	0.06529035	0.03642145	0.03433152	0.00472995
6.016643	0.09492691	-0.06551034	0.06559428	0.02289751	0.02586662	0.03178907
6.033309	0.09527503	-0.06513452	0.06639921	0.00346528	0.01498623	0.05777102
6.049976	0.09525683	-0.06493950	0.06761739	-0.01836475	0.00373514	0.07957851
6.066643	0.09470259	-0.06499338	0.06922577	-0.03745801	-0.00470927	0.09486090
6.083310	0.09370770	-0.06528096	0.07105801	-0.04946925	-0.00907976	0.10227691
6.099976	0.09255533	-0.06558948	0.07291337	-0.05228801	-0.00956364	0.10278083
6.116642	0.09159075	-0.06573385	0.07468054	-0.04616912	-0.00788979	0.09756663
6.133309	0.09094015	-0.06575232	0.07619200	-0.03555520	-0.00698431	0.08753908
6.149976	0.09053625	-0.06571952	0.07762174	-0.02635031	-0.00980456	0.07384937
6.166642	0.09029847	-0.06589069	0.07879016	-0.02116871	-0.01710381	0.05790852
6.183309	0.09001201	-0.06623814	0.07966938	-0.01915827	-0.02688660	0.03911820
6.199975	0.08964448	-0.06683224	0.08016308	-0.01957685	-0.03572645	0.01651629
6.216642	0.08927228	-0.06756740	0.08028058	-0.02026316	-0.04083787	-0.00850632
6.233309	0.08894929	-0.06836142	0.07995529	-0.01785620	-0.04072999	-0.03419174
6.249975	0.08861943	-0.06910492	0.07914482	-0.01010388	-0.03482758	-0.05787935
6.266642	0.08839491	-0.06968956	0.07788228	0.00196767	-0.02317158	-0.07648494
6.283309	0.08842151	-0.07001199	0.07630864	0.01671555	-0.00799376	-0.08755375
6.299975	0.08892713	-0.07004154	0.07462675	0.03192031	0.00627822	-0.09053717
6.316642	0.08969337	-0.06965964	0.07306354	0.04334407	0.01624538	-0.08568514
6.333308	0.09066705	-0.06916034	0.07166480	0.04763890	0.02101884	-0.07366172
6.349975	0.09156648	-0.06869732	0.07048722	0.04546835	0.02121736	-0.05810462
6.366642	0.09229141	-0.06843410	0.06961165	0.03935777	0.01785367	-0.04216091
6.383308	0.09282592	-0.06824034	0.06914681	0.03157512	0.01365302	-0.02576097
6.399975	0.09326389	-0.06801724	0.06888157	0.02597230	0.01139906	-0.00916116
6.416641	0.09361393	-0.06785042	0.06883284	0.02376331	0.01195521	0.00667683
6.433308	0.09393185	-0.06768581	0.06903001	0.02172486	0.01309050	0.02357477
6.449975	0.09433174	-0.06747928	0.06953049	0.01574478	0.01328850	0.04388554
6.466641	0.09474683	-0.06718506	0.07037140	0.00440055	0.01193752	0.06580956
6.483308	0.09486406	-0.06691328	0.07166576	-0.01237237	0.00867311	0.08604977
6.499974	0.09449628	-0.06678086	0.07340085	-0.03193164	0.00406107	0.10220583
6.516641	0.09364397	-0.06681519	0.07538541	-0.04845936	-0.00079520	0.11112964
6.533308	0.09249241	-0.06693953	0.07740083	-0.05655285	-0.00465615	0.10915706
6.549974	0.09134629	-0.06705489	0.07933431	-0.05541391	-0.00820837	0.09698671
6.566641	0.09040430	-0.06715554	0.08093793	-0.04757725	-0.01309057	0.07731006
6.583307	0.08977250	-0.06731007	0.08204682	-0.03676407	-0.02053563	0.05164830
6.599974	0.08931231	-0.06768955	0.08269245	-0.02662811	-0.03097267	0.02178055
6.616641	0.08897781	-0.06831373	0.08281334	-0.01891572	-0.04195278	-0.00962306
6.633307	0.08872342	-0.06917473	0.08241550	-0.01118243	-0.04874975	-0.04169387
6.649974	0.08853772	-0.07020383	0.08143869	-0.00063271	-0.04714835	-0.07260887
6.666640	0.08848885	-0.07114021	0.07992746	0.01248826	-0.03692709	-0.09808113
6.683307	0.08879933	-0.07176650	0.07790382	0.02655859	-0.02003324	-0.11434205
6.699974	0.08945037	-0.07186594	0.07565009	0.03966455	-0.00057690	-0.11953598
6.716640	0.09035657	-0.07160058	0.07348029	0.04925479	0.01752082	-0.11276893
6.733307	0.09130228	-0.07104626	0.07161879	0.05382209	0.02956529	-0.09568878
6.749973	0.09224174	-0.07043275	0.07014646	0.05388683	0.03416976	-0.07211147
6.766640	0.09312410	-0.06970852	0.06916812	0.05087649	0.03421350	-0.04482209
6.783307	0.09397484	-0.06918623	0.06862183	0.04600278	0.03326179	-0.01418116
6.799973	0.09472624	-0.06870952	0.06860212	0.03753747	0.03045768	0.01961794
6.816640	0.09534956	-0.06827827	0.06912060	0.02320165	0.02410604	0.05447629
6.833306	0.09575944	-0.06771221	0.07036199	0.00226499	0.01538685	0.08802649
6.849973	0.09570669	-0.06744148	0.07224894	-0.02164685	0.00602646	0.11606333
6.866640	0.09509268	-0.06749856	0.07457694	-0.04329631	-0.00302938	0.13362817
6.883307	0.09391034	-0.06785288	0.07716216	-0.05874977	-0.01091075	0.13704997
6.899973	0.09261545	-0.06812204	0.07961965	-0.06689671	-0.01492186	0.12687851
6.916639	0.09143849	-0.06833624	0.08175749	-0.06735470	-0.01647736	0.10442380
6.933306	0.09043379	-0.06854326	0.08332299	-0.06227991	-0.01914911	0.07276109
6.949973	0.08941960	-0.06882456	0.08431548	-0.05544200	-0.02602934	0.03624781
6.966640	0.08850584	-0.06930117	0.08457684	-0.04785113	-0.03528329	-0.00150722
6.983306	0.08769958	-0.06996308	0.08419463	-0.03680396	-0.04219824	-0.03761727
6.999972	0.08714875	-0.07088672	0.08318605	-0.02049406	-0.04136705	-0.07023709
7.016639	0.08684088	-0.07180636	0.08168559	-0.00173733	-0.03151112	-0.09577908
7.033306	0.08700767	-0.07239543	0.07978579	0.01566688	-0.01515614	-0.11083214
7.049972	0.08756533	-0.07239018	0.07759591	0.02970118	0.00412294	-0.11415966
7.066639	0.08831925	-0.07195174	0.07549475	0.03974457	0.02113485	-0.10723081
7.083305	0.08905202	-0.07134866	0.07372859	0.04424727	0.03183288	-0.09227580
7.099972	0.08977496	-0.07071584	0.07239696	0.04281828	0.03410882	-0.07221057
7.116639	0.09054849	-0.07012943	0.07142239	0.03693424	0.03042155	-0.05067890
7.133305	0.09124216	-0.06956708	0.07071955	0.02981738	0.02396232	-0.03045634
7.149972	0.09166149	-0.06925119	0.07038055	0.02331992	0.01728750	-0.01243581
7.166638	0.09182668	-0.06905792	0.07036839	0.01836754	0.01248670	0.00549233
7.183305	0.09198228	-0.06902134	0.07063121	0.01390287	0.01073804	0.02469456
7.199972	0.09226257	-0.06889521	0.07111107	0.00777050	0.01130120	0.04520605
7.216638	0.09259743	-0.06864432	0.07197600	-0.00379519	0.00945468	0.06558924
7.233305	0.09257207	-0.06833346	0.07327003	-0.02206152	0.00405879	0.08385106
7.249971	0.09207086	-0.06814674	0.07500667	-0.04323194	-0.00320872	0.09737869
7.266638	0.09094018	-0.06844331	0.07686272	-0.05985317	-0.00915821	0.10281346
7.283305	0.08956168	-0.06884301	0.07872095	-0.06588247	-0.01289268	0.09814443
7.299971	0.08821378	-0.06920226	0.08037701	-0.06009986	-0.01372864	0.08452210
7.316638	0.08725423	-0.06924300	0.08173670	-0.04649594	-0.01284478	0.06529275
7.333304	0.08671408	-0.06931354	0.08265737	-0.03270318	-0.01444208	0.04254235
7.349971	0.08648359	-0.06952754	0.08313918	-0.02320608	-0.02124914	0.01668110
7.366638	0.08628573	-0.06996214	0.08322252	-0.01803826	-0.03078339	-0.01155221
7.383304	0.08593876	-0.07061421	0.08288018	-0.01348724	-0.03704693	-0.04045022
7.399971	0.08555697	-0.07143459	0.08195122	-0.00545191	-0.03650046	-0.06877911
7.416637	0.08539008	-0.07216993	0.08049843	0.00820182	-0.02824683	-0.09406238
7.433304	0.08564810	-0.07266772	0.07857758	0.02598780	-0.01308186	-0.11130965
7.449971	0.08635360	-0.07269976	0.07641429	0.04358234	0.00586866	-0.11692003
7.466637	0.08734091	-0.07240213	0.07422905	0.05700558	0.02454074	-0.11122616
7.483304	0.08848096	-0.07172634	0.07235909	0.06293701	0.03851146	-0.09546436
7.499970	0.08961781	-0.07090803	0.07091272	0.06119029	0.04677403	-0.07104190
7.516637	0.09072559	-0.06995718	0.06990352	0.05369416	0.05040621	-0.04047186
7.533304	0.09156104	-0.06914168	0.06941374	0.04199935	0.04958928	-0.00742751
7.549970	0.09217123	-0.06829525	0.06955650	0.02595669	0.04426195	0.02688169
7.566637	0.09247742	-0.06755618	0.07036318	0.00614046	0.03583486	0.06120102
7.583303	0.09250360	-0.06693289	0.07170575	-0.01386737	0.02742860	0.09214824
7.599970	0.09207190	-0.06663568	0.07358355	-0.03078238	0.02016440	0.11617777
7.616637	0.09123256	-0.06649707	0.07583954	-0.04248476	0.01381257	0.13164262
7.633303	0.09026948	-0.06634250	0.07830338	-0.04840713	0.00784281	0.13750011
7.649970	0.08938693	-0.06612472	0.08074415	-0.04897587	0.00173491	0.13220251
7.666636	0.08866880	-0.06605268	0.08299777	-0.04637010	-0.00711071	0.11617568
7.683303	0.08798101	-0.06621932	0.08490548	-0.04239091	-0.02010912	0.09050252
7.699970	0.08725010	-0.06669542	0.08625677	-0.03779501	-0.03554242	0.05678300
7.716636	0.08656634	-0.06743187	0.08698348	-0.03186920	-0.04902386	0.01750856
7.733303	0.08604849	-0.06844444	0.08692800	-0.02218982	-0.05828470	-0.02432807
7.749969	0.08575094	-0.06960859	0.08612603	-0.00812165	-0.06088363	-0.06491280
7.766636	0.08568498	-0.07071719	0.08462736	0.00868987	-0.05458194	-0.10041340
7.783303	0.08596049	-0.07172849	0.08251543	0.02569767	-0.03913660	-0.12685817
7.799969	0.08657426	-0.07230797	0.08004714	0.04039162	-0.01856219	-0.14158934
7.816636	0.08749407	-0.07242762	0.07737482	0.05045601	0.00276641	-0.14365844
7.833302	0.08852521	-0.07200861	0.07485382	0.05446738	0.02132145	-0.13433349
7.849969	0.08951852	-0.07138684	0.07264346	0.05332688	0.03421953	-0.11686661
7.866636	0.09037808	-0.07067096	0.07086448	0.05084210	0.04098271	-0.09492945
7.883302	0.09110219	-0.06995922	0.06953336	0.04958962	0.04299434	-0.07146722
7.899969	0.09181213	-0.06923526	0.06853854	0.04914963	0.04304884	-0.04697650
7.916636	0.09270295	-0.06849778	0.06792060	0.04707884	0.04110274	-0.02083820
7.933302	0.09361918	-0.06779589	0.06769961	0.03994376	0.03672685	0.00867016
7.949969	0.09441925	-0.06714528	0.06802811	0.02436275	0.02941851	0.04106444
7.966635	0.09476765	-0.06670245	0.06898156	-0.00087064	0.01867365	0.07280706
7.983302	0.09457942	-0.06645162	0.07060343	-0.03245623	0.00538668	0.09996133
7.999969	0.09374777	-0.06646733	0.07267854	-0.06124274	-0.00609732	0.11799952
8.016635	0.09227566	-0.06677219	0.07494695	-0.07798699	-0.01200539	0.12362111
8.033301	0.09043146	-0.06722353	0.07719336	-0.07901349	-0.01268507	0.11636657
8.049969	0.08885989	-0.06750150	0.07915049	-0.06770727	-0.01089477	0.09983321
8.066635	0.08789649	-0.06751887	0.08069630	-0.05128914	-0.00962637	0.07832275
8.083302	0.08758733	-0.06744780	0.08172569	-0.03697339	-0.01208742	0.05385059
8.099968	0.08729319	-0.06762243	0.08239200	-0.02899077	-0.02089125	0.02687472
8.116634	0.08682109	-0.06807658	0.08271299	-0.02503174	-0.03303980	-0.00255656
8.133302	0.08615921	-0.06881758	0.08253395	-0.01739274	-0.04273547	-0.03493487
8.149968	0.08567456	-0.06976540	0.08172264	-0.00059877	-0.04470537	-0.06882642
8.166635	0.08573021	-0.07064212	0.08019985	0.02194812	-0.03792759	-0.09888945
8.183301	0.08647221	-0.07135239	0.07806844	0.04408444	-0.02330048	-0.11888915
8.199967	0.08768889	-0.07156464	0.07567547	0.06131591	-0.00451537	-0.12539525
8.216635	0.08894288	-0.07144443	0.07335858	0.07033398	0.01324461	-0.11784626
8.233301	0.09010796	-0.07091238	0.07144517	0.06981125	0.02632762	-0.09858323
8.249968	0.09129766	-0.07027048	0.06995594	0.06292848	0.03306234	-0.07185357
8.266634	0.09237900	-0.06963760	0.06898881	0.05312691	0.03437573	-0.04129139
8.283300	0.09324167	-0.06905726	0.06853409	0.03937964	0.03194766	-0.00854615
8.299968	0.09378129	-0.06858842	0.06863815	0.01975198	0.02681128	0.02471967
8.316634	0.09401118	-0.06814549	0.06934487	-0.00355469	0.01827534	0.05595855
8.333301	0.09380950	-0.06779309	0.07064338	-0.02608939	0.00861555	0.08296727
8.349967	0.09306654	-0.06773094	0.07236539	-0.04378165	0.00077900	0.10259166
8.366633	0.09198231	-0.06794686	0.07436302	-0.05381165	-0.00486059	0.11115751
8.383301	0.09082127	-0.06822160	0.07643105	-0.05554862	-0.00916920	0.10788394
8.399967	0.08987731	-0.06832676	0.07835434	-0.05129264	-0.01239308	0.09403887
8.416634	0.08919317	-0.06838386	0.07983997	-0.04442225	-0.01575770	0.07115310
8.433300	0.08858646	-0.06864195	0.08085798	-0.03749892	-0.02175250	0.04114003
8.449966	0.08798942	-0.06910881	0.08129473	-0.03157356	-0.03038366	0.00759776
8.466634	0.08741916	-0.06974830	0.08116629	-0.02446613	-0.03622825	-0.02587973
8.483300	0.08701448	-0.07047897	0.08037771	-0.01281646	-0.03508328	-0.05745910
8.499967	0.08683028	-0.07122212	0.07907891	0.00249215	-0.02727355	-0.08432354
8.516633	0.08698219	-0.07166500	0.07736118	0.01784600	-0.01531052	-0.10352071
8.533299	0.08754832	-0.07175758	0.07534596	0.03094629	-0.00113659	-0.11381842
8.549967	0.08828086	-0.07152943	0.07326741	0.04107331	0.01225730	-0.11545219
8.566633	0.08907070	-0.07119175	0.07126416	0.04764702	0.02169402	-0.10901017
8.583300	0.08985081	-0.07072015	0.06946095	0.05047870	0.02668130	-0.09634212
8.599966	0.09071155	-0.07022296	0.06795754	0.05316710	0.03031169	-0.07753008
8.616632	0.09166845	-0.06969427	0.06675987	0.05674623	0.03431240	-0.05286446
8.633300	0.09256015	-0.06918811	0.06596650	0.05745884	0.03715243	-0.02407720
8.649966	0.09365871	-0.06848282	0.06580041	0.04999858	0.03760825	0.00596723
8.666633	0.09463470	-0.06774317	0.06622444	0.03215713	0.03415941	0.03590393
8.683299	0.09528927	-0.06707488	0.06722081	0.00572821	0.02573102	0.06441872
8.699965	0.09515318	-0.06668020	0.06848802	-0.02306508	0.01338722	0.08814749
8.716633	0.09421509	-0.06663818	0.07017571	-0.04553142	0.00134118	0.10364386
8.733299	0.09290165	-0.06684176	0.07219466	-0.05727638	-0.00800184	0.10993468
8.749966	0.09170715	-0.06715099	0.07430193	-0.05820025	-0.01500951	0.10720354
8.766632	0.09090700	-0.06737933	0.07616668	-0.05240494	-0.02088488	0.09519648
8.783298	0.09027287	-0.06764850	0.07761402	-0.04371340	-0.02602576	0.07572688
8.799966	0.08958086	-0.06813800	0.07866704	-0.03633815	-0.03173345	0.05175685
8.816632	0.08888215	-0.06880492	0.07936680	-0.03165894	-0.03898871	0.02575303
8.833299	0.08841601	-0.06953879	0.07962409	-0.02765189	-0.04532202	-0.00123252
8.849965	0.08808011	-0.07031076	0.07940909	-0.02261558	-0.04781567	-0.02785612
8.866632	0.08780435	-0.07118686	0.07863709	-0.01675761	-0.04451650	-0.05237317
8.883299	0.08746281	-0.07205039	0.07745011	-0.00996981	-0.03484054	-0.07292329
8.899965	0.08725479	-0.07270699	0.07600017	-0.00035338	-0.01982019	-0.08757242
8.916632	0.08728217	-0.07288622	0.07437208	0.01309527	-0.00206464	-0.09491540
8.933298	0.08762745	-0.07262842	0.07266844	0.02931606	0.01495021	-0.09539358
8.949965	0.08829577	-0.07210021	0.07097827	0.04463418	0.02800938	-0.09012369
8.966632	0.08922122	-0.07150054	0.06947783	0.05674791	0.03508451	-0.07864428
8.983298	0.09036124	-0.07086923	0.06823821	0.06390947	0.03719460	-0.06094539
8.999965	0.09152879	-0.07020970	0.06728439	0.06565671	0.03740515	-0.03832139
9.016631	0.09270639	-0.06958769	0.06681632	0.06228132	0.03695994	-0.01328503
9.033298	0.09372057	-0.06900139	0.06680540	0.05255355	0.03426420	0.01318564
9.049964	0.09459143	-0.06839449	0.06733556	0.03380476	0.02703517	0.04003712
9.066631	0.09519056	-0.06788085	0.06820555	0.00617354	0.01451509	0.06393309
9.083298	0.09521952	-0.06760706	0.06951769	-0.02510490	-0.00143298	0.08288028
9.099964	0.09442307	-0.06782060	0.07117752	-0.05337535	-0.01728512	0.09475186
9.116631	0.09293871	-0.06843702	0.07296241	-0.07218292	-0.02870120	0.09765238
9.133297	0.09127153	-0.06919212	0.07479661	-0.07769425	-0.03284795	0.09023254
9.149964	0.08986626	-0.06984765	0.07629082	-0.06942306	-0.03051263	0.07455043
9.166631	0.08886684	-0.07023706	0.07743361	-0.05235041	-0.02610571	0.05283704
9.183297	0.08818669	-0.07049966	0.07807287	-0.03563954	-0.02400683	0.02687610
9.199964	0.08783329	-0.07078613	0.07832380	-0.02540557	-0.02596228	-0.00017028
9.216630	0.08765420	-0.07124650	0.07812794	-0.02027322	-0.02862528	-0.02530778
9.233297	0.08739348	-0.07188734	0.07740754	-0.01480697	-0.02797790	-0.04785504
9.249964	0.08698093	-0.07253989	0.07633246	-0.00496803	-0.02129876	-0.06936242
9.266630	0.08669883	-0.07288081	0.07502086	0.01042735	-0.00772539	-0.08734585
9.283297	0.08696307	-0.07290921	0.07344252	0.03039003	0.01024321	-0.09844327
9.299963	0.08784050	-0.07249564	0.07155083	0.05175745	0.02767443	-0.10092007
9.316630	0.08906189	-0.07181294	0.06961292	0.06854490	0.04194503	-0.09332015
9.333297	0.09040657	-0.07091461	0.06795715	0.07701457	0.05131369	-0.07505915
9.349963	0.09178060	-0.06997694	0.06685167	0.07732042	0.05514822	-0.04756812
9.366630	0.09308929	-0.06895371	0.06634558	0.07021943	0.05313157	-0.01520718
9.383296	0.09432636	-0.06805045	0.06638300	0.05442652	0.04598606	0.01771412
9.399963	0.09525069	-0.06722555	0.06698758	0.02930932	0.03416179	0.04850801
9.416630	0.09568288	-0.06678986	0.06806967	-0.00210007	0.01734509	0.07563818
9.433296	0.09533129	-0.06656870	0.06963662	-0.03306104	-0.00193474	0.09611536
9.449963	0.09426320	-0.06679635	0.07153908	-0.05755380	-0.01915544	0.10709514
9.466629	0.09281301	-0.06737771	0.07361185	-0.07182578	-0.03099483	0.10747292
9.483296	0.09142420	-0.06816837	0.07552124	-0.07410295	-0.03759466	0.09799824
9.499963	0.09019107	-0.06890305	0.07709857	-0.06629989	-0.03899455	0.08034886
9.516629	0.08916987	-0.06947809	0.07825086	-0.05302562	-0.03772557	0.05714655
9.533296	0.08834261	-0.07001691	0.07903507	-0.03953807	-0.03526806	0.03215948
9.549962	0.08783342	-0.07057972	0.07935677	-0.02792820	-0.03426386	0.00737473
9.566629	0.08758383	-0.07122296	0.07924483	-0.01863673	-0.03365869	-0.01637394
9.583296	0.08739735	-0.07175344	0.07873570	-0.01130343	-0.03092063	-0.03803588
9.599962	0.08724887	-0.07234284	0.07787170	-0.00431834	-0.02377791	-0.05658712
9.616629	0.08710824	-0.07270436	0.07674276	0.00452002	-0.01361733	-0.07198813
9.633295	0.08717624	-0.07293650	0.07539312	0.01608065	-0.00226212	-0.08323129
9.649962	0.08756763	-0.07274784	0.07386805	0.02979190	0.01006503	-0.08871844
9.666629	0.08823636	-0.07245984	0.07223197	0.04426143	0.02267433	-0.08793671
9.683295	0.08914535	-0.07198787	0.07065963	0.05662895	0.03395768	-0.08101548
9.699962	0.09019252	-0.07137753	0.06933983	0.06412431	0.04192786	-0.06814894
9.716628	0.09141093	-0.07052205	0.06830975	0.06574258	0.04674378	-0.04982722
9.733295	0.09264291	-0.06958792	0.06761258	0.06263657	0.04688989	-0.02713754
9.749962	0.09369323	-0.06872363	0.06727839	0.05514178	0.04271148	-0.00153486
9.766628	0.09451157	-0.06805699	0.06742822	0.04131702	0.03481786	0.02493697
9.783295	0.09513654	-0.06761139	0.06812714	0.02140933	0.02487811	0.05070293
9.799961	0.09548930	-0.06726889	0.06929222	-0.00292127	0.01382267	0.07508799
9.816628	0.09529191	-0.06709526	0.07076731	-0.01645065	0.00842452	0.08892467
9.833295	0.09452381	-0.06708677	0.07251428	-0.04150869	-0.00038155	0.10325406
9.849961	0.09338092	-0.06728151	0.07447740	-0.06656673	-0.00918761	0.11758345
