Time	thumb tip right X	thumb tip right Y	thumb tip right Z	thumb tip right v(X)	thumb tip right v(Y)	thumb tip right v(Z)
0.00000000	0.00000000	0.00000000	0.00000000	0.00000000	0.00000000	0.00000000
0.01666660	0.01666660	0.01666660	0.01666660	0.01666660	0.01666660	0.01666660
0.000000	0.14233768	-0.06684285	0.09586022	0.01633174	-0.01429407	-0.04108728
0.016667	0.14262381	-0.06708022	0.09519421	0.01177450	-0.01549004	-0.06277176
0.033333	0.14283335	-0.06732684	0.09420992	0.00721726	-0.01668601	-0.08445624
0.050000	0.14292152	-0.06761917	0.09275012	0.00672641	-0.01714862	-0.09818768
0.066666	0.14293446	-0.06792681	0.09082472	0.00560979	-0.01924582	-0.11955003
0.083333	0.14296584	-0.06823362	0.08853752	0.00565434	-0.02219347	-0.13110010
0.100000	0.14311688	-0.06858285	0.08604197	0.00474179	-0.02472991	-0.12859949
0.116666	0.14329623	-0.06905269	0.08367421	0.00108868	-0.02589172	-0.11153124
0.133333	0.14337486	-0.06958208	0.08180711	-0.00573824	-0.02592596	-0.08233423
0.149999	0.14320108	-0.07005202	0.08072549	-0.01430957	-0.02564690	-0.04530127
0.166666	0.14280081	-0.07039461	0.08037634	-0.02091125	-0.02520642	-0.00595553
0.183333	0.14228573	-0.07073179	0.08069299	-0.02258503	-0.02424045	0.02972704
0.199999	0.14179431	-0.07117122	0.08153611	-0.01892157	-0.02147236	0.05798508
0.216666	0.14151794	-0.07164629	0.08285975	-0.01225990	-0.01503976	0.07766225
0.233332	0.14143136	-0.07197584	0.08443195	-0.00452498	-0.00398384	0.08863611
0.249999	0.14150059	-0.07195170	0.08610119	0.00291557	0.01049869	0.09170732
0.266666	0.14157467	-0.07156166	0.08767443	0.00907842	0.02567152	0.08854308
0.283332	0.14174488	-0.07091685	0.08911179	0.01337742	0.03824137	0.08179518
0.299999	0.14201973	-0.07013401	0.09039906	0.01590251	0.04593256	0.07361195
0.316665	0.14239374	-0.06927784	0.09154850	0.01726187	0.04799269	0.06539169
0.333332	0.14272031	-0.06840521	0.09257372	0.01721791	0.04482827	0.05726133
0.349999	0.14297046	-0.06760387	0.09346380	0.01603282	0.03775503	0.04770674
0.366665	0.14318882	-0.06701714	0.09421696	0.01440076	0.02814732	0.03499451
0.383332	0.14341557	-0.06667028	0.09479657	0.01343732	0.01732464	0.01801971
0.399998	0.14365868	-0.06651960	0.09501663	0.01310808	0.00662203	-0.00400977
0.416665	0.14386943	-0.06650621	0.09482164	0.01166013	-0.00314989	-0.03089820
0.433332	0.14407226	-0.06661437	0.09408399	0.00812780	-0.01202726	-0.05942990
0.449998	0.14424342	-0.06688031	0.09280559	0.00340783	-0.01994610	-0.08436929
0.466665	0.14425339	-0.06730691	0.09102049	-0.00138857	-0.02596977	-0.10196324
0.483331	0.14414334	-0.06785771	0.08898249	-0.00697586	-0.02886940	-0.11012027
0.499998	0.14394443	-0.06843900	0.08699110	-0.01364795	-0.02844196	-0.10824030
0.516665	0.14374439	-0.06892814	0.08517661	-0.02204926	-0.02808288	-0.09555783
0.533331	0.14337774	-0.06929854	0.08363712	-0.03213582	-0.03050008	-0.07367986
0.549998	0.14279960	-0.06962866	0.08243989	-0.04208611	-0.03547388	-0.04557199
0.566664	0.14188302	-0.07028171	0.08188627	-0.04797291	-0.04011360	-0.01439149
0.583331	0.14086041	-0.07115836	0.08197914	-0.04662756	-0.04134813	0.01708462
0.599998	0.13992381	-0.07210996	0.08267942	-0.03792003	-0.03627277	0.04514693
0.616664	0.13939176	-0.07270890	0.08374090	-0.02343857	-0.02332860	0.06600242
0.633331	0.13921030	-0.07294097	0.08508933	-0.00668715	-0.00446318	0.07842687
0.649997	0.13930444	-0.07281081	0.08657141	0.00760499	0.01520368	0.08369106
0.666664	0.13959096	-0.07236544	0.08807062	0.01575327	0.03108037	0.08391350
0.683331	0.14001568	-0.07162259	0.08946425	0.01859166	0.04214754	0.08071871
0.699997	0.14041393	-0.07075448	0.09076339	0.01822173	0.04804123	0.07620975
0.716664	0.14067289	-0.06984451	0.09195852	0.01700244	0.04944512	0.07168549
0.733330	0.14085285	-0.06902219	0.09311518	0.01662469	0.04687029	0.06654758
0.749997	0.14105371	-0.06827167	0.09422030	0.01881517	0.04154442	0.05900522
0.766664	0.14140901	-0.06758342	0.09523996	0.02348723	0.03489393	0.04749294
0.783330	0.14185542	-0.06705770	0.09601250	0.02877947	0.02769120	0.03083204
0.799997	0.14242908	-0.06665682	0.09643517	0.03300136	0.01934089	0.00862661
0.816663	0.14302851	-0.06641415	0.09641457	0.03531649	0.01050048	-0.01841713
0.833330	0.14364786	-0.06629241	0.09591059	0.03466091	0.00225455	-0.04820992
0.849997	0.14426133	-0.06635120	0.09485925	0.02915558	-0.00498938	-0.07721414
0.866663	0.14480431	-0.06652604	0.09325366	0.01823023	-0.01195041	-0.10095908
0.883330	0.14512733	-0.06678932	0.09118494	0.00258491	-0.01977876	-0.11502218
0.899996	0.14504503	-0.06710675	0.08894174	-0.01505843	-0.02821006	-0.11572533
0.916663	0.14454655	-0.06761049	0.08682212	-0.03163648	-0.03641612	-0.10140853
0.933330	0.14373985	-0.06834344	0.08513904	-0.04469055	-0.04314737	-0.07425103
0.949996	0.14284347	-0.06922708	0.08408733	-0.05241541	-0.04648707	-0.03975321
0.966663	0.14191025	-0.07011390	0.08379269	-0.05393608	-0.04390424	-0.00376740
0.983329	0.14095744	-0.07087763	0.08416032	-0.04970533	-0.03471351	0.02886385
0.999996	0.14006494	-0.07143042	0.08502333	-0.04148604	-0.02083589	0.05455687
1.016663	0.13938712	-0.07166759	0.08622265	-0.02981324	-0.00456834	0.07151349
1.033329	0.13902633	-0.07156056	0.08762991	-0.01536070	0.01262316	0.08049814
1.049996	0.13890803	-0.07118408	0.08911099	-0.00084684	0.02924517	0.08382692
1.066662	0.13906051	-0.07054320	0.09054609	0.01011279	0.04310934	0.08347909
1.083329	0.13940080	-0.06967883	0.09189609	0.01669719	0.05291300	0.08093590
1.099996	0.13982208	-0.06861846	0.09321651	0.02059192	0.05802725	0.07668875
1.116662	0.14016536	-0.06753483	0.09448408	0.02310322	0.05778205	0.07062522
1.133329	0.14047694	-0.06652062	0.09569556	0.02541671	0.05228231	0.06143743
1.149995	0.14088441	-0.06568099	0.09668799	0.02825383	0.04279038	0.04802983
1.166662	0.14141986	-0.06505209	0.09743888	0.03170771	0.03077113	0.03021837
1.183329	0.14205050	-0.06464109	0.09779967	0.03438933	0.01772701	0.00843696
1.199995	0.14265743	-0.06445031	0.09778654	0.03477744	0.00550723	-0.01597683
1.216662	0.14324749	-0.06450441	0.09732246	0.03225555	-0.00538538	-0.04245019
1.233328	0.14378577	-0.06472415	0.09639223	0.02827313	-0.01378065	-0.06947459
1.249995	0.14424199	-0.06505223	0.09501757	0.02529333	-0.01793637	-0.09589024
1.266662	0.14456740	-0.06546795	0.09313030	0.02418259	-0.01811370	-0.11961116
1.283328	0.14487414	-0.06581087	0.09089730	0.02334455	-0.01809738	-0.13820344
1.299995	0.14528847	-0.06603556	0.08830731	0.02053150	-0.02061852	-0.14758350
1.316661	0.14577954	-0.06620301	0.08562057	0.01402100	-0.02533300	-0.14393751
1.333328	0.14608566	-0.06664830	0.08300985	0.00214145	-0.03085026	-0.12573883
1.349995	0.14604448	-0.06736397	0.08089305	-0.01461653	-0.03582112	-0.09401835
1.366661	0.14559460	-0.06815818	0.07953734	-0.03150744	-0.03747247	-0.05341022
1.383328	0.14480612	-0.06880993	0.07907142	-0.04243860	-0.03316006	-0.01034953
1.399994	0.14382739	-0.06930835	0.07942513	-0.04446762	-0.02428571	0.02772227
1.416661	0.14293988	-0.06963767	0.08036842	-0.03849819	-0.01342972	0.05570512
1.433328	0.14234823	-0.06978013	0.08168059	-0.02768959	-0.00226126	0.07192297
1.449994	0.14209117	-0.06973149	0.08310477	-0.01675053	0.00898652	0.07796478
1.466661	0.14202128	-0.06946111	0.08447559	-0.00981841	0.01933396	0.07726122
1.483328	0.14200357	-0.06903389	0.08573376	-0.00805284	0.02757795	0.07341120
1.499994	0.14187294	-0.06844033	0.08686764	-0.00936735	0.03268877	0.06896199
1.516661	0.14164875	-0.06781269	0.08796664	-0.01037319	0.03456472	0.06525996
1.533327	0.14136854	-0.06718580	0.08903184	-0.00884022	0.03415598	0.06243797
1.549994	0.14118698	-0.06664426	0.09005746	-0.00444094	0.03253942	0.05974946
1.566661	0.14117168	-0.06615239	0.09104887	0.00173242	0.03116422	0.05580108
1.583327	0.14130484	-0.06566209	0.09196007	0.00832837	0.02974589	0.04997738
1.599994	0.14152411	-0.06516732	0.09280000	0.01359043	0.02725981	0.04192778
1.616660	0.14179251	-0.06464160	0.09344794	0.01683055	0.02295414	0.03151336
1.633327	0.14211811	-0.06425944	0.09391005	0.01851342	0.01723617	0.01871198
1.649993	0.14245434	-0.06404023	0.09411892	0.01988881	0.01059864	0.00311834
1.666660	0.14278701	-0.06398711	0.09407480	0.02134041	0.00318163	-0.01521567
1.683327	0.14311571	-0.06399631	0.09372765	0.02206267	-0.00484048	-0.03679569
1.699993	0.14351322	-0.06406778	0.09296287	0.02144144	-0.01308212	-0.06061473
1.716660	0.14393388	-0.06431906	0.09177491	0.01877494	-0.02115083	-0.08439253
1.733326	0.14427778	-0.06479349	0.09006533	0.01283464	-0.02905742	-0.10392599
1.749993	0.14447840	-0.06541047	0.08803447	0.00204027	-0.03603301	-0.11530143
1.766660	0.14446226	-0.06609095	0.08581968	-0.01287734	-0.04112621	-0.11586536
1.783326	0.14418015	-0.06678962	0.08377083	-0.02861779	-0.04419016	-0.10526683
1.799993	0.14350261	-0.06755363	0.08204069	-0.04190439	-0.04627920	-0.08497544
1.816659	0.14254054	-0.06836106	0.08079042	-0.05081211	-0.04780374	-0.05792778
1.833326	0.14150929	-0.06917797	0.08002768	-0.05368723	-0.04670567	-0.02789359
1.849993	0.14056714	-0.07001176	0.07984810	-0.04923236	-0.04032482	0.00196204
1.866659	0.13977148	-0.07076106	0.08017255	-0.03874168	-0.02833839	0.02866913
1.883326	0.13915686	-0.07122835	0.08098630	-0.02501363	-0.01180355	0.04964840
1.899992	0.13884223	-0.07125785	0.08208654	-0.01026232	0.00732056	0.06348415
1.916659	0.13884196	-0.07088257	0.08335580	0.00357637	0.02563859	0.07040145
1.933326	0.13909493	-0.07020830	0.08460317	0.01420541	0.03918507	0.07161679
1.949992	0.13950700	-0.06936865	0.08581074	0.01970090	0.04563823	0.06920201
1.966659	0.13993041	-0.06847332	0.08692685	0.02010152	0.04550412	0.06512846
1.983325	0.14030172	-0.06766775	0.08798108	0.01727826	0.04044284	0.06105510
1.999992	0.14053217	-0.06704362	0.08894683	0.01377476	0.03254735	0.05684432
2.016659	0.14066826	-0.06659804	0.08986003	0.01086001	0.02345921	0.05190657
2.033325	0.14079008	-0.06631858	0.09072329	0.00908498	0.01479460	0.04528779
2.049992	0.14095631	-0.06613258	0.09146655	0.00903431	0.00755011	0.03599729
2.066658	0.14111680	-0.06608942	0.09204563	0.01057323	0.00220236	0.02343798
2.083325	0.14127642	-0.06611928	0.09235778	0.01331722	-0.00163180	0.00799648
2.099992	0.14147274	-0.06621454	0.09236150	0.01704096	-0.00390080	-0.00989888
2.116658	0.14178146	-0.06629184	0.09204867	0.02113365	-0.00437243	-0.02984919
2.133325	0.14220954	-0.06638767	0.09140582	0.02311537	-0.00434125	-0.05125464
2.149992	0.14270762	-0.06643995	0.09040061	0.02154642	-0.00520056	-0.07271948
2.166658	0.14315297	-0.06648454	0.08899106	0.01694746	-0.00829186	-0.09169644
2.183325	0.14335741	-0.06659745	0.08718907	0.00950601	-0.01509575	-0.10475084
2.199991	0.14340319	-0.06683740	0.08517408	-0.00133321	-0.02584032	-0.10818166
2.216658	0.14333145	-0.06732129	0.08316283	-0.01446745	-0.03757700	-0.09988060
2.233325	0.14308137	-0.06811961	0.08144590	-0.02861898	-0.04684366	-0.07978754
2.249991	0.14249462	-0.06913633	0.08023193	-0.04286172	-0.05125498	-0.05070129
2.266658	0.14157639	-0.07014365	0.07961682	-0.05362330	-0.04902624	-0.01746587
2.283324	0.14042158	-0.07096658	0.07968936	-0.05589723	-0.03875919	0.01450734
2.299991	0.13927081	-0.07155327	0.08031015	-0.04782733	-0.02199535	0.04118097
2.316658	0.13842787	-0.07184700	0.08135787	-0.03248488	-0.00251484	0.05996295
2.333324	0.13809992	-0.07169704	0.08259745	-0.01378445	0.01730270	0.07033670
2.349991	0.13819669	-0.07116929	0.08390467	0.00466781	0.03565221	0.07373038
2.366657	0.13848099	-0.07034854	0.08517018	0.01930982	0.04977678	0.07242235
2.383324	0.13890809	-0.06933107	0.08636238	0.02793979	0.05734332	0.06926351
2.399991	0.13946912	-0.06824231	0.08746499	0.03149537	0.05825844	0.06508588
2.416657	0.14012237	-0.06717903	0.08850192	0.03214275	0.05366041	0.05996351
2.433324	0.14069539	-0.06630918	0.08951188	0.03124771	0.04526544	0.05339342
2.449990	0.14114825	-0.06564948	0.09038177	0.02932240	0.03440922	0.04471796
2.466657	0.14155199	-0.06519312	0.09110358	0.02710934	0.02274172	0.03325811
2.483324	0.14200529	-0.06490344	0.09156404	0.02622019	0.01197451	0.01813717
2.499990	0.14246760	-0.06480572	0.09177874	0.02681735	0.00282732	0.00043005
2.516657	0.14289956	-0.06487102	0.09168358	0.02754684	-0.00446232	-0.01805517
2.533323	0.14334917	-0.06504954	0.09116425	0.02653140	-0.01058363	-0.03615677
2.549990	0.14382221	-0.06527387	0.09036905	0.02298260	-0.01632823	-0.05340627
2.566657	0.14428148	-0.06553457	0.08929790	0.01642509	-0.02219492	-0.06800529
2.583323	0.14454493	-0.06592671	0.08804657	0.00722881	-0.02777863	-0.07874814
2.599990	0.14457273	-0.06647150	0.08658656	-0.00341432	-0.03277903	-0.08493770
2.616656	0.14434375	-0.06714024	0.08503208	-0.01378929	-0.03686707	-0.08617762
2.633323	0.14399418	-0.06779651	0.08350172	-0.02284461	-0.03951244	-0.08208746
2.649990	0.14354533	-0.06844912	0.08214615	-0.03065665	-0.04031171	-0.07236580
2.666656	0.14301495	-0.06911729	0.08098280	-0.03796101	-0.03968344	-0.05751878
2.683323	0.14232735	-0.06981781	0.08012251	-0.04455390	-0.03763318	-0.03824718
2.699989	0.14149752	-0.07047128	0.07957614	-0.04883562	-0.03300136	-0.01597493
2.716656	0.14053907	-0.07103563	0.07949104	-0.04850734	-0.02469553	0.00701169
2.733323	0.13964175	-0.07141083	0.07986233	-0.04195371	-0.01302978	0.02858736
2.749989	0.13890396	-0.07155922	0.08062418	-0.03025022	0.00065148	0.04671853
2.766656	0.13851579	-0.07140295	0.08161110	-0.01677222	0.01463385	0.05966042
2.783322	0.13845019	-0.07100368	0.08275821	-0.00547881	0.02710059	0.06714534
2.799989	0.13859157	-0.07038668	0.08395728	0.00149817	0.03663047	0.07024316
2.816656	0.13874045	-0.06966122	0.08519364	0.00419879	0.04245905	0.07062791
2.833322	0.13878182	-0.06887067	0.08636449	0.00459896	0.04476527	0.06953810
2.849989	0.13877711	-0.06808523	0.08750103	0.00519084	0.04435750	0.06750118
2.866655	0.13882707	-0.06733989	0.08859548	0.00741962	0.04235131	0.06409939
2.883322	0.13898255	-0.06666365	0.08967957	0.01151626	0.03971689	0.05895541
2.899989	0.13925518	-0.06603641	0.09068296	0.01747347	0.03681242	0.05098512
2.916655	0.13955392	-0.06545693	0.09150747	0.02509522	0.03342545	0.03919278
2.933322	0.13997464	-0.06488946	0.09210549	0.03290659	0.02907127	0.02270741
2.949988	0.14058356	-0.06441481	0.09238338	0.03994443	0.02369350	0.00204374
2.966655	0.14141515	-0.06404351	0.09229854	0.04528540	0.01676268	-0.02217793
2.983321	0.14228556	-0.06384107	0.09173389	0.04752625	0.00818885	-0.04875321
2.999988	0.14313190	-0.06374495	0.09070148	0.04479150	-0.00176859	-0.07448334
3.016655	0.14385685	-0.06385180	0.08915768	0.03657795	-0.01278018	-0.09507589
3.033321	0.14448975	-0.06412560	0.08723353	0.02459282	-0.02445059	-0.10725797
3.049988	0.14483041	-0.06465618	0.08517333	0.01025211	-0.03577425	-0.10962455
3.066654	0.14486164	-0.06537412	0.08323941	-0.00562782	-0.04481933	-0.10109937
3.083321	0.14458710	-0.06627418	0.08158927	-0.02234609	-0.05058889	-0.08248805
3.099988	0.14406787	-0.06722461	0.08029355	-0.03698304	-0.05216157	-0.05701158
3.116654	0.14332531	-0.06813253	0.07951794	-0.04650820	-0.04908566	-0.02919622
3.133321	0.14232941	-0.06896589	0.07932660	-0.04825663	-0.04071494	-0.00184339
3.149987	0.14133835	-0.06962904	0.07965492	-0.04234733	-0.02782393	0.02291208
3.166654	0.14056420	-0.07005858	0.08029784	-0.03033538	-0.01212266	0.04237888
3.183321	0.14025372	-0.07010472	0.08120465	-0.01500411	0.00411818	0.05496255
3.199987	0.14024577	-0.06981409	0.08228333	0.00048667	0.01884792	0.06124029
3.216654	0.14044337	-0.06928927	0.08344179	0.01296227	0.02992210	0.06273570
3.233320	0.14072865	-0.06866099	0.08452910	0.02075196	0.03618281	0.06025643
3.249987	0.14117777	-0.06798258	0.08549555	0.02477544	0.03816813	0.05462649
3.266654	0.14168024	-0.06732056	0.08635259	0.02570721	0.03722984	0.04742876
3.283320	0.14217350	-0.06668301	0.08709326	0.02384441	0.03436065	0.04041848
3.299987	0.14255770	-0.06614127	0.08769310	0.01939781	0.03006202	0.03423432
3.316653	0.14282149	-0.06565952	0.08818362	0.01412628	0.02493764	0.02892368
3.333320	0.14299272	-0.06529698	0.08859768	0.00986386	0.01950368	0.02450070
3.349987	0.14307587	-0.06501932	0.08897965	0.00763829	0.01364482	0.02051842
3.366653	0.14315712	-0.06483867	0.08930925	0.00795919	0.00759519	0.01539818
3.383320	0.14327191	-0.06474536	0.08956852	0.01048904	0.00283526	0.00750928
3.399987	0.14344741	-0.06478257	0.08969586	0.01417039	-0.00021655	-0.00434635
3.416653	0.14375176	-0.06487598	0.08957704	0.01796126	-0.00227977	-0.01991641
3.433320	0.14409693	-0.06492463	0.08914719	0.02124065	-0.00371573	-0.03879920
3.449986	0.14450233	-0.06494106	0.08831613	0.02332980	-0.00417312	-0.05910483
3.466653	0.14490619	-0.06500352	0.08715629	0.02395907	-0.00458145	-0.07772536
3.483320	0.14532153	-0.06512122	0.08560709	0.02295123	-0.00707990	-0.09142248
3.499986	0.14572535	-0.06523568	0.08386245	0.01912951	-0.01257156	-0.09784558
3.516653	0.14606734	-0.06538200	0.08204076	0.01094442	-0.02032843	-0.09581622
3.533319	0.14627744	-0.06574067	0.08038265	-0.00289948	-0.03034380	-0.08466657
3.549986	0.14620034	-0.06636310	0.07901379	-0.02063841	-0.04128107	-0.06526440
3.566653	0.14570656	-0.06720687	0.07802694	-0.03791340	-0.04945108	-0.04028314
3.583319	0.14475985	-0.06822399	0.07755309	-0.04968730	-0.05083797	-0.01350736
3.599986	0.14360875	-0.06919621	0.07762312	-0.05272290	-0.04453904	0.01185638
3.616652	0.14256240	-0.06999158	0.07813810	-0.04685979	-0.03130091	0.03333630
3.633319	0.14186372	-0.07037964	0.07897098	-0.03494411	-0.01316847	0.04888218
3.649986	0.14149031	-0.07042716	0.07994058	-0.02132156	0.00595423	0.05791244
3.666652	0.14132790	-0.07009194	0.08103719	-0.00932384	0.02180939	0.06207282
3.683319	0.14126778	-0.06949673	0.08211379	-0.00049770	0.03184186	0.06329151
3.699985	0.14131199	-0.06878234	0.08316585	0.00487128	0.03629214	0.06254411
3.716652	0.14147782	-0.06810465	0.08420362	0.00742401	0.03601304	0.06024325
3.733319	0.14170152	-0.06754608	0.08519971	0.00864040	0.03322629	0.05742092
3.749985	0.14185348	-0.06705048	0.08616053	0.00920247	0.02995670	0.05465529
3.766652	0.14193995	-0.06660619	0.08701452	0.00949029	0.02730227	0.05124403
3.783318	0.14206058	-0.06615254	0.08783203	0.01031410	0.02497161	0.04636611
3.799985	0.14225659	-0.06573000	0.08862803	0.01241517	0.02261711	0.04004632
3.816652	0.14251854	-0.06536213	0.08927814	0.01503168	0.02028391	0.03245795
3.833318	0.14278562	-0.06507197	0.08977029	0.01731440	0.01790426	0.02297470
3.849985	0.14309071	-0.06481491	0.09004144	0.01922615	0.01520301	0.01154573
3.866651	0.14340864	-0.06456514	0.09016425	0.02107368	0.01220261	-0.00099101
3.883318	0.14378484	-0.06434178	0.09007408	0.02162927	0.00791679	-0.01421304
3.899985	0.14418742	-0.06422829	0.08972418	0.01934946	0.00119903	-0.02853420
3.916651	0.14459184	-0.06420787	0.08913723	0.01385448	-0.00737607	-0.04385451
3.933318	0.14481509	-0.06442034	0.08827732	0.00595706	-0.01554257	-0.05848863
3.949984	0.14482482	-0.06480511	0.08715086	-0.00327626	-0.02180708	-0.07052460
3.966651	0.14461267	-0.06532242	0.08579876	-0.01249974	-0.02612601	-0.07863034
3.983318	0.14431646	-0.06579095	0.08432161	-0.02043248	-0.02905689	-0.08168852
3.999984	0.14391622	-0.06622873	0.08289377	-0.02731177	-0.03175040	-0.07888735
4.016651	0.14343746	-0.06671751	0.08155470	-0.03407119	-0.03500464	-0.06934331
4.033318	0.14282347	-0.06734263	0.08042083	-0.04122012	-0.03871769	-0.05388300
4.049984	0.14206770	-0.06808784	0.07956161	-0.04684981	-0.04061830	-0.03465699
4.066650	0.14118135	-0.06886416	0.07916051	-0.04795406	-0.03816001	-0.01366308
4.083317	0.14022799	-0.06955695	0.07917899	-0.04260750	-0.03040639	0.00743515
4.099984	0.13943861	-0.07004458	0.07954356	-0.03140000	-0.01878686	0.02671405
4.116651	0.13899872	-0.07023815	0.08015707	-0.01696482	-0.00595281	0.04234327
4.133317	0.13894549	-0.07015779	0.08101497	-0.00182212	0.00618687	0.05395516
4.149983	0.13915904	-0.06988920	0.08206373	0.01090248	0.01668344	0.06204272
4.166650	0.13944063	-0.06953942	0.08322486	0.01872100	0.02498815	0.06650377
4.183317	0.13985834	-0.06907435	0.08439068	0.02156408	0.03118348	0.06715614
4.199984	0.14026986	-0.06848593	0.08554973	0.02193936	0.03611489	0.06514388
4.216650	0.14066619	-0.06780157	0.08660508	0.02151803	0.03919207	0.06164616
4.233316	0.14096136	-0.06708841	0.08759265	0.02037205	0.03876813	0.05718686
4.249983	0.14126705	-0.06637604	0.08850949	0.01927607	0.03501943	0.05179474
4.266650	0.14160001	-0.06579623	0.08935152	0.01938813	0.02981898	0.04534836
4.283317	0.14192617	-0.06538834	0.09009302	0.02108798	0.02496748	0.03710571
4.299983	0.14225312	-0.06510285	0.09066257	0.02380924	0.02127868	0.02625722
4.316649	0.14264640	-0.06481151	0.09104288	0.02773206	0.01875117	0.01225197
4.333316	0.14312677	-0.06446324	0.09117240	0.03204671	0.01643627	-0.00467827
4.349983	0.14373791	-0.06413453	0.09098031	0.03442711	0.01250115	-0.02373086
4.366650	0.14441526	-0.06392241	0.09042745	0.03237528	0.00523919	-0.04415529
4.383316	0.14505073	-0.06387323	0.08949035	0.02465407	-0.00454279	-0.06362046
4.399982	0.14546883	-0.06404059	0.08822787	0.01199123	-0.01505463	-0.07897538
4.416649	0.14555106	-0.06442669	0.08665824	-0.00331306	-0.02527638	-0.08747940
4.433316	0.14529201	-0.06495084	0.08500341	-0.01875177	-0.03465137	-0.08809537
4.449983	0.14478758	-0.06560872	0.08342534	-0.03228275	-0.04179539	-0.08092654
4.466649	0.14412029	-0.06637379	0.08212640	-0.04367972	-0.04618830	-0.06688103
4.483315	0.14332037	-0.06725623	0.08112142	-0.05272774	-0.04783466	-0.04826684
4.499982	0.14237782	-0.06810250	0.08046255	-0.05859547	-0.04624664	-0.02747122
4.516649	0.14125307	-0.06889524	0.08017851	-0.05966925	-0.04071203	-0.00639538
4.533315	0.14012995	-0.06954631	0.08026837	-0.05436233	-0.03122532	0.01389203
4.549982	0.13914482	-0.07003728	0.08071558	-0.04223743	-0.01912829	0.03152491
4.566648	0.13852249	-0.07027301	0.08144283	-0.02649742	-0.00463312	0.04649147
4.583315	0.13829081	-0.07021463	0.08238887	-0.01117994	0.01089242	0.05842273
4.599982	0.13839699	-0.06990862	0.08343172	0.00115619	0.02528141	0.06690402
4.616648	0.13856371	-0.06928001	0.08467917	0.00995744	0.03581709	0.07133899
4.633315	0.13877307	-0.06852152	0.08594595	0.01535369	0.04097083	0.07248329
4.649981	0.13899274	-0.06767751	0.08725522	0.01845866	0.04062717	0.07075367
4.666648	0.13938978	-0.06698368	0.08837398	0.02103717	0.03657553	0.06585911
4.683315	0.13979557	-0.06645605	0.08944517	0.02360987	0.03137850	0.05858735
4.699981	0.14022234	-0.06606136	0.09037369	0.02564045	0.02614233	0.05019167
4.716648	0.14061649	-0.06568101	0.09116341	0.02718564	0.02164976	0.04087941
4.733315	0.14107154	-0.06529143	0.09176673	0.03007632	0.01805178	0.02872676
4.749981	0.14157680	-0.06499464	0.09219489	0.03494738	0.01549216	0.01317856
4.766648	0.14217265	-0.06481285	0.09236278	0.04089364	0.01285074	-0.00592689
4.783314	0.14290650	-0.06467149	0.09215212	0.04593480	0.00929695	-0.02737257
4.799981	0.14378206	-0.06449039	0.09148806	0.04797887	0.00471210	-0.04933097
4.816648	0.14469543	-0.06436315	0.09039241	0.04489812	-0.00130170	-0.06925371
4.833314	0.14552557	-0.06440285	0.08899584	0.03516584	-0.00951316	-0.08443217
4.849981	0.14608124	-0.06465992	0.08739711	0.01971938	-0.01981244	-0.09288672
4.866647	0.14630610	-0.06509877	0.08570419	0.00167356	-0.03065605	-0.09401917
4.883314	0.14609323	-0.06570110	0.08404519	-0.01658327	-0.04041617	-0.08791421
4.899981	0.14559674	-0.06646875	0.08255441	-0.03385334	-0.04771661	-0.07464103
4.916647	0.14489333	-0.06737723	0.08136427	-0.04806016	-0.05117958	-0.05511570
4.933314	0.14397986	-0.06835323	0.08057154	-0.05637176	-0.04914750	-0.03225023
4.949980	0.14285274	-0.06925112	0.08025581	-0.05734675	-0.04093618	-0.00913579
4.966647	0.14169520	-0.06993009	0.08039970	-0.05063412	-0.02727493	0.01301003
4.983314	0.14079818	-0.07026543	0.08083829	-0.03706038	-0.01017709	0.03307534
4.999980	0.14034189	-0.07025740	0.08153169	-0.01947902	0.00776026	0.04886363
5.016647	0.14027424	-0.06992637	0.08251179	-0.00277729	0.02340311	0.05972450
5.033313	0.14048544	-0.06935255	0.08371526	0.00946466	0.03462797	0.06714966
5.049980	0.14079668	-0.06859502	0.08495494	0.01675620	0.04046523	0.07132394
5.066647	0.14112206	-0.06781743	0.08613779	0.01974501	0.04161084	0.07187164
5.083313	0.14146382	-0.06707717	0.08733136	0.01969718	0.03873464	0.06916431
5.099980	0.14182860	-0.06649160	0.08850124	0.01848027	0.03333492	0.06434302
5.116646	0.14213970	-0.06596068	0.08961627	0.01731618	0.02750050	0.05708408
5.133313	0.14239049	-0.06559923	0.09051739	0.01674629	0.02239366	0.04618976
5.149980	0.14260708	-0.06527293	0.09122826	0.01745380	0.01831885	0.03151373
5.166646	0.14288148	-0.06502183	0.09165771	0.02042264	0.01486546	0.01405543
5.183313	0.14323786	-0.06478891	0.09177276	0.02536389	0.01197313	-0.00478825
5.199979	0.14369720	-0.06459251	0.09152137	0.03080686	0.00868480	-0.02437486
5.216646	0.14428683	-0.06447725	0.09091378	0.03559387	0.00415275	-0.04438198
5.233313	0.14495231	-0.06441009	0.09001201	0.03823176	-0.00183982	-0.06397660
5.249979	0.14565101	-0.06446949	0.08880206	0.03617167	-0.00952568	-0.08092599
5.266646	0.14633751	-0.06468949	0.08724788	0.02760846	-0.01933024	-0.09349956
5.283312	0.14684209	-0.06504592	0.08545560	0.01254616	-0.03106316	-0.10067897
5.299979	0.14699760	-0.06566758	0.08361114	-0.00698517	-0.04321625	-0.10064641
5.316646	0.14667110	-0.06649011	0.08188358	-0.02773437	-0.05463525	-0.09178175
5.333312	0.14590496	-0.06757844	0.08034945	-0.04542786	-0.06304978	-0.07484473
5.349979	0.14488935	-0.06875880	0.07916179	-0.05657754	-0.06586071	-0.05309569
5.366645	0.14374918	-0.06999767	0.07845926	-0.06009148	-0.06090888	-0.02926998
5.383312	0.14269111	-0.07107098	0.07826808	-0.05702391	-0.04832719	-0.00513544
5.399979	0.14175113	-0.07185709	0.07843839	-0.04894201	-0.02995026	0.01698724
5.416645	0.14098965	-0.07215858	0.07892348	-0.03727600	-0.00841874	0.03462142
5.433312	0.14044009	-0.07207663	0.07967634	-0.02351099	0.01201329	0.04769057
5.449978	0.14014095	-0.07158963	0.08066018	-0.00881318	0.02800066	0.05720127
5.466645	0.14014566	-0.07090914	0.08171523	0.00467019	0.03827233	0.06342506
5.483312	0.14040059	-0.07013154	0.08283868	0.01467353	0.04351555	0.06632954
5.499978	0.14083749	-0.06936821	0.08396426	0.02031424	0.04421985	0.06634876
5.516645	0.14127970	-0.06862736	0.08511575	0.02244340	0.04152605	0.06414122
5.533311	0.14163296	-0.06790989	0.08619597	0.02285102	0.03679502	0.05920005
5.549978	0.14194600	-0.06731206	0.08717149	0.02342338	0.03188373	0.05083692
5.566645	0.14229372	-0.06686291	0.08799552	0.02602610	0.02735007	0.03831517
5.583311	0.14275646	-0.06651388	0.08857939	0.03056948	0.02375340	0.02232136
5.599978	0.14331302	-0.06615829	0.08886332	0.03490961	0.02073333	0.00435987
5.616644	0.14398277	-0.06579830	0.08874144	0.03618985	0.01708414	-0.01373546
5.633311	0.14468279	-0.06545208	0.08829277	0.03329931	0.01177383	-0.03118862
5.649978	0.14529659	-0.06528427	0.08759374	0.02625915	0.00445003	-0.04691757
5.666644	0.14567463	-0.06528832	0.08671061	0.01598655	-0.00412302	-0.05932086
5.683311	0.14583382	-0.06547291	0.08558349	0.00498572	-0.01241745	-0.06753508
5.699977	0.14575419	-0.06577373	0.08429140	-0.00530588	-0.01926575	-0.07119501
5.716644	0.14555205	-0.06615765	0.08297016	-0.01425533	-0.02492333	-0.07017670
5.733311	0.14527418	-0.06661355	0.08178580	-0.02240473	-0.03025853	-0.06457078
5.749977	0.14484534	-0.06713959	0.08078144	-0.03058110	-0.03593753	-0.05527525
5.766644	0.14430821	-0.06776546	0.07994101	-0.03922753	-0.04099609	-0.04329389
5.783310	0.14354704	-0.06852772	0.07927398	-0.04700575	-0.04412895	-0.02936647
5.799977	0.14265636	-0.06937376	0.07885045	-0.05159555	-0.04346272	-0.01447460
5.816644	0.14166047	-0.07017441	0.07874343	-0.05043102	-0.03707654	0.00088618
5.833310	0.14071392	-0.07082849	0.07895789	-0.04251847	-0.02483221	0.01645743
5.849977	0.13999379	-0.07116877	0.07936580	-0.02885398	-0.00871215	0.03111233
5.866643	0.13963529	-0.07115006	0.07999965	-0.01175594	0.00799927	0.04326435
5.883310	0.13963526	-0.07078805	0.08084078	0.00528949	0.02221049	0.05247140
5.899977	0.13996328	-0.07019527	0.08187328	0.01927927	0.03169832	0.05949572
5.916643	0.14045195	-0.06954000	0.08296133	0.02821702	0.03587238	0.06423365
5.933310	0.14105682	-0.06887990	0.08404434	0.03125598	0.03518729	0.06643657
5.949976	0.14165057	-0.06829841	0.08517273	0.02942894	0.03127498	0.06581616
5.966643	0.14216655	-0.06779135	0.08630305	0.02433913	0.02544581	0.06314205
5.983310	0.14250928	-0.06741744	0.08740868	0.01795515	0.01949758	0.05829607
5.999976	0.14272173	-0.06715705	0.08833554	0.01208258	0.01497535	0.05122119
6.016643	0.14280698	-0.06702648	0.08913327	0.00805642	0.01215265	0.04174498
6.033309	0.14290521	-0.06686738	0.08973759	0.00708143	0.01112790	0.03004250
6.049976	0.14297605	-0.06668043	0.09020953	0.00995394	0.01217825	0.01637629
6.066643	0.14312525	-0.06645250	0.09039820	0.01666694	0.01589852	0.00067983
6.083309	0.14338881	-0.06620979	0.09029785	0.02520608	0.02012965	-0.01628212
6.099976	0.14389756	-0.06587993	0.08984704	0.03275608	0.02181665	-0.03318695
6.116642	0.14463900	-0.06535362	0.08910426	0.03564349	0.01940724	-0.04871790
6.133309	0.14541267	-0.06490403	0.08813069	0.03079017	0.01380322	-0.06242650
6.149976	0.14602137	-0.06469764	0.08698135	0.01733384	0.00479368	-0.07316204
6.166642	0.14622833	-0.06482141	0.08564806	-0.00130103	-0.00758934	-0.07911624
6.183309	0.14596739	-0.06506101	0.08417745	-0.02095290	-0.02148715	-0.07872128
6.199975	0.14531823	-0.06546049	0.08271190	-0.03925339	-0.03435607	-0.07160234
6.216642	0.14448208	-0.06610146	0.08150843	-0.05496047	-0.04499118	-0.05870898
6.233309	0.14349292	-0.06705710	0.08066439	-0.06607000	-0.05218396	-0.04200989
6.249975	0.14228894	-0.06812560	0.08018702	-0.07000325	-0.05264783	-0.02443502
6.266642	0.14087614	-0.06915309	0.07995583	-0.06517719	-0.04423464	-0.00824861
6.283309	0.13959309	-0.06988389	0.07995895	-0.05133269	-0.02878211	0.00602203
6.299975	0.13877709	-0.07022197	0.08015729	-0.03027064	-0.01085345	0.01894604
6.316642	0.13857593	-0.07012479	0.08059213	-0.00724333	0.00547013	0.03071659
6.333308	0.13883711	-0.06978516	0.08122451	0.01087566	0.01732174	0.04087479
6.349975	0.13933159	-0.06934156	0.08204156	0.02005130	0.02392134	0.04896347
6.366642	0.13980560	-0.06889907	0.08294769	0.02081157	0.02625178	0.05483109
6.383308	0.14014764	-0.06845800	0.08392464	0.01660666	0.02632174	0.05865161
6.399975	0.14032607	-0.06801656	0.08492485	0.01066443	0.02461566	0.06049046
6.416641	0.14041805	-0.06758568	0.08597306	0.00570702	0.02180324	0.06014199
6.433308	0.14046763	-0.06720331	0.08701206	0.00297630	0.01869369	0.05704716
6.449975	0.14046839	-0.06696486	0.08799706	0.00292362	0.01634097	0.05124369
6.466641	0.14049435	-0.06676557	0.08882470	0.00600586	0.01599460	0.04301930
6.483308	0.14054935	-0.06657173	0.08945861	0.01273115	0.01858163	0.03294131
6.499974	0.14076878	-0.06625300	0.08991373	0.02271333	0.02383331	0.02147903
6.516641	0.14121525	-0.06579413	0.09018955	0.03439902	0.02944846	0.00917002
6.533308	0.14192778	-0.06521098	0.09027139	0.04488009	0.03296731	-0.00376397
6.549974	0.14286220	-0.06453834	0.09010550	0.05059262	0.03255924	-0.01724548
6.566641	0.14387895	-0.06394635	0.08968832	0.04920152	0.02777964	-0.03087313
6.583307	0.14479215	-0.06348728	0.08904285	0.04123726	0.01880012	-0.04365424
6.599974	0.14543846	-0.06325117	0.08818430	0.02934296	0.00739369	-0.05478359
6.616641	0.14573142	-0.06323455	0.08715438	0.01685127	-0.00456093	-0.06330813
6.633307	0.14582512	-0.06344826	0.08599342	0.00591891	-0.01648656	-0.06771047
6.649974	0.14578505	-0.06382404	0.08474411	-0.00337468	-0.02812743	-0.06661270
6.666640	0.14572884	-0.06437057	0.08354946	-0.01364780	-0.03912092	-0.05964973
6.683307	0.14552367	-0.06510707	0.08254104	-0.02671647	-0.04817199	-0.04785456
6.699974	0.14505997	-0.06604481	0.08185257	-0.04061335	-0.05319918	-0.03316710
6.716640	0.14415912	-0.06710096	0.08148388	-0.05116602	-0.05200913	-0.01781921
6.733307	0.14298470	-0.06808812	0.08135722	-0.05437023	-0.04383939	-0.00303136
6.749973	0.14185242	-0.06880612	0.08143074	-0.04875366	-0.02943349	0.01081884
6.766640	0.14106610	-0.06915282	0.08167805	-0.03570995	-0.01159494	0.02394142
6.783307	0.14068812	-0.06914087	0.08218627	-0.01974769	0.00613669	0.03526757
6.799973	0.14059930	-0.06881876	0.08292896	-0.00515135	0.02004274	0.04390085
6.816640	0.14067408	-0.06830575	0.08385292	0.00566738	0.02868466	0.04987177
6.833306	0.14084136	-0.06766294	0.08474129	0.01232838	0.03261437	0.05277148
6.849973	0.14112227	-0.06709316	0.08560947	0.01533015	0.03341639	0.05270628
6.866640	0.14146541	-0.06654621	0.08648358	0.01546143	0.03221647	0.05070252
6.883306	0.14177690	-0.06606579	0.08734814	0.01422202	0.02983459	0.04832764
6.899973	0.14197433	-0.06554607	0.08816578	0.01279761	0.02737548	0.04534139
6.916639	0.14207935	-0.06508563	0.08886214	0.01298641	0.02494520	0.04115713
6.933306	0.14225112	-0.06470373	0.08952433	0.01577167	0.02255333	0.03547895
6.949973	0.14251092	-0.06437309	0.09009318	0.02078176	0.01992248	0.02832468
6.966639	0.14296204	-0.06408090	0.09055747	0.02606708	0.01804039	0.01916107
6.983306	0.14347354	-0.06377473	0.09082696	0.03003482	0.01723494	0.00773511
6.999972	0.14405230	-0.06351819	0.09086712	0.03179026	0.01649636	-0.00516137
7.016639	0.14458919	-0.06323980	0.09065374	0.03160526	0.01417240	-0.01895402
7.033306	0.14512160	-0.06296507	0.09021199	0.02973099	0.00990007	-0.03274103
7.049972	0.14559568	-0.06277932	0.08955473	0.02499896	0.00323248	-0.04558380
7.066639	0.14605561	-0.06276814	0.08867133	0.01627973	-0.00651764	-0.05604107
7.083305	0.14634588	-0.06294146	0.08759391	0.00292347	-0.01868330	-0.06283058
7.099972	0.14635369	-0.06335817	0.08639558	-0.01415862	-0.03147708	-0.06465513
7.116639	0.14594798	-0.06399536	0.08523154	-0.03261907	-0.04278531	-0.06093798
7.133305	0.14515954	-0.06487873	0.08419855	-0.04866060	-0.05084955	-0.05148580
7.149972	0.14409938	-0.06587466	0.08340333	-0.05890765	-0.05390844	-0.03717046
7.166638	0.14293133	-0.06687608	0.08286016	-0.06120557	-0.05056911	-0.02043162
7.183305	0.14181356	-0.06776177	0.08267733	-0.05555592	-0.04166009	-0.00392386
7.199972	0.14088175	-0.06840714	0.08282128	-0.04392187	-0.02865985	0.01146474
7.216638	0.14023717	-0.06874380	0.08320329	-0.02908085	-0.01308159	0.02498357
7.233305	0.13992506	-0.06884008	0.08371450	-0.01323809	0.00309636	0.03511987
7.249971	0.13987623	-0.06861766	0.08440577	0.00186966	0.01731090	0.04115489
7.266638	0.14005151	-0.06818580	0.08520520	0.01417896	0.02738527	0.04458292
7.283305	0.14041665	-0.06751957	0.08604082	0.02258332	0.03310068	0.04666008
7.299971	0.14093992	-0.06685380	0.08676989	0.02682912	0.03479141	0.04695512
7.316638	0.14148068	-0.06628383	0.08753485	0.02689096	0.03329249	0.04495806
7.333304	0.14197087	-0.06576669	0.08831215	0.02397941	0.02957631	0.04164395
7.349971	0.14231741	-0.06532580	0.08906587	0.02086528	0.02537231	0.03745854
7.366638	0.14255568	-0.06489021	0.08963484	0.01950294	0.02114110	0.03169318
7.383304	0.14278893	-0.06457160	0.09008837	0.02040051	0.01726153	0.02443524
7.399971	0.14315198	-0.06433905	0.09041786	0.02322526	0.01382777	0.01593857
7.416637	0.14360888	-0.06417917	0.09067047	0.02726647	0.01142100	0.00594913
7.433304	0.14413086	-0.06402278	0.09074366	0.03095482	0.00998721	-0.00665116
7.449971	0.14464386	-0.06386277	0.09056927	0.03301350	0.00807750	-0.02178637
7.466637	0.14523621	-0.06367385	0.09007731	0.03260998	0.00404047	-0.03825046
7.483304	0.14582001	-0.06358662	0.08925468	0.02829660	-0.00346550	-0.05458045
7.499970	0.14637294	-0.06364267	0.08816739	0.01878924	-0.01422757	-0.06892898
7.516637	0.14669466	-0.06397589	0.08687732	0.00534574	-0.02673700	-0.07860557
7.533304	0.14666139	-0.06457197	0.08539680	-0.00984829	-0.03861521	-0.08164620
7.549970	0.14624520	-0.06538081	0.08388858	-0.02499098	-0.04781563	-0.07744499
7.566637	0.14565244	-0.06631906	0.08252133	-0.03833599	-0.05232999	-0.06604820
7.583303	0.14489998	-0.06727234	0.08149070	-0.04870866	-0.05084449	-0.04850161
7.599970	0.14405067	-0.06818849	0.08084165	-0.05407749	-0.04332127	-0.02770479
7.616637	0.14300099	-0.06891993	0.08058824	-0.05331366	-0.03116586	-0.00643982
7.633303	0.14192331	-0.06934509	0.08070376	-0.04561777	-0.01591070	0.01335004
7.649970	0.14112920	-0.06944759	0.08110496	-0.03237618	0.00078000	0.03029217
7.666636	0.14072137	-0.06925294	0.08179539	-0.01677788	0.01649781	0.04319629
7.683303	0.14077260	-0.06882233	0.08268436	-0.00276194	0.02912015	0.05203782
7.699970	0.14094561	-0.06818188	0.08368646	0.00716749	0.03763519	0.05717814
7.716636	0.14114404	-0.06741510	0.08469375	0.01201157	0.04161415	0.05840581
7.733303	0.14134200	-0.06663539	0.08568396	0.01347979	0.04120463	0.05696636
7.749969	0.14157288	-0.06591576	0.08664244	0.01478775	0.03761001	0.05445360
7.766636	0.14183466	-0.06534144	0.08749862	0.01639589	0.03260323	0.05087429
7.783303	0.14211649	-0.06488163	0.08833110	0.01851536	0.02713035	0.04582456
7.799969	0.14244387	-0.06448900	0.08909302	0.02098382	0.02193296	0.03922731
7.816636	0.14278750	-0.06414174	0.08972380	0.02405668	0.01767940	0.03119794
7.833302	0.14322388	-0.06388093	0.09019729	0.02720687	0.01391647	0.02050028
7.849969	0.14369528	-0.06369857	0.09043767	0.03024538	0.01038172	0.00718798
7.866636	0.14426845	-0.06356408	0.09052161	0.03345145	0.00699370	-0.00877060
7.883302	0.14482440	-0.06348027	0.09024739	0.03565698	0.00333515	-0.02609587
7.899969	0.14544754	-0.06341724	0.08969858	0.03553136	-0.00113480	-0.04359918
7.916636	0.14611043	-0.06344751	0.08872279	0.03260409	-0.00595978	-0.06110502
7.933302	0.14668953	-0.06359572	0.08755579	0.02609964	-0.01182945	-0.07531624
7.949969	0.14711736	-0.06386996	0.08614785	0.01447929	-0.02038256	-0.08223830
7.966635	0.14730832	-0.06419981	0.08453147	-0.00146084	-0.03190019	-0.07930638
7.983302	0.14717969	-0.06473807	0.08305743	-0.02043717	-0.04369086	-0.06902144
7.999969	0.14667496	-0.06559467	0.08191288	-0.03977903	-0.05237686	-0.05314591
8.016635	0.14580271	-0.06676932	0.08135237	-0.05641020	-0.05525924	-0.03376191
8.033301	0.14459044	-0.06789441	0.08100148	-0.06580923	-0.05056762	-0.01415165
8.049968	0.14328493	-0.06874826	0.08091367	-0.06590527	-0.03864721	0.00293994
8.066635	0.14199305	-0.06919811	0.08105725	-0.05680680	-0.02186709	0.01757219
8.083302	0.14114173	-0.06937068	0.08149505	-0.04154006	-0.00425352	0.03082250
8.099968	0.14059524	-0.06930586	0.08219570	-0.02404088	0.01141538	0.04118634
8.116634	0.14049676	-0.06897511	0.08304025	-0.00794928	0.02399670	0.04887272
8.133301	0.14051731	-0.06842578	0.08393413	0.00126653	0.02817113	0.04718293
8.149968	0.14071117	-0.06771556	0.08480627	0.00390993	0.02331616	0.03646563
8.166635	0.14092934	-0.06706991	0.08565623	0.00429878	0.01385568	0.02395770
8.183301	0.14085267	-0.06714191	0.08567388	0.00656108	0.00541298	0.01519712
8.199967	0.14082767	-0.06737589	0.08558416	0.00983853	-0.00020083	0.00869881
8.216634	0.14093779	-0.06770036	0.08546229	0.01464514	-0.00116505	0.00403439
8.233301	0.14141476	-0.06746254	0.08587501	0.02115116	0.00350961	0.00310590
8.249968	0.14190586	-0.06723295	0.08609356	0.02677540	0.00931974	0.00082691
8.266634	0.14235450	-0.06703676	0.08598934	0.02891850	0.01051393	-0.00733285
8.283300	0.14282697	-0.06686908	0.08575070	0.02879355	0.00619712	-0.01996745
8.299967	0.14331789	-0.06676323	0.08529319	0.02832230	0.00121542	-0.03091552
8.316634	0.14379397	-0.06677996	0.08471459	0.02487200	-0.00502331	-0.04099359
8.333301	0.14430253	-0.06691561	0.08395353	0.02124221	-0.00752135	-0.04337365
8.349967	0.14461167	-0.06717143	0.08302256	0.01820363	-0.00708415	-0.03684185
8.366633	0.14470322	-0.06748799	0.08207878	0.01256665	-0.00854786	-0.02737399
8.383300	0.14498332	-0.06733214	0.08195611	-0.00047200	-0.01549898	-0.02113406
8.399967	0.14508608	-0.06743893	0.08199191	-0.01826569	-0.02424447	-0.01711096
8.416634	0.14492527	-0.06780782	0.08204896	-0.03765658	-0.03204284	-0.01533756
8.433300	0.14378376	-0.06891286	0.08134270	-0.05444309	-0.03783975	-0.01661426
8.449966	0.14244734	-0.06976576	0.08084440	-0.06332705	-0.03749206	-0.01532538
8.466633	0.14103964	-0.07033034	0.08057181	-0.05887375	-0.02924990	-0.00558144
8.483300	0.14017300	-0.07058663	0.08067813	-0.04252689	-0.01700110	0.01000375
8.499967	0.13962635	-0.07071153	0.08101104	-0.02366165	-0.00781345	0.02255434
8.516633	0.13957095	-0.07078253	0.08159041	-0.00823024	0.00124313	0.03225689
8.533299	0.13965194	-0.07078210	0.08220813	-0.00009418	0.00982117	0.03753949
8.549966	0.13980751	-0.07062776	0.08288616	0.00342519	0.01666757	0.03833998
8.566633	0.13985498	-0.07009955	0.08362280	0.00426875	0.02007835	0.03572288
8.583300	0.13980134	-0.06961074	0.08420378	0.00561433	0.02113324	0.03253063
8.599966	0.13989586	-0.06919145	0.08469834	0.00809084	0.02007191	0.02866950
8.616632	0.14004382	-0.06909364	0.08502826	0.01227115	0.01769814	0.02373414
8.633299	0.14038107	-0.06885014	0.08546709	0.01783795	0.01707326	0.01786287
8.649966	0.14067335	-0.06856147	0.08579165	0.02330417	0.01834418	0.01056418
8.666633	0.14106207	-0.06816117	0.08596249	0.02727653	0.01905218	0.00086632
8.683299	0.14160535	-0.06775334	0.08587616	0.02903965	0.01641459	-0.01015086
8.699965	0.14217937	-0.06749105	0.08555210	0.02808053	0.01095411	-0.02004501
8.716632	0.14273091	-0.06735897	0.08505572	0.02281168	0.00267671	-0.02854329
8.733299	0.14308415	-0.06739552	0.08453484	0.01118076	-0.00810660	-0.03685079
8.749966	0.14321141	-0.06757829	0.08391187	-0.00486592	-0.02053496	-0.04456474
8.766632	0.14309664	-0.06795671	0.08318052	-0.02026596	-0.03169832	-0.04981500
8.783298	0.14244094	-0.06867729	0.08212842	-0.03149142	-0.03932715	-0.05045952
8.799965	0.14167060	-0.06956223	0.08112150	-0.03930122	-0.04313761	-0.04624415
8.816632	0.14086790	-0.07038373	0.08028978	-0.04218334	-0.04100953	-0.03195932
8.833299	0.14027998	-0.07103433	0.07989566	-0.03856398	-0.03366584	-0.00871192
8.849965	0.13961394	-0.07153606	0.07974508	-0.03092145	-0.02469281	0.01444524
8.866632	0.13905877	-0.07179912	0.08045579	-0.02328591	-0.01764096	0.02865002
8.883298	0.13873157	-0.07200525	0.08134063	-0.01603684	-0.01150471	0.03400637
8.899965	0.13866647	-0.07209279	0.08226259	-0.00654886	-0.00369740	0.03397333
8.916632	0.13859968	-0.07228439	0.08246686	0.00274950	0.00582779	0.02907351
8.933298	0.13866656	-0.07216647	0.08268403	0.00767018	0.01388309	0.02077975
8.949965	0.13890330	-0.07174879	0.08304751	0.00883314	0.01945395	0.01387348
8.966631	0.13924079	-0.07111824	0.08351102	0.00941750	0.02316819	0.01094457
8.983298	0.13934119	-0.07072867	0.08358505	0.00991512	0.02481586	0.00822104
8.999965	0.13937278	-0.07045970	0.08354529	0.01023326	0.02458373	0.00549848
9.016631	0.13945878	-0.07018542	0.08344634	0.01323154	0.02410041	0.00514591
9.033298	0.13976817	-0.06964073	0.08366569	0.02120377	0.02572986	0.01000587
9.049964	0.14015222	-0.06913502	0.08387521	0.02999265	0.02684417	0.01674096
9.066630	0.14074983	-0.06865422	0.08420110	0.03446615	0.02363330	0.02051198
9.083298	0.14151664	-0.06826448	0.08464257	0.03433613	0.01658517	0.01980223
9.099964	0.14221124	-0.06801074	0.08506940	0.03152368	0.00974435	0.01714698
9.116631	0.14264165	-0.06796980	0.08535128	0.02626943	0.00413628	0.01150832
9.133297	0.14292383	-0.06804440	0.08542660	0.02258228	0.00218023	0.00526307
9.149963	0.14317693	-0.06808336	0.08543473	0.02442027	0.00515157	-0.00068952
9.166631	0.14351064	-0.06804936	0.08530528	0.03150267	0.01195901	-0.00743008
9.183297	0.14411801	-0.06773563	0.08528397	0.04035749	0.01907293	-0.01748092
9.199964	0.14493760	-0.06728918	0.08499548	0.04841473	0.02394995	-0.02983232
9.216630	0.14592867	-0.06672075	0.08446486	0.05239634	0.02469680	-0.04158234
9.233296	0.14687370	-0.06628747	0.08342729	0.04846607	0.01953323	-0.05009265
9.249964	0.14776886	-0.06596621	0.08235748	0.03556310	0.00963017	-0.05250907
9.266630	0.14838350	-0.06585588	0.08139129	0.01486382	-0.00311074	-0.04737906
9.283297	0.14851049	-0.06604154	0.08070195	-0.01131397	-0.01791648	-0.03700833
9.299963	0.14807329	-0.06644535	0.08020161	-0.03709592	-0.03353136	-0.02589266
9.316629	0.14706776	-0.06713631	0.07993114	-0.05577907	-0.04613462	-0.01602149
9.333297	0.14570287	-0.06811715	0.07971432	-0.06453413	-0.05297585	-0.00900972
9.349963	0.14444910	-0.06921314	0.07968782	-0.06416212	-0.05263353	-0.00445282
9.366630	0.14340936	-0.07021873	0.07966390	-0.05532510	-0.04403385	-0.00053715
9.383296	0.14266995	-0.07090104	0.07967563	-0.04079060	-0.02833728	0.00432687
9.399962	0.14200455	-0.07123358	0.07969616	-0.02445193	-0.01073529	0.00947196
9.416630	0.14169933	-0.07117712	0.07987812	-0.00869732	0.00327648	0.01440464
9.433296	0.14170954	-0.07082454	0.08025263	0.00494095	0.01134180	0.01884084
9.449963	0.14206100	-0.07048410	0.08067245	0.01475534	0.01375394	0.02263689
9.466629	0.14250992	-0.07024342	0.08105353	0.01891263	0.01133037	0.02300063
9.483295	0.14288338	-0.07015296	0.08143196	0.01978457	0.00848610	0.01864075
9.499963	0.14313856	-0.07008594	0.08182479	0.02152660	0.01083430	0.01009736
9.516629	0.14334044	-0.07003365	0.08201503	0.02973292	0.02254189	-0.00343674
9.533296	0.14376023	-0.06972061	0.08189973	0.05692266	0.04873209	-0.01569922
9.549962	0.14459707	-0.06894030	0.08139406	0.10246034	0.09096688	-0.02247234
9.566628	0.14623018	-0.06731188	0.08054670	0.15446925	0.14525378	-0.02568516
9.583296	0.14974344	-0.06438158	0.08022127	0.20076466	0.20575611	-0.03260413
9.599962	0.15399310	-0.06025036	0.07995238	0.24607420	0.26919761	-0.04614904
9.616629	0.15875690	-0.05511428	0.07959405	0.30353716	0.33263913	-0.06311896
9.633295	0.16306910	-0.04917028	0.07810421	0.39103281	0.39568853	-0.08290711
9.649961	0.16909434	-0.04221582	0.07604434	0.42290673	0.42828554	-0.10463230
9.666629	0.17802693	-0.03412184	0.07413021	0.54676330	0.47971189	-0.11426121
9.683295	0.19001850	-0.02516760	0.07220729	0.67061985	0.53113824	-0.12389012
9.699962						
