Time	thumb tip right X	thumb tip right Y	thumb tip right Z	thumb tip right v(X)	thumb tip right v(Y)	thumb tip right v(Z)
0.00000000	0.00000000	0.00000000	0.00000000	0.00000000	0.00000000	0.00000000
0.01666660	0.01666660	0.01666660	0.01666660	0.01666660	0.01666660	0.01666660
0.000000	0.08672702	-0.02536464	0.11627324	-0.00405172	0.02659791	0.03293311
0.016667	0.08664364	-0.02493573	0.11682572	-0.00451932	0.02101955	0.02756249
0.033333	0.08658617	-0.02453511	0.11730953	-0.00498692	0.01544118	0.02219187
0.050000	0.08651693	-0.02430320	0.11763962	-0.00545213	0.01286478	0.01938533
0.066666	0.08640812	-0.02418125	0.11791182	-0.00521178	0.00918793	0.01427101
0.083333	0.08627735	-0.02413584	0.11807485	-0.00484893	0.00697527	0.01081475
0.100000	0.08620029	-0.02403157	0.11821739	-0.00405675	0.00585084	0.00878241
0.116666	0.08616686	-0.02387504	0.11833125	-0.00263904	0.00579489	0.00855490
0.133333	0.08613964	-0.02377033	0.11846059	-0.00095994	0.00667240	0.01049739
0.149999	0.08612433	-0.02371014	0.11860393	-0.00016835	0.00729068	0.01319969
0.166666	0.08612604	-0.02361884	0.11886219	-0.00032686	0.00676281	0.01453417
0.183333	0.08617079	-0.02344243	0.11919807	-0.00076033	0.00567952	0.01387330
0.199999	0.08614479	-0.02327556	0.11951821	-0.00122805	0.00472759	0.01233903
0.216666	0.08609840	-0.02325759	0.11964700	-0.00149344	0.00342285	0.00998639
0.233332	0.08603764	-0.02327644	0.11970284	-0.00154805	0.00177320	0.00756196
0.249999	0.08601297	-0.02327270	0.11979925	-0.00107170	0.00096924	0.00601879
0.266666	0.08604158	-0.02322377	0.11992398	-0.00044253	0.00133511	0.00562894
0.283332	0.08602861	-0.02317850	0.12007382	0.00051536	0.00140123	0.00427021
0.299999	0.08604160	-0.02316690	0.12011854	0.00120625	0.00059658	0.00136048
0.316665	0.08602753	-0.02315004	0.12014783	0.00159644	-0.00057457	-0.00172821
0.333332	0.08610335	-0.02318529	0.12003050	0.00197348	-0.00076536	-0.00318029
0.349999	0.08614502	-0.02321913	0.11991597	0.00203532	-0.00024811	-0.00332010
0.366665	0.08618896	-0.02325710	0.11983140	0.00147481	0.00059055	-0.00347977
0.383332	0.08620127	-0.02319743	0.11986284	0.00021156	0.00095505	-0.00492627
0.399998	0.08619120	-0.02315326	0.11984933	-0.00026841	0.00069822	-0.00902008
0.416665	0.08617116	-0.02309477	0.11971353	0.00040349	-0.00052482	-0.01610703
0.433332	0.08613064	-0.02316804	0.11934301	0.00204873	-0.00289756	-0.02457230
0.449998	0.08618800	-0.02321767	0.11882631	0.00398537	-0.00561182	-0.03045821
0.466665	0.08629441	-0.02335256	0.11815364	0.00546733	-0.00758538	-0.03115562
0.483331	0.08644720	-0.02348950	0.11752956	0.00594778	-0.00857446	-0.02746243
0.499998	0.08656766	-0.02367613	0.11708796	0.00528774	-0.00847933	-0.02116670
0.516665	0.08661954	-0.02382427	0.11689278	0.00424133	-0.00671073	-0.01406981
0.533331	0.08666213	-0.02395935	0.11677085	0.00366004	-0.00393878	-0.00866562
0.549998	0.08669131	-0.02398210	0.11670159	0.00392282	-0.00123141	-0.00636848
0.566664	0.08676822	-0.02395246	0.11659414	0.00484454	0.00029303	-0.00656607
0.583331	0.08687778	-0.02387131	0.11650090	0.00599633	0.00073385	-0.00771745
0.599998	0.08698034	-0.02386293	0.11635295	0.00670372	0.00001353	-0.00934325
0.616664	0.08711425	-0.02390177	0.11618675	0.00645614	-0.00136898	-0.01055159
0.633331	0.08722696	-0.02394748	0.11598700	0.00534876	-0.00269439	-0.01123172
0.649997	0.08732572	-0.02400231	0.11576018	0.00389429	-0.00346375	-0.01208400
0.666664	0.08737425	-0.02404907	0.11558799	0.00284878	-0.00414477	-0.01334166
0.683331	0.08736654	-0.02412189	0.11539108	0.00245602	-0.00415547	-0.01342865
0.699997	0.08738668	-0.02421455	0.11512911	0.00282035	-0.00338999	-0.01270620
0.716664	0.08744664	-0.02430809	0.11484748	0.00393329	-0.00148614	-0.01159553
0.733330	0.08753552	-0.02431228	0.11468368	0.00488574	0.00124189	-0.00914331
0.749997	0.08765224	-0.02427491	0.11456199	0.00520336	0.00437233	-0.00487095
0.766664	0.08774100	-0.02412197	0.11451942	0.00494683	0.00639411	-0.00118293
0.783330	0.08781096	-0.02399983	0.11451744	0.00440570	0.00671803	0.00017613
0.799997	0.08787467	-0.02382157	0.11463336	0.00375038	0.00583058	0.00031538
0.816663	0.08792383	-0.02377584	0.11464608	0.00333515	0.00492325	0.00003200
0.833330	0.08799537	-0.02372304	0.11459455	0.00291665	0.00350694	-0.00163593
0.849997	0.08802757	-0.02370827	0.11452189	0.00226621	0.00090368	-0.00476172
0.866663	0.08808008	-0.02360785	0.11448508	0.00135072	-0.00215882	-0.00745545
0.883330	0.08808606	-0.02365700	0.11435966	0.00049915	-0.00450129	-0.00831648
0.899996	0.08808403	-0.02380061	0.11413698	-0.00013255	-0.00552888	-0.00663078
0.916663	0.08806120	-0.02404008	0.11390931	-0.00127882	-0.00515105	-0.00173253
0.933330	0.08804810	-0.02410672	0.11389097	-0.00296307	-0.00252696	0.00666375
0.949996	0.08802543	-0.02409031	0.11409761	-0.00501322	0.00123049	0.01648414
0.966663	0.08791389	-0.02397741	0.11454674	-0.00650040	0.00498461	0.02504303
0.983329	0.08775450	-0.02387104	0.11509722	-0.00779922	0.00678301	0.03022515
0.999996	0.08756687	-0.02376656	0.11566402	-0.00857386	0.00721298	0.03215669
1.016663	0.08746629	-0.02359521	0.11622453	-0.00837717	0.00652308	0.03084109
1.033329	0.08732221	-0.02350924	0.11671240	-0.00753126	0.00541248	0.02754248
1.049996	0.08721217	-0.02338591	0.11720566	-0.00713441	0.00433696	0.02322474
1.066662	0.08707541	-0.02338756	0.11752307	-0.00728953	0.00420018	0.01931183
1.083329	0.08698176	-0.02334582	0.11780122	-0.00714283	0.00530946	0.01601501
1.099996	0.08685029	-0.02326969	0.11796502	-0.00706273	0.00643783	0.01333562
1.116662	0.08672789	-0.02310585	0.11820629	-0.00735092	0.00621014	0.01103756
1.133329	0.08661432	-0.02290437	0.11839724	-0.00742997	0.00480934	0.00920277
1.149995	0.08648907	-0.02282806	0.11856580	-0.00644075	0.00309439	0.00809006
1.166662	0.08634946	-0.02289980	0.11861170	-0.00529239	0.00199542	0.00798895
1.183329	0.08626818	-0.02292262	0.11870847	-0.00413688	0.00164752	0.00915818
1.199995	0.08624306	-0.02292301	0.11883863	-0.00265078	0.00184076	0.01055394
1.216662	0.08621893	-0.02273538	0.11912718	-0.00107646	0.00249900	0.01163927
1.233328	0.08620210	-0.02270770	0.11936950	-0.00053462	0.00220031	0.01141333
1.249995	0.08619430	-0.02270468	0.11955711	-0.00093285	0.00056966	0.00944495
1.266662	0.08621953	-0.02272402	0.11966882	-0.00123241	-0.00139438	0.00623456
1.283328	0.08618010	-0.02278641	0.11973616	-0.00088528	-0.00203850	0.00349024
1.299995	0.08612740	-0.02278446	0.11977362	-0.00048541	-0.00237954	0.00191075
1.316661	0.08610220	-0.02286328	0.11977191	-0.00006478	-0.00270450	0.00191391
1.333328	0.08614956	-0.02287945	0.11976648	0.00025340	-0.00481002	0.00163664
1.349995	0.08618382	-0.02294884	0.11981453	0.00026092	-0.00651316	0.00152372
1.366661	0.08620188	-0.02304840	0.11990896	-0.00034932	-0.00572250	0.00253608
1.383328	0.08613911	-0.02331282	0.11988020	-0.00124652	-0.00303163	0.00412756
1.399994	0.08611926	-0.02336089	0.11994508	-0.00148737	0.00023887	0.00455422
1.416661	0.08606843	-0.02328621	0.12002778	-0.00084360	0.00387186	0.00352134
1.433328	0.08607290	-0.02302866	0.12021325	0.00027262	0.00562557	0.00056375
1.449994	0.08608680	-0.02292522	0.12022884	0.00102807	0.00340936	-0.00452498
1.466661	0.08612552	-0.02284139	0.12009521	0.00211281	-0.00076108	-0.01067650
1.483328	0.08617309	-0.02299065	0.11976910	0.00332059	-0.00552480	-0.01798898
1.499994	0.08619250	-0.02314309	0.11941740	0.00436338	-0.00952728	-0.02426336
1.516661	0.08630384	-0.02331583	0.11901911	0.00518078	-0.01320013	-0.02859514
1.533327	0.08640560	-0.02354281	0.11845005	0.00623523	-0.01345843	-0.02953679
1.549994	0.08652905	-0.02379298	0.11788423	0.00651858	-0.01220005	-0.02873805
1.566661	0.08663481	-0.02416046	0.11729795	0.00535755	-0.01142802	-0.02701901
1.583327	0.08674990	-0.02417533	0.11701630	0.00385372	-0.01023408	-0.02367797
1.599994	0.08679899	-0.02432018	0.11666115	0.00270271	-0.00698487	-0.01919635
1.616660	0.08679313	-0.02442911	0.11634570	0.00244935	-0.00372035	-0.01580289
1.633327	0.08679282	-0.02456739	0.11606813	0.00327816	-0.00162837	-0.01404686
1.649993	0.08684498	-0.02454708	0.11589053	0.00545873	0.00123155	-0.01212833
1.666660	0.08697748	-0.02443134	0.11575247	0.00783193	0.00365687	-0.01051594
1.683327	0.08715015	-0.02432386	0.11558159	0.00900604	0.00483284	-0.00929851
1.699993	0.08735611	-0.02423196	0.11539583	0.00861447	0.00396494	-0.00870522
1.716660	0.08750588	-0.02418861	0.11525430	0.00747378	0.00274946	-0.00813115
1.733326	0.08759402	-0.02416875	0.11514013	0.00622230	0.00179016	-0.00716853
1.749993	0.08764321	-0.02416154	0.11505073	0.00531415	0.00110767	-0.00631096
1.766660	0.08772622	-0.02413069	0.11493579	0.00509234	0.00085228	-0.00565658
1.783326	0.08782577	-0.02411896	0.11484502	0.00516048	0.00119426	-0.00510460
1.799993	0.08793826	-0.02410529	0.11474854	0.00508512	0.00178465	-0.00426208
1.816659	0.08801810	-0.02409526	0.11470114	0.00471873	0.00232433	-0.00333996
1.833326	0.08807630	-0.02402920	0.11464497	0.00420024	0.00234955	-0.00277222
1.849993	0.08813375	-0.02396737	0.11463264	0.00375276	0.00183441	-0.00250352
1.866659	0.08820088	-0.02390742	0.11458336	0.00347221	0.00131612	-0.00233796
1.883326	0.08826472	-0.02393802	0.11454044	0.00328076	0.00144898	-0.00227348
1.899992	0.08832122	-0.02395654	0.11448849	0.00343823	0.00215009	-0.00235272
1.916659	0.08835521	-0.02393324	0.11446504	0.00350615	0.00280199	-0.00248523
1.933326	0.08840912	-0.02380796	0.11443010	0.00340672	0.00360466	-0.00259326
1.949992	0.08849705	-0.02370754	0.11439224	0.00307993	0.00409808	-0.00287094
1.966659	0.08854830	-0.02366900	0.11431729	0.00217684	0.00316705	-0.00329533
1.983325	0.08859809	-0.02363554	0.11427592	0.00032552	0.00037122	-0.00259836
1.999992	0.08857564	-0.02360763	0.11419951	-0.00246787	-0.00227082	0.00037406
2.016659	0.08852663	-0.02364879	0.11417744	-0.00595371	-0.00335659	0.00635418
2.033325	0.08840880	-0.02380211	0.11427283	-0.00966255	-0.00231865	0.01464946
2.049992	0.08820707	-0.02391358	0.11457664	-0.01283695	-0.00032546	0.02306780
2.066658	0.08794200	-0.02389795	0.11513372	-0.01464268	0.00139197	0.02868157
2.083325	0.08763648	-0.02370543	0.11578453	-0.01417806	0.00341629	0.03122111
2.099992	0.08736395	-0.02360708	0.11636823	-0.01192966	0.00516818	0.03022273
2.116658	0.08718883	-0.02360696	0.11677770	-0.00926722	0.00488797	0.02559113
2.133325	0.08711023	-0.02354976	0.11717975	-0.00652029	0.00492224	0.02040733
2.149992	0.08706513	-0.02344314	0.11747801	-0.00444842	0.00728098	0.01746196
2.166658	0.08697017	-0.02333831	0.11768891	-0.00360170	0.00937079	0.01614749
2.183325	0.08692582	-0.02310535	0.11791468	-0.00368191	0.00900921	0.01457123
2.199991	0.08685490	-0.02290204	0.11818177	-0.00374788	0.00656418	0.01329714
2.216658	0.08682045	-0.02275128	0.11846755	-0.00358736	0.00411154	0.01304263
2.233325	0.08673915	-0.02279184	0.11862767	-0.00358274	0.00093602	0.01202279
2.249991	0.08667570	-0.02290401	0.11877581	-0.00334622	-0.00193572	0.01000684
2.266658	0.08662032	-0.02286882	0.11898568	-0.00292693	-0.00178184	0.00908874
2.283324	0.08656853	-0.02296896	0.11909468	-0.00224617	0.00102327	0.00902839
2.299991	0.08655453	-0.02293431	0.11924500	-0.00120190	0.00330225	0.00759616
2.316658	0.08652471	-0.02284239	0.11938207	0.00047390	0.00438210	0.00547869
2.333324	0.08652608	-0.02269021	0.11949707	0.00211515	0.00301319	0.00249752
2.349991	0.08658393	-0.02256622	0.11950981	0.00309033	-0.00153160	-0.00093364
2.366657	0.08668287	-0.02260594	0.11946196	0.00317269	-0.00643613	-0.00351062
2.383324	0.08677577	-0.02287081	0.11928473	0.00234985	-0.00958314	-0.00402311
2.399991	0.08679499	-0.02317248	0.11920965	0.00133381	-0.00962230	-0.00321457
2.416657	0.08676202	-0.02338778	0.11913454	0.00060484	-0.00712292	-0.00240476
2.433324	0.08673360	-0.02338723	0.11923600	0.00036266	-0.00373082	-0.00192256
2.449990	0.08676228	-0.02332278	0.11920324	0.00046078	-0.00089315	-0.00191205
2.466657	0.08680949	-0.02331596	0.11913435	0.00119273	0.00044123	-0.00301947
2.483324	0.08683216	-0.02336260	0.11902468	0.00196551	-0.00050971	-0.00647574
2.499990	0.08681622	-0.02338697	0.11896832	0.00198671	-0.00370655	-0.01175978
2.516657	0.08687878	-0.02337411	0.11884014	0.00164826	-0.00725865	-0.01743081
2.533323	0.08692803	-0.02347637	0.11847314	0.00166950	-0.00935982	-0.02172240
2.549990	0.08696614	-0.02379022	0.11789475	0.00188422	-0.00995499	-0.02430966
2.566657	0.08695728	-0.02406415	0.11739263	0.00215986	-0.00946111	-0.02469389
2.583323	0.08697469	-0.02420553	0.11702710	0.00288380	-0.00688171	-0.02262821
2.599990	0.08703761	-0.02418086	0.11678894	0.00388102	-0.00360217	-0.02012935
2.616656	0.08713971	-0.02419700	0.11646836	0.00458961	-0.00259008	-0.02013147
2.633323	0.08724120	-0.02420230	0.11613788	0.00457181	-0.00391565	-0.02150932
2.649990	0.08732164	-0.02430477	0.11573986	0.00415953	-0.00503549	-0.02142728
2.666656	0.08735789	-0.02445162	0.11529340	0.00374255	-0.00466841	-0.01883168
2.683323	0.08740583	-0.02458568	0.11497196	0.00342035	-0.00335643	-0.01491761
2.699989	0.08746353	-0.02459706	0.11477528	0.00315749	-0.00149269	-0.01064957
2.716656	0.08754311	-0.02455481	0.11472826	0.00282617	-0.00046688	-0.00818781
2.733323	0.08759103	-0.02449952	0.11466942	0.00224699	-0.00078734	-0.00846438
2.749989	0.08761263	-0.02452593	0.11454348	0.00118442	-0.00239343	-0.01047228
2.766656	0.08761523	-0.02462391	0.11428884	-0.00017591	-0.00456987	-0.01255938
2.783322	0.08761694	-0.02472314	0.11400246	-0.00101962	-0.00672330	-0.01389669
2.799989	0.08758100	-0.02484336	0.11375082	-0.00095897	-0.00763081	-0.01397112
2.816655	0.08753652	-0.02497031	0.11357275	-0.00047375	-0.00720839	-0.01276196
2.833322	0.08751908	-0.02514534	0.11335680	-0.00003621	-0.00649504	-0.01125884
2.849989	0.08756064	-0.02524347	0.11317898	0.00054054	-0.00570249	-0.01024932
2.866655	0.08759332	-0.02529432	0.11299425	0.00084669	-0.00457546	-0.00933856
2.883322	0.08760070	-0.02535086	0.11287308	0.00055604	-0.00365267	-0.00806167
2.899988	0.08759966	-0.02540653	0.11273992	-0.00029035	-0.00365872	-0.00690515
2.916655	0.08758211	-0.02547771	0.11264026	-0.00085339	-0.00396866	-0.00627639
2.933322	0.08757778	-0.02554068	0.11254925	-0.00043668	-0.00322773	-0.00475658
2.949988	0.08753528	-0.02561252	0.11246479	0.00126683	-0.00074658	-0.00101690
2.966655	0.08754168	-0.02566772	0.11238042	0.00320961	0.00243470	0.00329973
2.983321	0.08761661	-0.02558608	0.11249071	0.00418043	0.00419504	0.00564794
2.999988	0.08778216	-0.02540667	0.11273304	0.00387015	0.00494149	0.00704191
3.016655	0.08788872	-0.02523693	0.11296414	0.00177548	0.00510489	0.00913527
3.033321	0.08788550	-0.02524424	0.11296801	-0.00209314	0.00480021	0.01257622
3.049988	0.08778913	-0.02522961	0.11306662	-0.00702507	0.00402345	0.01697003
3.066654	0.08761911	-0.02518652	0.11336034	-0.01097099	0.00370072	0.02207742
3.083321	0.08740596	-0.02501613	0.11398565	-0.01263098	0.00488239	0.02714932
3.099988	0.08711864	-0.02494463	0.11455730	-0.01241018	0.00585533	0.02996799
3.116654	0.08688413	-0.02488737	0.11504865	-0.01102374	0.00530385	0.02946713
3.133321	0.08673607	-0.02477667	0.11545337	-0.00808641	0.00587521	0.02835375
3.149987	0.08663943	-0.02469251	0.11588953	-0.00395694	0.00889387	0.02870873
3.166654	0.08658851	-0.02459958	0.11634865	-0.00071254	0.01182537	0.02929021
3.183321	0.08661554	-0.02432752	0.11694901	0.00044849	0.01338143	0.02932732
3.199987	0.08670640	-0.02402103	0.11744847	0.00032850	0.01427594	0.02852045
3.216654	0.08674462	-0.02370298	0.11792202	-0.00023671	0.01528131	0.02721228
3.233320	0.08667063	-0.02355473	0.11828710	-0.00162118	0.01318275	0.02375076
3.249987	0.08659598	-0.02336699	0.11868504	-0.00316979	0.00928234	0.01926132
3.266654	0.08654946	-0.02308448	0.11909742	-0.00295409	0.00655453	0.01542477
3.283320	0.08650170	-0.02311057	0.11923215	-0.00103485	0.00541916	0.01190954
3.299987	0.08646276	-0.02304373	0.11935926	0.00070859	0.00177665	0.00648263
3.316653	0.08650055	-0.02309206	0.11942392	0.00119776	-0.00303458	0.00158128
3.333320	0.08659140	-0.02297852	0.11949538	0.00099138	-0.00705644	-0.00106764
3.349987	0.08664341	-0.02320498	0.11938088	0.00066899	-0.00828418	-0.00119474
3.366653	0.08658853	-0.02347415	0.11926915	-0.00019014	-0.00685552	0.00078999
3.383320	0.08653489	-0.02378628	0.11921108	-0.00120897	-0.00303394	0.00420714
3.399987	0.08652766	-0.02365808	0.11942995	-0.00143987	0.00277437	0.00772259
3.416653	0.08653030	-0.02349066	0.11965802	-0.00016280	0.00694545	0.00915170
3.433320	0.08652361	-0.02315410	0.11991961	0.00160054	0.00740796	0.00786323
3.449986	0.08650408	-0.02310307	0.11996527	0.00303925	0.00366480	0.00417972
3.466653	0.08660603	-0.02309473	0.11996967	0.00420673	-0.00039618	0.00040371
3.483320	0.08671716	-0.02321604	0.11992240	0.00485199	-0.00206694	-0.00218959
3.499986	0.08683881	-0.02333462	0.11985593	0.00387566	-0.00243743	-0.00437161
3.516653	0.08689949	-0.02332389	0.11981361	0.00204411	-0.00343918	-0.00841703
3.533319	0.08689845	-0.02324516	0.11971271	0.00095822	-0.00405594	-0.01367481
3.549986	0.08683724	-0.02336695	0.11945172	0.00155301	-0.00419295	-0.01917277
3.566653	0.08684479	-0.02350893	0.11900614	0.00335948	-0.00516261	-0.02406007
3.583319	0.08691204	-0.02370906	0.11848608	0.00536828	-0.00704598	-0.02780437
3.599986	0.08711614	-0.02366699	0.11800392	0.00653683	-0.00821624	-0.02945725
3.616652	0.08724713	-0.02378209	0.11754487	0.00628381	-0.00876434	-0.02934717
3.633319	0.08736198	-0.02399023	0.11703876	0.00499858	-0.00979808	-0.02874684
3.649986	0.08737388	-0.02424145	0.11655503	0.00345109	-0.01127431	-0.02799474
3.666652	0.08740347	-0.02444643	0.11606278	0.00273512	-0.01123217	-0.02682037
3.683319	0.08745142	-0.02456868	0.11564282	0.00289028	-0.01011539	-0.02476277
3.699985	0.08750650	-0.02472511	0.11525221	0.00399863	-0.00868054	-0.02281824
3.716652	0.08758189	-0.02489154	0.11488103	0.00489457	-0.00826216	-0.02179941
3.733319	0.08765832	-0.02501785	0.11458369	0.00594186	-0.00624868	-0.01992137
3.749985	0.08778416	-0.02513200	0.11421432	0.00674295	-0.00148852	-0.01598975
3.766652	0.08788873	-0.02522061	0.11387986	0.00715724	0.00439458	-0.01135894
3.783318	0.08805325	-0.02504902	0.11374278	0.00673222	0.00883535	-0.00756412
3.799985	0.08814760	-0.02478820	0.11374395	0.00603481	0.01144924	-0.00419469
3.816652	0.08826551	-0.02442144	0.11381063	0.00524370	0.01228356	-0.00177436
3.833318	0.08829052	-0.02430434	0.11371222	0.00459889	0.01074155	-0.00137657
3.849985	0.08838576	-0.02419073	0.11365510	0.00475289	0.00782306	-0.00227463
3.866651	0.08843512	-0.02409190	0.11362229	0.00504019	0.00533655	-0.00228257
3.883318	0.08854990	-0.02399047	0.11360387	0.00481831	0.00359152	-0.00153144
3.899985	0.08865882	-0.02390891	0.11358810	0.00388210	0.00115102	-0.00189454
3.916651	0.08872504	-0.02391267	0.11356923	0.00315779	-0.00092368	-0.00287873
3.933318	0.08873811	-0.02399557	0.11351929	0.00226223	-0.00276664	-0.00440618
3.949984	0.08873177	-0.02408808	0.11342487	0.00143875	-0.00400683	-0.00566753
3.966651	0.08877640	-0.02414033	0.11330908	0.00085030	-0.00402259	-0.00558766
3.983318	0.08881094	-0.02420261	0.11315702	-0.00001498	-0.00272509	-0.00349083
3.999984	0.08881663	-0.02425471	0.11309166	-0.00230589	-0.00037515	0.00145514
4.016651	0.08877879	-0.02428916	0.11312144	-0.00536012	0.00220483	0.00898473
4.033318	0.08865536	-0.02422119	0.11331572	-0.00794209	0.00529540	0.01791149
4.049984	0.08844971	-0.02406007	0.11372835	-0.00978626	0.00826168	0.02608965
4.066650	0.08825437	-0.02390386	0.11427066	-0.01054623	0.01091473	0.03273332
4.083317	0.08806999	-0.02367327	0.11494655	-0.00955779	0.01267532	0.03631230
4.099984	0.08792504	-0.02350345	0.11557049	-0.00732179	0.01321247	0.03595683
4.116651	0.08779547	-0.02321158	0.11624011	-0.00552567	0.01284447	0.03281398
4.133317	0.08774711	-0.02298901	0.11675427	-0.00473382	0.01110593	0.02827175
4.149983	0.08772839	-0.02280023	0.11716177	-0.00440905	0.00795246	0.02348034
4.166650	0.08765145	-0.02267251	0.11748490	-0.00412186	0.00444469	0.01961936
4.183317	0.08754149	-0.02268814	0.11773717	-0.00438286	0.00257719	0.01827631
4.199984	0.08744033	-0.02270854	0.11801292	-0.00442726	0.00201550	0.01844455
4.216650	0.08740387	-0.02271375	0.11831210	-0.00404542	0.00190006	0.01890525
4.233316	0.08734538	-0.02261207	0.11869020	-0.00361083	0.00272684	0.01887039
4.249983	0.08730597	-0.02250875	0.11903994	-0.00406900	0.00289187	0.01725692
4.266650	0.08721261	-0.02251547	0.11931908	-0.00475796	0.00186575	0.01449371
4.283317	0.08714800	-0.02244175	0.11953772	-0.00517035	-0.00042357	0.01121041
4.299983	0.08701155	-0.02252802	0.11963372	-0.00525693	0.00015729	0.01035437
4.316649	0.08695082	-0.02250895	0.11977637	-0.00474839	0.00264632	0.01082864
4.333316	0.08684824	-0.02261947	0.11987615	-0.00372259	0.00497332	0.01136579
4.349983	0.08680935	-0.02233096	0.12024358	-0.00267700	0.00621291	0.01138416
4.366649	0.08677253	-0.02218562	0.12042221	-0.00242134	0.00720528	0.01127117
4.383316	0.08676652	-0.02197914	0.12063248	-0.00221682	0.00788690	0.01063984
4.399982	0.08673300	-0.02203178	0.12066907	-0.00157197	0.00766955	0.00914514
4.416649	0.08666062	-0.02190615	0.12084760	-0.00050724	0.00703060	0.00676620
4.433316	0.08663778	-0.02175158	0.12102266	0.00069369	0.00559108	0.00354433
4.449982	0.08669280	-0.02150073	0.12114328	0.00229505	0.00398094	0.00007518
4.466649	0.08676693	-0.02151216	0.12101718	0.00381106	0.00042498	-0.00448158
4.483315	0.08685663	-0.02157865	0.12086428	0.00411099	-0.00413916	-0.00870209
4.499982	0.08691503	-0.02174126	0.12064126	0.00308675	-0.00920543	-0.01324722
4.516649	0.08698864	-0.02187331	0.12048537	0.00181486	-0.01199772	-0.01736886
4.533315	0.08699486	-0.02207668	0.12022463	0.00107035	-0.01416372	-0.02225941
4.549982	0.08697183	-0.02242160	0.11973406	0.00141074	-0.01639899	-0.02747316
4.566648	0.08696762	-0.02264935	0.11923672	0.00247316	-0.01849037	-0.03188261
4.583315	0.08700918	-0.02302875	0.11855393	0.00409024	-0.01783021	-0.03195038
4.599982	0.08714946	-0.02330760	0.11802319	0.00499977	-0.01550070	-0.02840799
4.616648	0.08725815	-0.02365959	0.11747895	0.00461282	-0.01240435	-0.02317561
4.633315	0.08737312	-0.02376419	0.11724923	0.00363661	-0.00755110	-0.01740295
4.649981	0.08736845	-0.02386335	0.11703565	0.00278925	-0.00227736	-0.01266186
4.666648	0.08736106	-0.02384123	0.11690620	0.00192837	0.00090877	-0.01069103
4.683315	0.08740448	-0.02374596	0.11674207	0.00144970	0.00177515	-0.01126391
4.699981	0.08746920	-0.02365041	0.11658093	0.00201867	0.00224275	-0.01141791
4.716648	0.08749446	-0.02367870	0.11630420	0.00253004	0.00182859	-0.01096223
4.733315	0.08751192	-0.02367107	0.11610621	0.00245486	0.00105638	-0.01033351
4.749981	0.08755416	-0.02368112	0.11594667	0.00218877	0.00164144	-0.00904761
4.766648	0.08762024	-0.02360743	0.11588207	0.00225575	0.00390118	-0.00666036
4.783314	0.08765768	-0.02358082	0.11573603	0.00197311	0.00526560	-0.00540557
4.799981	0.08767614	-0.02343834	0.11566305	0.00122913	0.00459898	-0.00589138
4.816648	0.08769843	-0.02328129	0.11561136	0.00093628	0.00324051	-0.00658239
4.833314	0.08768715	-0.02324088	0.11550001	0.00115946	0.00137965	-0.00693629
4.849981	0.08770186	-0.02330328	0.11533806	0.00130073	-0.00078661	-0.00793669
4.866647	0.08774408	-0.02335885	0.11518734	0.00154522	-0.00222289	-0.00893425
4.883314	0.08778295	-0.02343621	0.11504290	0.00169095	-0.00233909	-0.00898026
4.899981	0.08781000	-0.02339642	0.11490972	0.00095867	-0.00271841	-0.00877574
4.916647	0.08782866	-0.02346730	0.11473303	-0.00046805	-0.00481716	-0.01017284
4.933314	0.08782124	-0.02347333	0.11461178	-0.00175480	-0.00739954	-0.01228893
4.949980	0.08776772	-0.02367989	0.11441625	-0.00239332	-0.00873221	-0.01279441
4.966647	0.08768419	-0.02392899	0.11410394	-0.00225459	-0.00798054	-0.01125705
4.983314	0.08763268	-0.02410602	0.11383835	-0.00165158	-0.00669195	-0.00932939
4.999980	0.08762695	-0.02416344	0.11372106	-0.00074141	-0.00487208	-0.00730815
5.016647	0.08766029	-0.02408854	0.11376203	0.00007462	-0.00387043	-0.00589194
5.033313	0.08766103	-0.02416921	0.11371258	0.00003960	-0.00467589	-0.00640186
5.049980	0.08766381	-0.02427270	0.11357144	-0.00056111	-0.00637349	-0.00828206
5.066647	0.08764561	-0.02445005	0.11334280	-0.00102319	-0.00653689	-0.00869211
5.083313	0.08760657	-0.02461777	0.11312018	-0.00105583	-0.00353824	-0.00538914
5.099980	0.08758891	-0.02465740	0.11302139	-0.00234508	0.00087402	0.00189115
5.116646	0.08756720	-0.02461404	0.11309956	-0.00534671	0.00550063	0.01141095
5.133313	0.08755110	-0.02437733	0.11338883	-0.00858891	0.01053423	0.02175571
5.149980	0.08732709	-0.02418919	0.11390275	-0.01090289	0.01531393	0.03092398
5.166646	0.08702677	-0.02395342	0.11448316	-0.01197101	0.01795812	0.03744479
5.183313	0.08676010	-0.02357695	0.11525359	-0.01105175	0.01810836	0.04019511
5.199979	0.08661434	-0.02319545	0.11595014	-0.00769693	0.01833705	0.04004603
5.216646	0.08656212	-0.02286223	0.11668151	-0.00338038	0.01922286	0.03805075
5.233313	0.08653420	-0.02269184	0.11722876	-0.00109617	0.01628557	0.03150383
5.249979	0.08655842	-0.02239311	0.11776845	-0.00146561	0.00909303	0.02049067
5.266646	0.08661732	-0.02202540	0.11819393	-0.00281804	0.00228764	0.00958555
5.283312	0.08650965	-0.02213253	0.11815295	-0.00389011	-0.00184301	0.00285548
5.299979	0.08639435	-0.02240672	0.11789476	-0.00488879	-0.00580637	-0.00119325
5.316646	0.08623535	-0.02270746	0.11771017	-0.00478135	-0.00722740	-0.00191853
5.333312	0.08621445	-0.02266447	0.11784285	-0.00290037	-0.00206064	0.00262552
5.349979	0.08617539	-0.02264681	0.11801586	-0.00089355	0.00597398	0.00915997
5.366645	0.08619580	-0.02255999	0.11813930	-0.00006218	0.01157676	0.01342786
5.383312	0.08622916	-0.02225004	0.11839726	-0.00031617	0.01359168	0.01465572
5.399979	0.08622441	-0.02192084	0.11868453	-0.00035938	0.01469703	0.01552327
5.416645	0.08618890	-0.02160774	0.11903430	-0.00107423	0.01306463	0.01503954
5.433312	0.08614750	-0.02147671	0.11924598	-0.00215721	0.00879393	0.01276148
5.449978	0.08614863	-0.02135044	0.11946012	-0.00279215	0.00470397	0.01010355
5.466645	0.08608890	-0.02134618	0.11953939	-0.00298192	0.00114837	0.00736333
5.483312	0.08601487	-0.02136170	0.11965571	-0.00298837	-0.00189134	0.00524553
5.499978	0.08594459	-0.02137014	0.11974555	-0.00204206	-0.00399968	0.00391656
5.516645	0.08590295	-0.02150729	0.11977748	-0.00041221	-0.00447124	0.00384805
5.533311	0.08591799	-0.02160884	0.11982489	0.00073299	-0.00465319	0.00371476
5.549978	0.08599518	-0.02171545	0.11985680	0.00164558	-0.00458286	0.00377593
5.566645	0.08603097	-0.02172516	0.11998285	0.00239001	-0.00251838	0.00479808
5.583311	0.08604394	-0.02176960	0.12004460	0.00258894	0.00069976	0.00601126
5.599978	0.08607209	-0.02182531	0.12012859	0.00309346	0.00252930	0.00502827
5.616644	0.08613595	-0.02168478	0.12027303	0.00434225	0.00223151	0.00089221
5.633311	0.08621543	-0.02155520	0.12035479	0.00495883	0.00036854	-0.00550161
5.649978	0.08634064	-0.02151672	0.12024347	0.00402795	-0.00031568	-0.01079318
5.666644	0.08644196	-0.02164218	0.11987874	0.00218228	0.00059462	-0.01338767
5.683311	0.08646344	-0.02186602	0.11940233	0.00077889	0.00333441	-0.01299774
5.699977	0.08639324	-0.02165476	0.11926926	-0.00031293	0.00630653	-0.01093187
5.716644	0.08632972	-0.02144172	0.11920358	-0.00009544	0.00882190	-0.00892304
5.733311	0.08636794	-0.02106608	0.11927259	0.00206833	0.00896403	-0.00905517
5.749977	0.08639698	-0.02105775	0.11902540	0.00457292	0.00613519	-0.01182322
5.766644	0.08653843	-0.02104057	0.11871578	0.00568362	0.00257825	-0.01513130
5.783310	0.08667184	-0.02105814	0.11838340	0.00558941	0.00051318	-0.01670215
5.799977	0.08678163	-0.02103568	0.11810496	0.00530841	0.00045208	-0.01572001
5.816644	0.08683316	-0.02100819	0.11789112	0.00469865	-0.00020302	-0.01481550
5.833310	0.08685470	-0.02098517	0.11768197	0.00424867	-0.00136244	-0.01485026
5.849977	0.08695803	-0.02104643	0.11744214	0.00431178	-0.00360375	-0.01602529
5.866643	0.08703931	-0.02110101	0.11716544	0.00494590	-0.00653471	-0.01673921
5.883310	0.08713485	-0.02124634	0.11682274	0.00476869	-0.00896676	-0.01584678
5.899977	0.08720980	-0.02141457	0.11651362	0.00356076	-0.01084616	-0.01422914
5.916643	0.08728418	-0.02165784	0.11630693	0.00313462	-0.01252858	-0.01273555
5.933310	0.08730176	-0.02185442	0.11619565	0.00404631	-0.01361538	-0.01145963
5.949976	0.08730654	-0.02209261	0.11603957	0.00531690	-0.01322505	-0.01042020
5.966643	0.08742150	-0.02232479	0.11582042	0.00654283	-0.01156952	-0.01009457
5.983310	0.08760885	-0.02256831	0.11559829	0.00747348	-0.00976359	-0.01007911
5.999976	0.08777061	-0.02267628	0.11546901	0.00762235	-0.00766369	-0.00913195
6.016643	0.08789673	-0.02275631	0.11534519	0.00602389	-0.00573430	-0.00745162
6.033309	0.08793458	-0.02281163	0.11523079	0.00389864	-0.00491841	-0.00651873
6.049976	0.08802268	-0.02288917	0.11512297	0.00210081	-0.00516640	-0.00664844
6.066643	0.08799618	-0.02298670	0.11503719	0.00041727	-0.00510632	-0.00670361
6.083309	0.08803851	-0.02310243	0.11491953	-0.00071843	-0.00408752	-0.00619082
6.099976	0.08798360	-0.02318526	0.11478699	-0.00171245	-0.00299183	-0.00490738
6.116642	0.08792974	-0.02321252	0.11468632	-0.00287493	-0.00210536	-0.00256893
6.133309	0.08791173	-0.02316558	0.11465728	-0.00454923	-0.00069244	0.00138805
6.149976	0.08781728	-0.02321132	0.11471486	-0.00614336	0.00117619	0.00659141
6.166642	0.08772670	-0.02321688	0.11485535	-0.00874664	0.00235732	0.01236567
6.183309	0.08753459	-0.02317704	0.11511585	-0.01181902	0.00317465	0.01858108
6.199975	0.08733244	-0.02303912	0.11547311	-0.01366286	0.00396760	0.02393520
6.216642	0.08704258	-0.02295591	0.11593970	-0.01339080	0.00421325	0.02684455
6.233309	0.08674768	-0.02289541	0.11650460	-0.01173087	0.00349737	0.02722453
6.249975	0.08657173	-0.02288598	0.11699253	-0.00987567	0.00301750	0.02601440
6.266642	0.08649436	-0.02282659	0.11738668	-0.00792458	0.00448598	0.02379814
6.283309	0.08642637	-0.02279876	0.11769477	-0.00638461	0.00700842	0.02121774
6.299975	0.08630445	-0.02264855	0.11802600	-0.00564428	0.00899272	0.01938172
6.316642	0.08615418	-0.02242937	0.11837547	-0.00564589	0.00847539	0.01749947
6.333308	0.08608086	-0.02219851	0.11867285	-0.00563143	0.00874940	0.01669045
6.349975	0.08602630	-0.02206771	0.11894097	-0.00544088	0.00978764	0.01713700
6.366642	0.08595166	-0.02213300	0.11908414	-0.00601153	0.01080584	0.01896575
6.383308	0.08584189	-0.02183901	0.11945187	-0.00729683	0.01008717	0.02030232
6.399975	0.08569263	-0.02161060	0.11983752	-0.00716551	0.00956105	0.02065868
6.416641	0.08552775	-0.02125358	0.12036172	-0.00476228	0.00755132	0.01842249
6.433308	0.08539801	-0.02133714	0.12060568	-0.00146371	0.00234825	0.01288840
6.449975	0.08544043	-0.02131050	0.12079470	0.00146617	-0.00239706	0.00633283
6.466641	0.08558401	-0.02147349	0.12073100	0.00369275	-0.00456020	0.00080485
6.483308	0.08569957	-0.02157636	0.12067804	0.00487732	-0.00467397	-0.00296803
6.499974	0.08574610	-0.02162605	0.12060012	0.00468014	-0.00495713	-0.00530156
6.516641	0.08576685	-0.02167327	0.12054618	0.00429975	-0.00298561	-0.00533255
6.533308	0.08585131	-0.02174480	0.12040185	0.00422573	-0.00201282	-0.00527451
6.549974	0.08594625	-0.02182006	0.12029403	0.00505021	-0.00331042	-0.00667854
6.566641	0.08606233	-0.02174911	0.12023038	0.00696569	-0.00547120	-0.00975330
6.583307	0.08611091	-0.02184143	0.12013351	0.00967153	-0.00628165	-0.01338670
6.599974	0.08627196	-0.02203088	0.11985800	0.01264257	-0.00672462	-0.01791846
6.616641	0.08652782	-0.02227241	0.11944490	0.01490182	-0.00801737	-0.02273770
6.633307	0.08688749	-0.02232992	0.11899827	0.01596226	-0.00765491	-0.02588230
6.649974	0.08720962	-0.02237230	0.11853610	0.01426967	-0.00695179	-0.02717614
6.666640	0.08741147	-0.02252054	0.11807863	0.01078930	-0.00755265	-0.02721604
6.683307	0.08756400	-0.02261974	0.11764744	0.00662851	-0.00896144	-0.02571887
6.699974	0.08756608	-0.02287027	0.11716340	0.00321460	-0.00848281	-0.02281068
6.716640	0.08762930	-0.02300608	0.11678494	0.00067953	-0.00718353	-0.01965616
6.733307	0.08758898	-0.02314884	0.11649904	-0.00036270	-0.00419106	-0.01548576
6.749973	0.08759312	-0.02313010	0.11632656	0.00010416	0.00058246	-0.01072653
6.766640	0.08753480	-0.02316343	0.11614763	0.00138656	0.00534866	-0.00732801
6.783307	0.08757422	-0.02298290	0.11609310	0.00352291	0.00737609	-0.00690645
6.799973	0.08766298	-0.02279966	0.11603163	0.00558017	0.00617696	-0.00776883
6.816640	0.08780714	-0.02253111	0.11596016	0.00728293	0.00452273	-0.00802431
6.833306	0.08796146	-0.02259722	0.11567953	0.00730327	0.00106403	-0.00918832
6.849973	0.08808374	-0.02269175	0.11550576	0.00564231	-0.00393053	-0.01094625
6.866640	0.08819713	-0.02274568	0.11537815	0.00327480	-0.00772916	-0.01121168
6.883306	0.08821478	-0.02289299	0.11520490	0.00166301	-0.00713457	-0.00920534
6.899973	0.08817780	-0.02305959	0.11499859	0.00111726	-0.00524839	-0.00788863
6.916639	0.08815347	-0.02325657	0.11482295	0.00134104	-0.00445781	-0.00771473
6.933306	0.08819585	-0.02318408	0.11481722	0.00200019	-0.00314574	-0.00673576
6.949973	0.08829212	-0.02314444	0.11472896	0.00280046	0.00030719	-0.00416053
6.966639	0.08835515	-0.02322289	0.11458636	0.00274764	0.00305783	-0.00236132
6.983305	0.08837222	-0.02321013	0.11452804	0.00066307	0.00177503	-0.00202727
6.999972	0.08840186	-0.02307525	0.11458447	-0.00310005	-0.00039851	-0.00044599
7.016639	0.08835451	-0.02294583	0.11463332	-0.00777516	-0.00162658	0.00341424
7.033306	0.08819952	-0.02311466	0.11460388	-0.01253342	-0.00311636	0.00734708
7.049972	0.08790629	-0.02330307	0.11468929	-0.01642971	-0.00440249	0.01134322
7.066638	0.08752356	-0.02340271	0.11500300	-0.01811549	-0.00229682	0.01700058
7.083305	0.08718698	-0.02338761	0.11534092	-0.01625909	0.00358276	0.02310468
7.099972	0.08689159	-0.02328379	0.11580335	-0.01173471	0.00864160	0.02572457
7.116639	0.08673321	-0.02307189	0.11627089	-0.00674768	0.01188733	0.02549338
7.133305	0.08673173	-0.02276023	0.11679187	-0.00225943	0.01418341	0.02472779
7.149971	0.08675897	-0.02254832	0.11711545	0.00082247	0.01495141	0.02321059
7.166638	0.08681380	-0.02229136	0.11745455	0.00161347	0.01320047	0.02084543
7.183305	0.08684994	-0.02205938	0.11779010	0.00063397	0.01070826	0.01877464
7.199972	0.08685353	-0.02186501	0.11813319	-0.00125524	0.00871620	0.01800604
7.216638	0.08683289	-0.02178886	0.11841109	-0.00342870	0.00731728	0.01732222
7.233305	0.08673748	-0.02172539	0.11865389	-0.00566526	0.00647085	0.01628364
7.249971	0.08661703	-0.02164626	0.11892135	-0.00686153	0.00580331	0.01465300
7.266638	0.08647619	-0.02147062	0.11920176	-0.00636111	0.00577522	0.01317607
7.283305	0.08630998	-0.02136809	0.11942204	-0.00521338	0.00542972	0.01117033
7.299971	0.08627394	-0.02130503	0.11956452	-0.00399070	0.00483343	0.00896241
7.316638	0.08625553	-0.02125220	0.11968480	-0.00225105	0.00453728	0.00680546
7.333304	0.08623516	-0.02121923	0.11974672	-0.00132170	0.00543159	0.00530200
7.349971	0.08620179	-0.02108276	0.11987255	-0.00204411	0.00748762	0.00464471
7.366638	0.08618861	-0.02097060	0.11990207	-0.00323189	0.00878682	0.00442060
7.383304	0.08613642	-0.02077181	0.11998914	-0.00383051	0.00790412	0.00360233
7.399971	0.08603954	-0.02055661	0.12004434	-0.00349232	0.00568654	0.00219048
7.416637	0.08592615	-0.02050261	0.12011097	-0.00235093	0.00336169	0.00057977
7.433304	0.08589645	-0.02051729	0.12009386	-0.00040125	0.00061866	-0.00125651
7.449971	0.08593444	-0.02059568	0.12003927	0.00238967	-0.00082701	-0.00261792
7.466637	0.08602099	-0.02059219	0.11994411	0.00522068	-0.00059898	-0.00436177
7.483304	0.08610844	-0.02060192	0.11988815	0.00706433	-0.00028746	-0.00686600
7.499970	0.08625589	-0.02055605	0.11982133	0.00774256	-0.00139631	-0.01054418
7.516637	0.08641272	-0.02056121	0.11963592	0.00818278	-0.00371185	-0.01467860
7.533304	0.08656696	-0.02063290	0.11932439	0.00817153	-0.00671770	-0.01849506
7.549970	0.08666859	-0.02081931	0.11888985	0.00702146	-0.00991379	-0.02082207
7.566637	0.08681048	-0.02101212	0.11850624	0.00513723	-0.01203927	-0.02045241
7.583303	0.08688806	-0.02126825	0.11816170	0.00368455	-0.01231838	-0.01764752
7.599970	0.08693313	-0.02147323	0.11789426	0.00283965	-0.01038039	-0.01399843
7.616636	0.08691147	-0.02167846	0.11771944	0.00232653	-0.00753494	-0.01155262
7.633303	0.08695350	-0.02177097	0.11757574	0.00310165	-0.00390456	-0.00995811
7.649970	0.08701152	-0.02176238	0.11746219	0.00469128	-0.00083148	-0.00874873
7.666636	0.08710566	-0.02175584	0.11725774	0.00594074	0.00037708	-0.00859324
7.683303	0.08725224	-0.02165153	0.11712447	0.00578979	-0.00004188	-0.00910725
7.699969	0.08736572	-0.02168480	0.11700521	0.00537938	-0.00124589	-0.00969581
7.716636	0.08745795	-0.02174437	0.11684012	0.00490246	-0.00304365	-0.01020905
7.733303	0.08746263	-0.02181923	0.11667603	0.00510739	-0.00399001	-0.01170722
7.749969	0.08755068	-0.02191930	0.11642648	0.00629781	-0.00327605	-0.01310667
7.766636	0.08764122	-0.02197444	0.11623371	0.00742774	-0.00239784	-0.01380687
7.783302	0.08785032	-0.02198900	0.11594658	0.00730238	-0.00244332	-0.01328231
7.799969	0.08802058	-0.02198072	0.11573295	0.00565520	-0.00358805	-0.01201903
7.816636	0.08810663	-0.02200411	0.11551264	0.00310437	-0.00414431	-0.00973888
7.833302	0.08808500	-0.02216594	0.11539850	0.00001594	-0.00439741	-0.00688168
7.849969	0.08802438	-0.02231541	0.11528406	-0.00202675	-0.00415655	-0.00481689
7.866635	0.08797341	-0.02232934	0.11528591	-0.00247748	-0.00290781	-0.00400094
7.883302	0.08792549	-0.02235902	0.11522768	-0.00184950	-0.00171412	-0.00451637
7.899969	0.08790365	-0.02229627	0.11518229	-0.00146524	-0.00239737	-0.00600363
7.916636	0.08790226	-0.02236228	0.11502701	-0.00131444	-0.00461608	-0.00783275
7.933302	0.08789660	-0.02244880	0.11487730	-0.00084538	-0.00612949	-0.00867102
7.949968	0.08785239	-0.02263115	0.11468488	-0.00082545	-0.00610383	-0.00797402
7.966635	0.08783208	-0.02281163	0.11454821	-0.00170489	-0.00493522	-0.00542002
7.983302	0.08784456	-0.02282775	0.11445776	-0.00327626	-0.00394460	-0.00159953
7.999969	0.08780111	-0.02281966	0.11447087	-0.00559071	-0.00293315	0.00336242
8.016635	0.08769365	-0.02281433	0.11456626	-0.00926092	-0.00266108	0.00885043
8.033301	0.08748742	-0.02292482	0.11475942	-0.01310764	-0.00296354	0.01441473
8.049968	0.08723409	-0.02302413	0.11504877	-0.01510023	-0.00317770	0.01887165
8.066635	0.08689729	-0.02307229	0.11543214	-0.01464499	-0.00181889	0.02166239
8.083302	0.08660994	-0.02306423	0.11587031	-0.01266235	0.00066500	0.02260765
8.099968	0.08643026	-0.02306223	0.11626787	-0.00969481	0.00352928	0.02246247
8.116634	0.08635294	-0.02294990	0.11662073	-0.00636979	0.00801175	0.02274958
8.133301	0.08628523	-0.02287145	0.11692764	-0.00358445	0.01425447	0.02374994
8.149968	0.08623936	-0.02259627	0.11730433	-0.00225903	0.01908084	0.02418546
8.166635	0.08619164	-0.02216753	0.11780384	-0.00189827	0.02094288	0.02358346
8.183301	0.08621553	-0.02161749	0.11827930	-0.00226741	0.01992054	0.02185886
8.199967	0.08616400	-0.02129027	0.11861324	-0.00329850	0.01655652	0.01945109
8.216634	0.08613683	-0.02111840	0.11883631	-0.00508452	0.01091996	0.01613497
8.233301	0.08599108	-0.02109509	0.11901822	-0.00716834	0.00409537	0.01289730
8.249968	0.08587126	-0.02096803	0.11931065	-0.00857819	-0.00034251	0.01079295
8.266634	0.08568200	-0.02102220	0.11946419	-0.00886615	-0.00199184	0.01023692
8.283300	0.08551969	-0.02114770	0.11960641	-0.00809978	-0.00230065	0.00993133
8.299967	0.08538043	-0.02124824	0.11967901	-0.00666263	-0.00228588	0.00947531
8.316634	0.08529779	-0.02125889	0.11989145	-0.00457494	-0.00180316	0.00928268
8.333301	0.08523408	-0.02117428	0.12009164	-0.00242298	-0.00017109	0.00981830
8.349967	0.08522498	-0.02118208	0.12026972	-0.00079632	0.00217105	0.01053021
8.366633	0.08521621	-0.02126096	0.12036388	0.00074257	0.00264757	0.00881892
8.383300	0.08526917	-0.02115074	0.12055649	0.00278888	0.00103603	0.00523618
8.399967	0.08527464	-0.02103816	0.12071232	0.00528863	-0.00105314	0.00114970
8.416634	0.08539274	-0.02100445	0.12069253	0.00779740	-0.00224362	-0.00259579
8.433300	0.08554212	-0.02119314	0.12052564	0.00999607	-0.00291614	-0.00652700
8.449966	0.08578108	-0.02140638	0.12030458	0.01183127	-0.00278382	-0.00984002
8.466633	0.08599588	-0.02136286	0.12018222	0.01241223	-0.00024599	-0.01107556
8.483300	0.08620127	-0.02128629	0.12001732	0.01158201	0.00304655	-0.01213287
8.499967	0.08640560	-0.02116465	0.11979414	0.00968684	0.00487293	-0.01374332
8.516633	0.08656093	-0.02105551	0.11958645	0.00723961	0.00485943	-0.01500635
8.533299	0.08666388	-0.02107029	0.11921232	0.00464683	0.00393155	-0.01495401
8.549966	0.08671206	-0.02093317	0.11899333	0.00251123	0.00120114	-0.01567541
8.566633	0.08668845	-0.02093637	0.11873177	0.00189439	-0.00218525	-0.01747701
8.583300	0.08670694	-0.02090287	0.11857153	0.00306783	-0.00509328	-0.01911957
8.599966	0.08671737	-0.02113489	0.11817216	0.00571398	-0.00714722	-0.02055094
8.616632	0.08686983	-0.02134455	0.11771491	0.00811029	-0.00811248	-0.02147311
8.633299	0.08705314	-0.02148513	0.11731055	0.00869360	-0.00827519	-0.02152168
8.649965	0.08729332	-0.02154729	0.11700386	0.00730443	-0.00753033	-0.01992729
8.666633	0.08740879	-0.02162163	0.11674497	0.00446802	-0.00853467	-0.01918983
8.683299	0.08741304	-0.02177821	0.11644707	0.00137844	-0.01032654	-0.01912900
8.699965	0.08735421	-0.02199309	0.11610337	-0.00058837	-0.01186530	-0.01911424
8.716632	0.08730732	-0.02227913	0.11570784	-0.00001967	-0.01200113	-0.01805413
8.733298	0.08729938	-0.02246707	0.11541890	0.00254993	-0.01018971	-0.01516646
8.749966	0.08736774	-0.02264307	0.11517181	0.00562223	-0.00709689	-0.01079161
8.766632	0.08750238	-0.02270758	0.11505736	0.00834498	-0.00370106	-0.00623847
8.783298	0.08770578	-0.02272786	0.11500282	0.01028676	-0.00038932	-0.00244685
8.799965	0.08788466	-0.02271689	0.11501563	0.01054395	0.00243917	-0.00027031
8.816631	0.08809015	-0.02264852	0.11505084	0.00909980	0.00378928	-0.00016436
8.833299	0.08824803	-0.02254178	0.11508901	0.00686503	0.00307297	-0.00193388
8.849965	0.08833569	-0.02244168	0.11504056	0.00444734	0.00079247	-0.00440890
8.866632	0.08836624	-0.02241521	0.11494417	0.00185442	-0.00170395	-0.00582042
8.883298	0.08836124	-0.02255762	0.11473439	-0.00032138	-0.00379935	-0.00569279
8.899964	0.08835135	-0.02268393	0.11462255	-0.00235588	-0.00496505	-0.00326169
8.916632	0.08830449	-0.02277991	0.11458992	-0.00481496	-0.00477321	0.00110258
8.933298	0.08822832	-0.02281179	0.11465025	-0.00814329	-0.00353847	0.00576513
8.949965	0.08806995	-0.02283805	0.11483959	-0.01171541	-0.00262551	0.00912629
8.966631	0.08783492	-0.02290517	0.11503133	-0.01443913	-0.00310492	0.01141545
8.983297	0.08751564	-0.02293337	0.11525712	-0.01568037	-0.00338689	0.01367209
8.999965	0.08720973	-0.02299745	0.11545014	-0.01495166	-0.00236368	0.01676402
9.016631	0.08695663	-0.02310756	0.11569101	-0.01260174	-0.00068895	0.02050926
9.033298	0.08677957	-0.02307693	0.11609643	-0.00967957	0.00068764	0.02351927
9.049964	0.08667551	-0.02304334	0.11658208	-0.00736579	0.00245736	0.02487520
9.066630	0.08659040	-0.02291317	0.11710540	-0.00556233	0.00405343	0.02364697
9.083298	0.08650934	-0.02289543	0.11747705	-0.00393172	0.00605325	0.02155067
9.099964	0.08641632	-0.02280152	0.11774749	-0.00280724	0.00843867	0.02007969
9.116631	0.08638585	-0.02269799	0.11795688	-0.00246723	0.01087479	0.01957741
9.133297	0.08640014	-0.02240394	0.11832672	-0.00231118	0.01345822	0.02065406
9.149963	0.08637901	-0.02214402	0.11873388	-0.00217901	0.01475704	0.02212213
9.166631	0.08630283	-0.02185307	0.11914872	-0.00312814	0.01374868	0.02210626
9.183297	0.08623298	-0.02163520	0.11952640	-0.00518279	0.01030433	0.01982399
9.199964	0.08617976	-0.02146464	0.11982830	-0.00674221	0.00654768	0.01676063
9.216630	0.08606010	-0.02140549	0.12008509	-0.00666010	0.00376681	0.01423268
9.233296	0.08586753	-0.02143628	0.12025747	-0.00520269	0.00198208	0.01185306
9.249964	0.08573101	-0.02144738	0.12042756	-0.00275348	0.00077427	0.00953738
9.266630	0.08573197	-0.02138728	0.12062439	0.00057966	0.00055251	0.00792145
9.283297	0.08584169	-0.02136381	0.12070975	0.00393895	0.00105121	0.00659994
9.299963	0.08596097	-0.02135206	0.12080929	0.00573138	0.00168671	0.00513515
9.316629	0.08606158	-0.02137868	0.12086162	0.00541730	0.00272775	0.00428112
9.333297	0.08615413	-0.02132348	0.12092301	0.00433812	0.00353144	0.00333560
9.349963	0.08621260	-0.02122144	0.12099718	0.00362703	0.00394510	0.00159790
9.366630	0.08624254	-0.02107996	0.12104801	0.00382116	0.00452181	-0.00003684
9.383296	0.08629090	-0.02105594	0.12101010	0.00474436	0.00467898	-0.00184179
9.399962	0.08635842	-0.02101620	0.12092660	0.00597140	0.00430046	-0.00400932
9.416630	0.08651341	-0.02094224	0.12084717	0.00780761	0.00459252	-0.00636364
9.433296	0.08665451	-0.02083341	0.12075737	0.00964884	0.00569458	-0.00844594
9.449963	0.08680975	-0.02073650	0.12061536	0.01068257	0.00635272	-0.01033128
9.466629	0.08702398	-0.02061706	0.12038752	0.00991941	0.00468810	-0.01326902
9.483295	0.08721089	-0.02052038	0.12014322	0.00762600	0.00053187	-0.01714296
9.499963	0.08739603	-0.02043733	0.11988398	0.00438208	-0.00476593	-0.02140072
9.516629	0.08738455	-0.02061983	0.11948546	0.00143249	-0.00928804	-0.02458269
9.533296	0.08732667	-0.02089107	0.11902254	-0.00042577	-0.01288791	-0.02613279
9.549962	0.08724415	-0.02124079	0.11844062	-0.00065502	-0.01415907	-0.02559270
9.566628	0.08725838	-0.02141598	0.11803732	0.00080835	-0.01284595	-0.02306668
9.583296	0.08732028	-0.02163002	0.11768969	0.00227687	-0.01184175	-0.02011724
9.599962	0.08739220	-0.02172632	0.11746386	0.00326150	-0.01298085	-0.01878317
9.616629	0.08745750	-0.02193074	0.11720960	0.00348841	-0.01608329	-0.02045293
9.633295	0.08748110	-0.02222536	0.11685994	0.00396611	-0.01757711	-0.02169469
9.649961	0.08754843	-0.02263759	0.11642069	0.00528554	-0.01659395	-0.02088712
9.666629	0.08761706	-0.02305289	0.11590432	0.00663570	-0.01341907	-0.01808643
9.683295	0.08777476	-0.02316982	0.11568332	0.00734176	-0.00957241	-0.01462395
9.699962	0.08795675	-0.02319660	0.11555964	0.00712055	-0.00539181	-0.00995484
9.716628	0.08807145	-0.02317418	0.11551908	0.00614236	-0.00241743	-0.00551531
9.733294	0.08815777	-0.02327787	0.11535159	0.00454547	-0.00032774	-0.00256107
9.749962	0.08817389	-0.02333833	0.11530838	0.00323122	0.00182324	-0.00090603
9.766628	0.08822701	-0.02330922	0.11532414	0.00287996	0.00428045	0.00026424
9.783295	0.08826889	-0.02311279	0.11545836	0.00276515	0.00615568	0.00094403
9.799961	0.08831964	-0.02295021	0.11545292	0.00236348	0.00575770	0.00010308
9.816628	0.08839631	-0.02280721	0.11544492	0.00121966	0.00310435	-0.00171632
9.833295	0.08838882	-0.02284012	0.11533552	-0.00041198	-0.00102387	-0.00347225
9.849961	0.08838779	-0.02290673	0.11528931	-0.00282672	-0.00524821	-0.00431748
9.866628	0.08829670	-0.02303622	0.11520825	-0.00491055	-0.00792676	-0.00392308
9.883294	0.08820562	-0.02319939	0.11514774	-0.00677182	-0.00842346	-0.00184011
9.899961	0.08804433	-0.02339410	0.11506486	-0.00928231	-0.00816114	0.00186053
9.916627	0.08792569	-0.02352104	0.11510678	-0.01268917	-0.00755830	0.00720414
9.933294	0.08770669	-0.02360548	0.11525603	-0.01588384	-0.00569750	0.01332210
9.949961	0.08741093	-0.02368358	0.11559412	-0.01770049	-0.00274792	0.01953565
9.966627	0.08698276	-0.02378031	0.11598419	-0.01834638	0.00023859	0.02464118
9.983294	0.08665391	-0.02373512	0.11645012	-0.01670967	0.00441311	0.02877158
9.999960	0.08640225	-0.02362979	0.11695094	-0.01244308	0.01066572	0.03144377
10.016627	0.08623278	-0.02342514	0.11749022	-0.00691577	0.01744058	0.03269615
10.033294	0.08616607	-0.02307995	0.11811613	-0.00263468	0.02194149	0.03191510
10.049960	0.08618453	-0.02259667	0.11866165	-0.00091643	0.02264029	0.02923422
10.066627	0.08626941	-0.02207017	0.11916830	-0.00117060	0.02045672	0.02546529
10.083293	0.08628390	-0.02173380	0.11950213	-0.00239437	0.01722579	0.02202467
10.099960	0.08614577	-0.02162367	0.11978330	-0.00409009	0.01417695	0.01950808
10.116627	0.08602963	-0.02150292	0.12007336	-0.00556639	0.01199273	0.01765027
10.133293	0.08590936	-0.02129984	0.12039734	-0.00584482	0.01166279	0.01607331
10.149960	0.08586951	-0.02098035	0.12070137	-0.00507804	0.01200060	0.01425939
10.166626	0.08578499	-0.02078128	0.12091818	-0.00445755	0.01112017	0.01210292
10.183293	0.08569568	-0.02061684	0.12104099	-0.00459066	0.00790847	0.00953164
10.199960	0.08563147	-0.02053993	0.12118328	-0.00483928	0.00399895	0.00727828
10.216626	0.08554852	-0.02046417	0.12129574	-0.00387346	0.00110788	0.00586173
10.233293	0.08546416	-0.02051666	0.12139940	-0.00242577	-0.00111979	0.00447689
10.249959	0.08541077	-0.02055717	0.12145192	-0.00059791	-0.00243524	0.00294694
10.266626	0.08543917	-0.02063683	0.12148698	0.00175048	-0.00300544	0.00167590
10.283293	0.08549513	-0.02068274	0.12148155	0.00450475	-0.00345442	0.00062518
10.299959	0.08559840	-0.02070813	0.12149455	0.00630102	-0.00398552	-0.00021834
10.316626	0.08571336	-0.02076874	0.12148570	0.00706653	-0.00443763	-0.00167333
10.333292	0.08589011	-0.02088124	0.12147346	0.00738147	-0.00369058	-0.00267164
10.349959	0.08598416	-0.02097148	0.12141795	0.00780682	-0.00112745	-0.00331444
10.366626	0.08611532	-0.02105609	0.12128110	0.00823453	0.00338477	-0.00338079
10.383292	0.08620922	-0.02090246	0.12125997	0.00869617	0.00745638	-0.00355454
10.399959	0.08640405	-0.02071734	0.12118085	0.00963878	0.00873927	-0.00435093
10.416625	0.08657363	-0.02038101	0.12121184	0.00991755	0.00618637	-0.00699154
10.433292	0.08675846	-0.02030054	0.12106808	0.00966683	0.00165764	-0.01118754
10.449959	0.08693293	-0.02036567	0.12086020	0.00893626	-0.00194199	-0.01549429
10.466625	0.08703019	-0.02061239	0.12047710	0.00835549	-0.00338229	-0.01848504
10.483292	0.08718252	-0.02071122	0.12009619	0.00735804	-0.00238758	-0.01925755
10.499958	0.08728540	-0.02065575	0.11974806	0.00710796	-0.00047092	-0.01860704
10.516625	0.08743287	-0.02052890	0.11950636	0.00768128	0.00073659	-0.01713529
10.533292	0.08750200	-0.02051123	0.11925129	0.00800944	-0.00152512	-0.01660443
10.549958	0.08766466	-0.02056751	0.11900418	0.00818148	-0.00648032	-0.01728404
10.566625	0.08782517	-0.02071660	0.11869240	0.00875000	-0.01110359	-0.01836527
10.583291	0.08797508	-0.02097030	0.11835523	0.00958771	-0.01321915	-0.01919188
10.599958	0.08811513	-0.02128823	0.11800707	0.00929952	-0.01327538	-0.01991571
10.616625	0.08828156	-0.02154270	0.11769418	0.00835798	-0.01225153	-0.01995847
10.633291	0.08845790	-0.02168510	0.11736730	0.00751975	-0.01102970	-0.01978577
10.649958	0.08856495	-0.02178168	0.11702558	0.00643595	-0.01078700	-0.01963642
10.666624	0.08862726	-0.02194222	0.11670208	0.00413751	-0.01185421	-0.01974970
10.683291	0.08870759	-0.02217820	0.11636247	0.00166927	-0.01313176	-0.01919516
10.699958	0.08873466	-0.02248126	0.11606260	-0.00028607	-0.01295407	-0.01800202
10.716624	0.08868885	-0.02272600	0.11572307	-0.00203495	-0.01113635	-0.01607913
10.733291	0.08862325	-0.02289376	0.11548871	-0.00305985	-0.00677508	-0.01248629
10.749957	0.08852951	-0.02294284	0.11526106	-0.00272555	-0.00148798	-0.00800725
10.766624	0.08848658	-0.02297230	0.11516369	-0.00136197	0.00170015	-0.00456842
10.783291	0.08847988	-0.02279586	0.11520040	0.00024781	0.00143559	-0.00388397
10.799957	0.08851591	-0.02271117	0.11522317	0.00110172	-0.00086031	-0.00523532
10.816624	0.08857564	-0.02271012	0.11515960	0.00159931	-0.00256256	-0.00752959
10.833290	0.08860224	-0.02293907	0.11488879	0.00190348	-0.00347333	-0.00948418
10.849957	0.08858751	-0.02311078	0.11463803	0.00256495	-0.00292478	-0.01015667
10.866624	0.08864124	-0.02306215	0.11447920	0.00361567	-0.00071736	-0.00905685
10.883290	0.08867971	-0.02298572	0.11439673	0.00435183	0.00146112	-0.00745624
10.899957	0.08884726	-0.02288418	0.11433596	0.00387897	0.00095941	-0.00665287
10.916623	0.08892384	-0.02288835	0.11421632	0.00207391	-0.00231640	-0.00738911
10.933290	0.08896055	-0.02298221	0.11404873	-0.00057377	-0.00462392	-0.00764611
10.949957	0.08888043	-0.02309411	0.11392672	-0.00319139	-0.00433380	-0.00586851
10.966623	0.08876464	-0.02331961	0.11372967	-0.00430057	-0.00179988	-0.00243329
10.983290	0.08866899	-0.02325732	0.11377776	-0.00433730	0.00098237	0.00111144
10.999956	0.08860523	-0.02318165	0.11383813	-0.00436989	0.00293539	0.00479778
11.016623	0.08858887	-0.02297953	0.11402950	-0.00631000	0.00302931	0.00902533
11.033290	0.08852687	-0.02295537	0.11413658	-0.01006861	0.00046090	0.01310726
11.049956	0.08834390	-0.02301874	0.11433102	-0.01515227	-0.00302637	0.01681133
11.066623	0.08799047	-0.02311809	0.11467773	-0.01979679	-0.00600060	0.01964856
11.083289	0.08757363	-0.02326899	0.11511230	-0.02219142	-0.00546502	0.02335263
11.099957	0.08710755	-0.02337825	0.11553968	-0.02145396	-0.00168226	0.02682376
11.116623	0.08676735	-0.02347076	0.11591614	-0.01805562	0.00401666	0.02905414
11.133289	0.08648624	-0.02332959	0.11643675	-0.01342544	0.00931691	0.02991480
11.149956	0.08634259	-0.02303806	0.11701175	-0.00836916	0.01290469	0.03068955
11.166622	0.08624803	-0.02268708	0.11758723	-0.00410864	0.01462611	0.03097327
11.183290	0.08620634	-0.02245042	0.11804223	-0.00153348	0.01403054	0.02879214
11.199956	0.08625308	-0.02229943	0.11850978	-0.00061360	0.01218259	0.02473673
11.216622	0.08627274	-0.02212199	0.11894583	-0.00033021	0.01092696	0.02085914
11.233289	0.08625798	-0.02193947	0.11925478	-0.00087068	0.01020599	0.01755625
11.249955	0.08620910	-0.02174566	0.11946620	-0.00202813	0.00878839	0.01376456
11.266622	0.08616872	-0.02156043	0.11965078	-0.00258417	0.00624398	0.01064014
11.283289	0.08613200	-0.02150508	0.11982049	-0.00149634	0.00314302	0.00856906
11.299955	0.08607147	-0.02147902	0.11994542	0.00035014	0.00005865	0.00681429
11.316622	0.08606724	-0.02155657	0.12005367	0.00183147	-0.00213725	0.00465171
11.333288	0.08617052	-0.02160287	0.12010462	0.00356784	-0.00172361	0.00329358
11.349955	0.08626133	-0.02166661	0.12014323	0.00577098	0.00083054	0.00320108
11.366622	0.08635037	-0.02169043	0.12012326	0.00709089	0.00435021	0.00359399
11.383288	0.08645552	-0.02152522	0.12022200	0.00717185	0.00690857	0.00350935
11.399955	0.08662400	-0.02134753	0.12032316	0.00729452	0.00822405	0.00267887
11.416621	0.08676688	-0.02110818	0.12042312	0.00776879	0.00780381	0.00077796
11.433288	0.08685860	-0.02104446	0.12038869	0.00858538	0.00493120	-0.00345716
11.449955	0.08697708	-0.02099005	0.12029228	0.00964403	0.00084174	-0.00902776
11.466621	0.08713254	-0.02098620	0.12012570	0.01082969	-0.00322477	-0.01450917
11.483288	0.08738418	-0.02109763	0.11980853	0.01125899	-0.00587769	-0.01868065
11.499954	0.08761508	-0.02121728	0.11943461	0.01054477	-0.00753685	-0.02160964
11.516621	0.08779612	-0.02143963	0.11899089	0.00897944	-0.00761394	-0.02276202
11.533288	0.08788699	-0.02154517	0.11861213	0.00711232	-0.00815494	-0.02293831
11.549954	0.08795757	-0.02165154	0.11824912	0.00516972	-0.00956224	-0.02279313
11.566621	0.08804654	-0.02170893	0.11791882	0.00380469	-0.01104352	-0.02213383
11.583287	0.08813725	-0.02198472	0.11751283	0.00337095	-0.01275655	-0.02179676
11.599954	0.08815054	-0.02227047	0.11712518	0.00394141	-0.01428774	-0.02181233
11.616621	0.08819114	-0.02255970	0.11678263	0.00496486	-0.01550962	-0.02168441
11.633287	0.08824063	-0.02275828	0.11643833	0.00543097	-0.01466355	-0.02056383
11.649954	0.08843146	-0.02297042	0.11609891	0.00519781	-0.01286539	-0.01948975
11.666620	0.08856730	-0.02326013	0.11573993	0.00445845	-0.01103771	-0.01907665
11.683287	0.08860750	-0.02341257	0.11547079	0.00279767	-0.00919882	-0.01854081
11.699954	0.08858479	-0.02355735	0.11517537	0.00039090	-0.00601659	-0.01717649
11.716620	0.08856691	-0.02359571	0.11486969	-0.00118256	-0.00245926	-0.01474621
11.733287	0.08855543	-0.02363621	0.11459867	-0.00141513	0.00085719	-0.01124305
11.749953	0.08852796	-0.02358625	0.11440562	-0.00091587	0.00367911	-0.00740650
11.766620	0.08848276	-0.02350183	0.11437411	0.00011567	0.00541413	-0.00466647
11.783287	0.08849492	-0.02333998	0.11440492	0.00164752	0.00536396	-0.00401651
11.799953	0.08851932	-0.02322999	0.11437718	0.00310623	0.00416463	-0.00490649
11.816620	0.08863401	-0.02314441	0.11426117	0.00306630	0.00256741	-0.00660910
11.833286	0.08871936	-0.02321505	0.11403255	0.00164930	0.00119739	-0.00774703
11.849953	0.08877289	-0.02319047	0.11390920	-0.00023231	0.00034005	-0.00720474
11.866620	0.08868080	-0.02321857	0.11378282	-0.00225873	-0.00011548	-0.00498338
11.883286	0.08859379	-0.02313920	0.11375029	-0.00396365	-0.00025156	-0.00190121
11.899953	0.08851687	-0.02316780	0.11373048	-0.00557984	-0.00106881	0.00124097
11.916619	0.08846668	-0.02320478	0.11375669	-0.00691923	-0.00228791	0.00480795
11.933286	0.08836827	-0.02325756	0.11387374	-0.00878423	-0.00409387	0.00857301
11.949953	0.08816032	-0.02334128	0.11403544	-0.01079277	-0.00519654	0.01265702
11.966619	0.08795030	-0.02340936	0.11430521	-0.01264145	-0.00526987	0.01632421
11.983286	0.08769295	-0.02356302	0.11461070	-0.01292543	-0.00338282	0.01983837
11.999952	0.08749963	-0.02364589	0.11497729	-0.01141296	0.00000589	0.02284506
12.016619	0.08726767	-0.02364518	0.11536769	-0.00900611	0.00415754	0.02478963
12.033286	0.08715209	-0.02347724	0.11583310	-0.00651288	0.00870315	0.02579431
12.049953	0.08708108	-0.02325045	0.11628802	-0.00469266	0.01248279	0.02640906
12.066619	0.08706414	-0.02302060	0.11673494	-0.00331444	0.01462404	0.02668391
12.083285	0.08702755	-0.02275806	0.11713950	-0.00287512	0.01475306	0.02620290
12.099952	0.08694376	-0.02249547	0.11759596	-0.00254360	0.01425775	0.02524166
12.116619	0.08690166	-0.02223957	0.11803325	-0.00235782	0.01317555	0.02374528
12.133286	0.08684701	-0.02205054	0.11844081	-0.00165567	0.01180820	0.02169405
12.149952	0.08687156	-0.02186020	0.11877438	-0.00172057	0.01019594	0.01934089
12.166618	0.08683526	-0.02173121	0.11904334	-0.00292846	0.00882262	0.01742012
12.183285	0.08684161	-0.02156014	0.11930079	-0.00488119	0.00696172	0.01565466
12.199952	0.08668879	-0.02147289	0.11956047	-0.00622510	0.00419522	0.01344995
12.216619	0.08655451	-0.02135927	0.11982007	-0.00649771	0.00118341	0.01102437
12.233285	0.08636453	-0.02141254	0.11999458	-0.00553718	-0.00177711	0.00816121
12.249951	0.08633295	-0.02148711	0.12005761	-0.00343130	-0.00400040	0.00479715
12.266618	0.08629385	-0.02160430	0.12011268	-0.00095271	-0.00485034	0.00191946
12.283285	0.08634290	-0.02170441	0.12009867	0.00101578	-0.00316237	0.00071630
12.299952	0.08633840	-0.02175597	0.12009495	0.00183065	-0.00138806	-0.00024222
12.316618	0.08640934	-0.02176543	0.12007717	0.00285131	0.00034046	-0.00185677
12.333284	0.08643227	-0.02165237	0.12010229	0.00466729	0.00140898	-0.00425758
12.349951	0.08650312	-0.02167230	0.12001254	0.00708628	0.00177136	-0.00676813
12.366618	0.08662770	-0.02159628	0.11987023	0.00931259	0.00075955	-0.00987005
12.383285	0.08684611	-0.02165024	0.11960725	0.01154036	-0.00104262	-0.01351410
12.399951	0.08708016	-0.02160947	0.11942232	0.01311672	-0.00190874	-0.01639332
12.416617	0.08731101	-0.02170000	0.11910122	0.01339314	-0.00218993	-0.01824572
12.433284	0.08752956	-0.02177926	0.11877896	0.01204473	-0.00214063	-0.01969751
12.449951	0.08775287	-0.02179177	0.11839684	0.00999939	-0.00209153	-0.02075703
12.466618	0.08791228	-0.02181093	0.11805274	0.00744122	-0.00237412	-0.02118019
12.483284	0.08800013	-0.02180582	0.11770556	0.00494374	-0.00413853	-0.02179054
12.499950	0.08804437	-0.02186317	0.11737304	0.00292258	-0.00582992	-0.02207884
12.516617	0.08803754	-0.02204375	0.11697628	0.00161604	-0.00624482	-0.02163981
12.533284	0.08808109	-0.02221495	0.11657763	0.00047263	-0.00348608	-0.01814604
12.549951	0.08808846	-0.02232294	0.11621771	-0.00039164	0.00119509	-0.01269185
12.566617	0.08810013	-0.02225775	0.11600702	-0.00002652	0.00594465	-0.00733054
12.583283	0.08803351	-0.02194276	0.11609691	0.00118815	0.00782113	-0.00417007
12.599950	0.08801275	-0.02176628	0.11613458	0.00240353	0.00627014	-0.00364819
12.616616	0.08812318	-0.02157288	0.11614260	0.00343201	0.00163303	-0.00582414
12.633284	0.08824683	-0.02175126	0.11588723	0.00500323	-0.00293804	-0.00911280
12.649950	0.08834000	-0.02186010	0.11566080	0.00626172	-0.00515143	-0.01144932
12.666616	0.08837557	-0.02206956	0.11544316	0.00630679	-0.00577840	-0.01260923
12.683283	0.08849557	-0.02207499	0.11528935	0.00531426	-0.00601764	-0.01330586
12.699949	0.08865437	-0.02208111	0.11510843	0.00443993	-0.00609958	-0.01383101
12.716617	0.08874120	-0.02219168	0.11483438	0.00340262	-0.00460404	-0.01252805
12.733283	0.08872966	-0.02241358	0.11450639	0.00103794	-0.00417229	-0.01126968
12.749949	0.08871870	-0.02250106	0.11433219	-0.00132144	-0.00415747	-0.01047664
12.766616	0.08869113	-0.02242992	0.11431550	-0.00208487	-0.00268917	-0.00898737
12.783282	0.08863309	-0.02242853	0.11419681	-0.00148405	0.00012091	-0.00629107
12.799950	0.08857997	-0.02250428	0.11401660	-0.00056267	0.00134907	-0.00446195
12.816616	0.08857807	-0.02252135	0.11385139	0.00063878	0.00108882	-0.00331187
12.833282	0.08863484	-0.02240701	0.11392184	0.00191637	0.00125978	-0.00166976
12.849949	0.08868831	-0.02233425	0.11396685	0.00200537	0.00038572	-0.00039105
12.866615	0.08874109	-0.02234193	0.11400028	0.00050992	-0.00349172	-0.00123252
12.883283	0.08876142	-0.02241133	0.11392217	-0.00192148	-0.00848592	-0.00274194
12.899949	0.08869071	-0.02261987	0.11383321	-0.00508240	-0.01196327	-0.00196197
12.916615	0.08858000	-0.02291825	0.11372139	-0.00931419	-0.01401830	0.00070606
12.933282	0.08840136	-0.02320380	0.11376333	-0.01301920	-0.01319951	0.00639832
12.949948	0.08815766	-0.02342297	0.11393233	-0.01492763	-0.00914356	0.01407141
12.966616	0.08780598	-0.02359100	0.11418410	-0.01559692	-0.00325436	0.02179788
12.983282	0.08751961	-0.02355714	0.11468852	-0.01556280	0.00249306	0.02714973
12.999949	0.08729701	-0.02345627	0.11521176	-0.01487324	0.00735778	0.03071853
13.016615	0.08710615	-0.02320763	0.11585030	-0.01334296	0.01164391	0.03267443
13.033281	0.08687820	-0.02302439	0.11632045	-0.01116545	0.01446049	0.03261751
13.049949	0.08662879	-0.02278283	0.11686933	-0.00821959	0.01542772	0.03125669
13.066615	0.08649152	-0.02246385	0.11739703	-0.00520369	0.01476134	0.02998114
13.083282	0.08648252	-0.02218853	0.11790548	-0.00328643	0.01277782	0.02879542
13.099948	0.08655104	-0.02194906	0.11836301	-0.00278005	0.00903943	0.02565037
13.116614	0.08653884	-0.02186120	0.11880045	-0.00271795	0.00433850	0.02110639
13.133282	0.08638581	-0.02185950	0.11914331	-0.00281171	0.00353090	0.01766540
13.149948	0.08625694	-0.02189444	0.11936641	-0.00300044	0.00720860	0.01624032
13.166615	0.08625910	-0.02194186	0.11947878	-0.00225143	0.01213520	0.01568413
13.183281	0.08630577	-0.02149825	0.11978203	-0.00124097	0.01416133	0.01498605
13.199947	0.08630410	-0.02107909	0.12011211	-0.00147161	0.01365535	0.01386939
13.216615	0.08624964	-0.02068435	0.12044416	-0.00300021	0.01038646	0.01174328
13.233281	0.08615741	-0.02077965	0.12055084	-0.00374971	0.00411150	0.00800806
13.249948	0.08608490	-0.02085575	0.12057869	-0.00299161	-0.00128981	0.00439325
13.266614	0.08599737	-0.02092244	0.12060282	-0.00084646	-0.00230671	0.00253637
13.283280	0.08602582	-0.02094687	0.12062921	0.00250151	0.00053311	0.00216805
13.299948	0.08606689	-0.02092574	0.12070097	0.00640842	0.00268552	0.00197166
13.316614	0.08623036	-0.02082984	0.12075410	0.00926737	0.00399689	0.00205372
13.333281	0.08644115	-0.02072232	0.12074579	0.01018457	0.00382668	0.00192416
13.349947	0.08668292	-0.02063147	0.12077022	0.00995495	0.00180166	0.00039846
13.366613	0.08683719	-0.02061135	0.12079604	0.00935473	-0.00143766	-0.00258339
13.383281	0.08692186	-0.02067068	0.12082003	0.00927154	-0.00388119	-0.00642205
13.399947	0.08702455	-0.02081343	0.12066393	0.01015783	-0.00431915	-0.01023129
13.416614	0.08721863	-0.02095905	0.12038284	0.01197522	-0.00263479	-0.01333730
13.433280	0.08747490	-0.02099108	0.12006278	0.01293825	-0.00097708	-0.01564706
13.449946	0.08775806	-0.02092101	0.11981554	0.01226296	-0.00112096	-0.01729283
13.466614	0.08797654	-0.02079969	0.11959846	0.01050018	-0.00285870	-0.01909826
13.483280	0.08808602	-0.02088968	0.11929399	0.00863358	-0.00478038	-0.02087411
13.499947	0.08817268	-0.02110909	0.11886959	0.00691674	-0.00637359	-0.02229901
13.516613	0.08826577	-0.02132516	0.11839478	0.00583495	-0.00717367	-0.02268286
13.533279	0.08841065	-0.02137497	0.11801518	0.00569633	-0.00635916	-0.02245834
13.549947	0.08849333	-0.02138568	0.11770750	0.00575206	-0.00520736	-0.02183804
13.566613	0.08856401	-0.02146182	0.11742169	0.00496445	-0.00526683	-0.02116786
13.583280	0.08864854	-0.02158850	0.11700971	0.00337438	-0.00641723	-0.02018616
13.599946	0.08872945	-0.02174093	0.11661843	0.00251767	-0.00696964	-0.01875855
13.616612	0.08875726	-0.02186166	0.11627191	0.00258495	-0.00658906	-0.01687861
13.633280	0.08872508	-0.02195663	0.11609809	0.00309133	-0.00653989	-0.01496071
13.649946	0.08877443	-0.02203232	0.11591551	0.00296847	-0.00712706	-0.01378050
13.666613	0.08887938	-0.02212234	0.11570267	0.00273046	-0.00768137	-0.01331309
13.683279	0.08900132	-0.02231128	0.11541431	0.00199475	-0.00837042	-0.01336476
13.699945	0.08897439	-0.02248066	0.11516072	0.00018589	-0.00923474	-0.01308536
13.716613	0.08894870	-0.02262125	0.11497820	-0.00240629	-0.01007600	-0.01254284
13.733279	0.08885703	-0.02276591	0.11481459	-0.00403611	-0.00840516	-0.01067926
13.749946	0.08881081	-0.02292046	0.11463278	-0.00464557	-0.00505415	-0.00838689
13.766612	0.08868991	-0.02313391	0.11442391	-0.00510434	-0.00171421	-0.00665284
13.783278	0.08863796	-0.02301638	0.11438248	-0.00531866	0.00029532	-0.00531463
13.799946	0.08851831	-0.02292647	0.11434724	-0.00430012	0.00202062	-0.00363750
13.816612	0.08844627	-0.02277571	0.11432766	-0.00263830	0.00243959	-0.00225850
13.833279	0.08836389	-0.02287568	0.11423860	-0.00170362	-0.00005452	-0.00245986
13.849945	0.08843550	-0.02287914	0.11420172	-0.00073407	-0.00264641	-0.00314844
13.866611	0.08843923	-0.02293041	0.11419249	0.00012621	-0.00314784	-0.00319516
13.883278	0.08843148	-0.02302570	0.11411451	0.00026822	-0.00172463	-0.00234027
13.899945	0.08840579	-0.02306873	0.11405022	-0.00091609	-0.00047387	-0.00122767
13.916612	0.08840562	-0.02306090	0.11400556	-0.00305650	0.00085662	0.00094939
13.933278	0.08840469	-0.02297974	0.11405607	-0.00685456	0.00001528	0.00358553
13.949944	0.08828791	-0.02291347	0.11415892	-0.01201161	-0.00299530	0.00662702
13.966611	0.08803090	-0.02295217	0.11432072	-0.01716948	-0.00608881	0.01046919
13.983278	0.08763005	-0.02319148	0.11445495	-0.02177832	-0.00655162	0.01635774
13.999945	0.08717741	-0.02343767	0.11472972	-0.02457003	-0.00453507	0.02299787
14.016611	0.08678891	-0.02355457	0.11512478	-0.02397674	-0.00026554	0.02858129
14.033278	0.08632510	-0.02336319	0.11583488	-0.01970217	0.00642113	0.03228696
14.049944	0.08598725	-0.02319571	0.11645170	-0.01410985	0.01308353	0.03367829
14.066611	0.08577044	-0.02293439	0.11703707	-0.00815473	0.01650844	0.03209753
14.083278	0.08579385	-0.02262763	0.11746447	-0.00228901	0.01660544	0.02793934
14.099944	0.08583250	-0.02226224	0.11792517	0.00145939	0.01588576	0.02396061
14.116611	0.08591502	-0.02198711	0.11832032	0.00181560	0.01388283	0.02051745
14.133277	0.08596016	-0.02183528	0.11862051	-0.00006098	0.01239349	0.01874775
14.149944	0.08595566	-0.02167655	0.11887757	-0.00241463	0.01190291	0.01796495
14.166611	0.08585180	-0.02156154	0.11908388	-0.00515053	0.01240751	0.01807280
14.183277	0.08574630	-0.02123807	0.11945856	-0.00654711	0.01187330	0.01757372
14.199944	0.08559279	-0.02100664	0.11980163	-0.00564738	0.00973014	0.01636530
14.216610	0.08545803	-0.02077164	0.12013907	-0.00375563	0.00719546	0.01490550
14.233277	0.08542206	-0.02079939	0.12027050	-0.00234918	0.00464397	0.01288777
14.249944	0.08547092	-0.02082973	0.12040945	-0.00104480	0.00321608	0.01074501
14.266610	0.08549409	-0.02076901	0.12060424	0.00030842	0.00341869	0.00936840
14.283277	0.08545050	-0.02067310	0.12080170	0.00163180	0.00452151	0.00821769
14.299943	0.08542683	-0.02052918	0.12094592	0.00287940	0.00402882	0.00576338
14.316610	0.08550435	-0.02045249	0.12102822	0.00521897	0.00247458	0.00287355
14.333277	0.08566230	-0.02045644	0.12099341	0.00894967	0.00286140	0.00114669
14.349943	0.08580940	-0.02049162	0.12097166	0.01216949	0.00531211	0.00058811
14.366610	0.08603584	-0.02049400	0.12093984	0.01352874	0.00812653	0.00028957
14.383276	0.08632083	-0.02018157	0.12102737	0.01384297	0.00985156	-0.00070989
14.399943	0.08659486	-0.01990424	0.12105139	0.01442192	0.01021927	-0.00337237
14.416610	0.08679929	-0.01967656	0.12099937	0.01421260	0.00827708	-0.00779490
14.433276	0.08697920	-0.01966881	0.12080455	0.01279233	0.00349238	-0.01361644
14.449943	0.08724985	-0.01967498	0.12049871	0.01157192	-0.00113876	-0.01872081
14.466609	0.08744843	-0.01968787	0.12013644	0.01172078	-0.00369276	-0.02213427
14.483276	0.08760354	-0.01981507	0.11968896	0.01096231	-0.00494877	-0.02430359
14.499943	0.08774665	-0.01990787	0.11928342	0.01102839	-0.00593396	-0.02483087
14.516609	0.08797174	-0.02001871	0.11886745	0.01109448	-0.00691916	-0.02535815
