Time	thumb tip right X	thumb tip right Y	thumb tip right Z	thumb tip right v(X)	thumb tip right v(Y)	thumb tip right v(Z)
0.00000000	0.00000000	0.00000000	0.00000000	0.00000000	0.00000000	0.00000000
0.01666660	0.01666660	0.01666660	0.01666660	0.01666660	0.01666660	0.01666660
0.000000	0.08748100	-0.01874411	0.10483498	0.01103938	0.00803714	-0.02878178
0.016667	0.08771721	-0.01865625	0.10428656	0.00637720	0.00766556	-0.02336012
0.033333	0.08782014	-0.01847613	0.10394631	0.00171502	0.00729398	-0.01793846
0.050000	0.08772416	-0.01834095	0.10371803	0.00299988	0.00537827	-0.01580081
0.066666	0.08772535	-0.01822552	0.10349569	0.00102211	0.00328539	-0.00905152
0.083333	0.08778069	-0.01824638	0.10328585	0.00093717	0.00046027	-0.00377049
0.100000	0.08786842	-0.01826753	0.10328881	0.00093654	-0.00223709	0.00183177
0.116666	0.08787274	-0.01833374	0.10341714	-0.00068624	-0.00495668	0.00978135
0.133333	0.08782904	-0.01840625	0.10363051	-0.00342858	-0.00816235	0.02027907
0.149999	0.08773924	-0.01853492	0.10394684	-0.00661968	-0.01181042	0.03176631
0.166666	0.08762288	-0.01877457	0.10452837	-0.00954431	-0.01495394	0.04206160
0.183333	0.08744243	-0.01910873	0.10545073	-0.01217184	-0.01708167	0.04941740
0.199999	0.08720088	-0.01944782	0.10651799	-0.01350382	-0.01705126	0.05285779
0.216666	0.08692158	-0.01975459	0.10746139	-0.01233318	-0.01447342	0.05166968
0.233332	0.08665439	-0.01997682	0.10824551	-0.00908751	-0.01076919	0.04667885
0.249999	0.08652055	-0.02011067	0.10891720	-0.00501858	-0.00766078	0.04043971
0.266666	0.08654329	-0.02015508	0.10957474	-0.00121549	-0.00596753	0.03558612
0.283332	0.08660845	-0.02020966	0.11013922	0.00117586	-0.00609690	0.03254873
0.299999	0.08667040	-0.02030677	0.11061040	0.00179392	-0.00801942	0.03079594
0.316665	0.08666699	-0.02046780	0.11107385	0.00105068	-0.01128034	0.03059142
0.333332	0.08665822	-0.02068335	0.11155161	0.00028178	-0.01410923	0.03255637
0.349999	0.08667027	-0.02095161	0.11211644	0.00054274	-0.01557379	0.03501109
0.366665	0.08665473	-0.02128379	0.11274806	0.00167117	-0.01512697	0.03564800
0.383332	0.08669517	-0.02154837	0.11343855	0.00320067	-0.01310123	0.03327759
0.399998	0.08675545	-0.02177216	0.11403455	0.00542747	-0.00992846	0.02789825
0.416665	0.08686197	-0.02185727	0.11445346	0.00881437	-0.00651206	0.01955148
0.433332	0.08701986	-0.02193104	0.11467814	0.01290073	-0.00349955	0.00838622
0.449998	0.08723848	-0.02195162	0.11475476	0.01669905	-0.00158428	-0.00390274
0.466665	0.08759764	-0.02197684	0.11461736	0.01921192	-0.00087647	-0.01644454
0.483331	0.08799525	-0.02195485	0.11421989	0.02043419	-0.00036493	-0.02871007
0.499998	0.08837308	-0.02196803	0.11360969	0.02018806	0.00078688	-0.03876325
0.516665	0.08867475	-0.02197244	0.11279351	0.01830015	0.00221820	-0.04468615
0.533331	0.08894894	-0.02195765	0.11191501	0.01557956	0.00320100	-0.04758585
0.549998	0.08920989	-0.02183318	0.11110046	0.01314690	0.00441718	-0.04893300
0.566664	0.08941127	-0.02173684	0.11037109	0.01187579	0.00577541	-0.04872729
0.583331	0.08956028	-0.02164844	0.10957532	0.01108938	0.00666046	-0.04744042
0.599998	0.08970568	-0.02155391	0.10871422	0.01096510	0.00663067	-0.04623804
0.616664	0.08991285	-0.02142605	0.10790135	0.01110990	0.00613086	-0.04456817
0.633331	0.09011066	-0.02127727	0.10721137	0.01063157	0.00474446	-0.04047689
0.649997	0.09034386	-0.02120320	0.10657126	0.00952445	0.00240306	-0.03477367
0.666664	0.09046511	-0.02118381	0.10600468	0.00829864	-0.00066675	-0.02969761
0.683331	0.09055728	-0.02125273	0.10557786	0.00692579	-0.00320627	-0.02628106
0.699997	0.09064375	-0.02134340	0.10522876	0.00537968	-0.00453844	-0.02414672
0.716664	0.09075891	-0.02145818	0.10489343	0.00439146	-0.00458823	-0.02365364
0.733330	0.09084787	-0.02152548	0.10447149	0.00521889	-0.00309566	-0.02542118
0.749997	0.09087460	-0.02158255	0.10403423	0.00748488	-0.00116878	-0.02796676
0.766664	0.09092398	-0.02158062	0.10355096	0.00942394	0.00022129	-0.02896164
0.783330	0.09118142	-0.02151928	0.10300037	0.00968013	0.00042596	-0.02780664
0.799997	0.09146103	-0.02149018	0.10249770	0.00820569	0.00025319	-0.02482282
0.816663	0.09167477	-0.02148405	0.10209621	0.00560420	0.00078928	-0.01982447
0.833330	0.09161609	-0.02156198	0.10182679	0.00288003	0.00286469	-0.01342846
0.849997	0.09152048	-0.02154059	0.10167376	0.00067689	0.00612241	-0.00797655
0.866663	0.09151468	-0.02138969	0.10160600	0.00021786	0.00947392	-0.00568556
0.883330	0.09162369	-0.02111268	0.10162872	0.00192766	0.01173236	-0.00610183
0.899996	0.09166962	-0.02083910	0.10155813	0.00356653	0.01202459	-0.00730376
0.916663	0.09170849	-0.02065672	0.10134840	0.00395355	0.01076266	-0.00761706
0.933330	0.09175072	-0.02054047	0.10111318	0.00363072	0.00806201	-0.00562387
0.949996	0.09185043	-0.02042936	0.10097297	0.00296769	0.00408107	0.00011779
0.966663	0.09192665	-0.02031924	0.10105550	0.00073072	-0.00131772	0.00941727
0.983329	0.09195703	-0.02032535	0.10129197	-0.00346394	-0.00798847	0.02176830
0.999996	0.09187471	-0.02052874	0.10172989	-0.00926435	-0.01591777	0.03367146
1.016663	0.09165547	-0.02092288	0.10237593	-0.01487846	-0.02315906	0.04343948
1.033329	0.09132905	-0.02140631	0.10333145	-0.01894981	-0.02727280	0.05066184
1.049996	0.09090804	-0.02197430	0.10425476	-0.02041001	-0.02734190	0.05497567
1.066662	0.09053712	-0.02244932	0.10526245	-0.01896258	-0.02447801	0.05521200
1.083329	0.09020526	-0.02284594	0.10612044	-0.01589718	-0.02018075	0.05224245
1.099996	0.08999807	-0.02308333	0.10704231	-0.01236544	-0.01538020	0.04862588
1.116662	0.08987080	-0.02328409	0.10778398	-0.00938587	-0.01144823	0.04489048
1.133329	0.08973053	-0.02344681	0.10848485	-0.00739931	-0.00864880	0.04157239
1.149995	0.08964109	-0.02356032	0.10913208	-0.00571462	-0.00695989	0.03810015
1.166662	0.08951391	-0.02367263	0.10974016	-0.00299697	-0.00557444	0.03434269
1.183329	0.08944973	-0.02372647	0.11034776	0.00007749	-0.00493744	0.02925307
1.199995	0.08948852	-0.02381314	0.11081824	0.00262723	-0.00476749	0.02345355
1.216662	0.08962189	-0.02386565	0.11114297	0.00426659	-0.00505259	0.01778155
1.233328	0.08974968	-0.02397805	0.11133116	0.00461603	-0.00584468	0.01291355
1.249995	0.08981848	-0.02406220	0.11145320	0.00406338	-0.00669288	0.00973310
1.266662	0.08982336	-0.02419132	0.11162066	0.00320160	-0.00714250	0.00793229
1.283328	0.08986069	-0.02432373	0.11173949	0.00374501	-0.00661703	0.00550865
1.299995	0.08992168	-0.02445944	0.11187581	0.00559835	-0.00562208	0.00066854
1.316661	0.09001619	-0.02455096	0.11190392	0.00772680	-0.00350760	-0.00634662
1.333328	0.09020897	-0.02457593	0.11173867	0.01044747	-0.00078155	-0.01566841
1.349995	0.09037780	-0.02458707	0.11138628	0.01405371	0.00223048	-0.02664535
1.366661	0.09061022	-0.02449528	0.11085573	0.01720327	0.00546573	-0.03630187
1.383328	0.09093243	-0.02440924	0.11011017	0.01909118	0.00890899	-0.04285416
1.399994	0.09133652	-0.02422318	0.10926113	0.01961768	0.01195647	-0.04671823
1.416661	0.09172316	-0.02398907	0.10840915	0.01790195	0.01391722	-0.04822493
1.433328	0.09200562	-0.02370054	0.10764766	0.01379052	0.01435005	-0.04687428
1.449994	0.09219294	-0.02341829	0.10687572	0.00911392	0.01307578	-0.04339410
1.466661	0.09227430	-0.02320783	0.10612766	0.00621992	0.01046095	-0.03949494
1.483328	0.09227913	-0.02307811	0.10548714	0.00541797	0.00716122	-0.03520693
1.499994	0.09234146	-0.02299065	0.10496800	0.00558025	0.00425452	-0.03027358
1.516661	0.09247612	-0.02297322	0.10451804	0.00574442	0.00196975	-0.02632729
1.533327	0.09265196	-0.02294409	0.10414927	0.00467056	0.00034918	-0.02435411
1.549994	0.09274481	-0.02295681	0.10378361	0.00195526	-0.00079647	-0.02316573
1.566661	0.09273516	-0.02298347	0.10339643	-0.00142754	-0.00200554	-0.02162439
1.583327	0.09262363	-0.02301489	0.10297821	-0.00427561	-0.00297123	-0.01968004
1.599994	0.09250253	-0.02308057	0.10265297	-0.00583368	-0.00317497	-0.01715477
1.616660	0.09240065	-0.02316337	0.10242134	-0.00625769	-0.00269409	-0.01420015
1.633327	0.09231561	-0.02321348	0.10224641	-0.00645253	-0.00143828	-0.01124066
1.649994	0.09222089	-0.02323657	0.10208547	-0.00642336	0.00098355	-0.00830348
1.666660	0.09210428	-0.02318902	0.10192394	-0.00570828	0.00297734	-0.00540657
1.683327	0.09195431	-0.02312047	0.10183369	-0.00467708	0.00333651	-0.00190438
1.699993	0.09189482	-0.02297017	0.10185796	-0.00335225	0.00246112	0.00289911
1.716660	0.09187976	-0.02294983	0.10192567	-0.00147537	0.00142773	0.00904385
1.733327	0.09188533	-0.02297612	0.10212243	-0.00155807	-0.00062007	0.01616011
1.749993	0.09188744	-0.02304994	0.10240512	-0.00491647	-0.00421140	0.02267608
1.766660	0.09187572	-0.02304841	0.10288239	-0.00878427	-0.00747363	0.02725243
1.783326	0.09163756	-0.02318030	0.10348655	-0.01051665	-0.00948321	0.02908584
1.799993	0.09130356	-0.02343540	0.10402517	-0.01038146	-0.01075142	0.02881873
1.816660	0.09104619	-0.02370674	0.10449433	-0.00965774	-0.01189717	0.02721056
1.833326	0.09102149	-0.02387956	0.10482427	-0.00781811	-0.01163901	0.02648401
1.849993	0.09103284	-0.02400146	0.10523424	-0.00612250	-0.01045747	0.02869736
1.866659	0.09089608	-0.02417694	0.10569318	-0.00646318	-0.00987713	0.03359379
1.883326	0.09073636	-0.02435640	0.10630498	-0.00791583	-0.00928206	0.03891275
1.899992	0.09054658	-0.02453816	0.10706363	-0.00827293	-0.00772328	0.04200557
1.916659	0.09041804	-0.02469232	0.10786435	-0.00687993	-0.00522785	0.04269021
1.933326	0.09034174	-0.02471260	0.10862649	-0.00499116	-0.00288772	0.04114368
1.949992	0.09024968	-0.02473083	0.10923769	-0.00348171	-0.00094786	0.03843479
1.966659	0.09025055	-0.02467562	0.10981700	-0.00271418	0.00038073	0.03573074
1.983325	0.09019222	-0.02471100	0.11037721	-0.00232697	0.00058470	0.03413489
1.999992	0.09017440	-0.02469510	0.11095569	-0.00181195	-0.00011916	0.03287697
2.016659	0.09012340	-0.02467486	0.11151431	-0.00052616	-0.00082950	0.03112485
2.033325	0.09008411	-0.02469405	0.11204767	0.00178129	-0.00169068	0.02883055
2.049992	0.09013367	-0.02473592	0.11247545	0.00411654	-0.00324916	0.02594343
2.066658	0.09024539	-0.02479425	0.11289153	0.00589801	-0.00431154	0.02258220
2.083325	0.09041993	-0.02490725	0.11323054	0.00679660	-0.00410408	0.01864750
2.099992	0.09054992	-0.02499173	0.11354952	0.00704694	-0.00303024	0.01415411
2.116658	0.09061846	-0.02506479	0.11376035	0.00730834	-0.00146391	0.00866919
2.133325	0.09071591	-0.02502548	0.11385382	0.00846576	0.00040928	0.00224926
2.149992	0.09083868	-0.02499542	0.11384631	0.01095161	0.00246208	-0.00482360
2.166658	0.09106752	-0.02494134	0.11369578	0.01400130	0.00435016	-0.01177625
2.183325	0.09134562	-0.02488510	0.11344259	0.01665796	0.00587045	-0.01853324
2.199991	0.09166250	-0.02476511	0.11306465	0.01796607	0.00716959	-0.02458698
2.216658	0.09199462	-0.02460930	0.11259355	0.01726228	0.00770178	-0.02927564
2.233325	0.09230077	-0.02444123	0.11203770	0.01598953	0.00792280	-0.03244144
2.249991	0.09255127	-0.02431889	0.11144263	0.01514519	0.00766165	-0.03417245
2.266658	0.09272185	-0.02423441	0.11085770	0.01445355	0.00668663	-0.03449625
2.283324	0.09295802	-0.02410909	0.11028254	0.01256165	0.00487045	-0.03349593
2.299991	0.09322383	-0.02400754	0.10971881	0.01000785	0.00296608	-0.03217598
2.316658	0.09345288	-0.02394909	0.10919695	0.00614064	0.00095881	-0.03053450
2.333324	0.09347145	-0.02400419	0.10871243	0.00128985	-0.00157134	-0.02948553
2.349991	0.09343690	-0.02405869	0.10823155	-0.00265312	-0.00355904	-0.02948348
2.366657	0.09324463	-0.02413447	0.10780505	-0.00454320	-0.00387068	-0.02948907
2.383324	0.09317461	-0.02422863	0.10725839	-0.00509692	-0.00237799	-0.02853326
2.399991	0.09310988	-0.02427872	0.10674309	-0.00539439	-0.00043349	-0.02703409
2.416657	0.09309255	-0.02427490	0.10627322	-0.00567334	0.00149435	-0.02560983
2.433324	0.09297609	-0.02416931	0.10592955	-0.00652558	0.00294743	-0.02353905
2.449990	0.09280648	-0.02409617	0.10560354	-0.00749185	0.00349704	-0.02087899
2.466657	0.09265520	-0.02403066	0.10520702	-0.00740412	0.00317088	-0.01828201
2.483324	0.09254143	-0.02400851	0.10488505	-0.00485798	0.00290660	-0.01714527
2.499990	0.09244147	-0.02398334	0.10464792	-0.00146270	0.00337008	-0.01619982
2.516657	0.09245071	-0.02393183	0.10447621	0.00081193	0.00392323	-0.01471123
2.533323	0.09254389	-0.02383386	0.10419292	0.00151847	0.00353332	-0.01265743
2.549990	0.09264841	-0.02373020	0.10393003	0.00114128	0.00248996	-0.01013283
2.566657	0.09264389	-0.02367661	0.10372514	-0.00002120	0.00159742	-0.00717214
2.583323	0.09256177	-0.02374228	0.10371136	-0.00178070	0.00128968	-0.00392543
2.599990	0.09249846	-0.02375494	0.10373548	-0.00376505	0.00154678	-0.00097514
2.616656	0.09247652	-0.02373026	0.10374469	-0.00590927	0.00182481	0.00101254
2.633323	0.09241158	-0.02360531	0.10371596	-0.00856459	0.00148648	0.00269850
2.649990	0.09224741	-0.02354380	0.10375503	-0.01161751	-0.00045447	0.00579780
2.666656	0.09196111	-0.02358879	0.10384548	-0.01393324	-0.00372476	0.01060386
2.683323	0.09166451	-0.02370041	0.10408519	-0.01439793	-0.00715363	0.01607290
2.699989	0.09139502	-0.02389334	0.10440322	-0.01193625	-0.00852913	0.02079648
2.716656	0.09122141	-0.02406424	0.10484155	-0.00701236	-0.00769709	0.02407203
2.733323	0.09111310	-0.02422759	0.10529005	-0.00140526	-0.00590875	0.02568404
2.749989	0.09116890	-0.02427111	0.10573839	0.00264720	-0.00456593	0.02531460
2.766656	0.09130514	-0.02427516	0.10615852	0.00384612	-0.00404785	0.02373884
2.783322	0.09148077	-0.02431198	0.10655975	0.00233182	-0.00412579	0.02250125
2.799989	0.09150351	-0.02442696	0.10687333	-0.00113782	-0.00492971	0.02204784
2.816656	0.09140012	-0.02455644	0.10722039	-0.00442738	-0.00526929	0.02240868
2.833322	0.09122086	-0.02464570	0.10757819	-0.00681638	-0.00435841	0.02380958
2.849989	0.09106400	-0.02471086	0.10801630	-0.00789109	-0.00298978	0.02625423
2.866655	0.09100708	-0.02472545	0.10846441	-0.00784654	-0.00192620	0.02865981
2.883322	0.09087527	-0.02472721	0.10896198	-0.00677246	-0.00065872	0.03004097
2.899989	0.09074429	-0.02475846	0.10950638	-0.00489013	0.00158598	0.02999105
2.916655	0.09059705	-0.02475837	0.11004220	-0.00250005	0.00370070	0.02759449
2.933322	0.09058157	-0.02468714	0.11051795	0.00125412	0.00510827	0.02204989
2.949988	0.09069179	-0.02448731	0.11089718	0.00512080	0.00536224	0.01453979
2.966655	0.09080472	-0.02436751	0.11104820	0.00776320	0.00418182	0.00673837
2.983322	0.09102599	-0.02429795	0.11104305	0.00810407	0.00160894	0.00004079
2.999988	0.09113653	-0.02436331	0.11091985	0.00713109	-0.00141865	-0.00457527
3.016655	0.09127974	-0.02442014	0.11079200	0.00637511	-0.00290279	-0.00696133
3.033321	0.09131047	-0.02449528	0.11068387	0.00702552	-0.00237837	-0.00848535
3.049988	0.09137917	-0.02455830	0.11055513	0.00924881	0.00030822	-0.01056541
3.066655	0.09154873	-0.02453757	0.11039949	0.01182326	0.00380558	-0.01347923
3.083321	0.09182293	-0.02446544	0.11013808	0.01353418	0.00720396	-0.01662827
3.099988	0.09214390	-0.02424324	0.10979331	0.01293925	0.00944400	-0.01954906
3.116654	0.09239303	-0.02404044	0.10942979	0.01094968	0.01086808	-0.02108694
3.133321	0.09249636	-0.02383959	0.10904677	0.00785026	0.01207728	-0.01934707
3.149988	0.09254840	-0.02370362	0.10868917	0.00453303	0.01321979	-0.01645154
3.166654	0.09261920	-0.02349559	0.10841064	0.00160017	0.01419865	-0.01557691
3.183321	0.09264882	-0.02320337	0.10832410	-0.00104234	0.01434747	-0.01737966
3.199987	0.09265155	-0.02288352	0.10811038	-0.00393370	0.01344924	-0.01989000
3.216654	0.09251133	-0.02265162	0.10770548	-0.00617425	0.01162025	-0.02252036
3.233321	0.09235764	-0.02252789	0.10711050	-0.00700748	0.00936139	-0.02505469
3.249987	0.09217216	-0.02245411	0.10666998	-0.00639974	0.00712200	-0.02551208
3.266654	0.09210292	-0.02232013	0.10631958	-0.00531910	0.00532649	-0.02281209
3.283320	0.09206595	-0.02220643	0.10599306	-0.00405082	0.00367649	-0.01867238
3.299987	0.09204547	-0.02213208	0.10564801	-0.00270595	0.00154421	-0.01530556
3.316654	0.09194300	-0.02215670	0.10540404	-0.00181694	-0.00083840	-0.01203862
3.333320	0.09191328	-0.02222266	0.10525212	0.00022039	-0.00228578	-0.01005598
3.349987	0.09190487	-0.02229765	0.10517877	0.00343536	-0.00208601	-0.00986599
3.366653	0.09198790	-0.02234435	0.10509402	0.00693350	-0.00047099	-0.01096342
3.383320	0.09218878	-0.02233327	0.10482547	0.00901464	0.00151151	-0.01192314
3.399987	0.09237725	-0.02226712	0.10454983	0.00936247	0.00305943	-0.01257737
3.416653	0.09259870	-0.02218001	0.10427979	0.00473274	0.00340787	-0.01037229
3.433320	0.09266583	-0.02209996	0.10417917	-0.00404833	0.00229475	-0.00536038
3.449986	0.09266375	-0.02206299	0.10406771	-0.01318289	0.00100654	0.00058636
3.466653	0.09219830	-0.02208196	0.10419337	-0.01960390	-0.00025901	0.00491003
3.483320	0.09168094	-0.02214406	0.10431278	-0.02263615	-0.00129963	0.00874951
3.499986	0.09116389	-0.02213550	0.10458213	-0.02298263	-0.00287876	0.01309918
3.516653	0.09092151	-0.02218472	0.10468205	-0.02109215	-0.00531546	0.01744024
3.533319	0.09070998	-0.02220881	0.10503160	-0.01792132	-0.00966441	0.02013870
3.549986	0.09038250	-0.02244096	0.10540885	-0.01330437	-0.01423461	0.02176822
3.566653	0.09002073	-0.02271425	0.10596611	-0.00701479	-0.01638922	0.02400396
3.583319	0.08987749	-0.02317851	0.10625947	0.00003919	-0.01525668	0.02642500
3.599986	0.09003247	-0.02345369	0.10664272	0.00557253	-0.01191335	0.02860222
3.616652	0.09044629	-0.02358787	0.10707591	0.00854049	-0.00775847	0.03009938
3.633319	0.09061439	-0.02354494	0.10776225	0.00804323	-0.00296840	0.03186946
3.649986	0.09064794	-0.02356992	0.10836477	0.00413345	0.00037680	0.03255361
3.666652	0.09058201	-0.02360372	0.10887769	-0.00084721	0.00195619	0.03152666
3.683319	0.09058212	-0.02355740	0.10930825	-0.00469094	0.00227980	0.02952475
3.699986	0.09055552	-0.02346623	0.10979401	-0.00701464	0.00324600	0.02870388
3.716652	0.09038893	-0.02337103	0.11027580	-0.00768814	0.00446741	0.02797581
3.733319	0.09013184	-0.02335357	0.11079398	-0.00725473	0.00548578	0.02653024
3.749985	0.08997282	-0.02327332	0.11123421	-0.00484603	0.00533798	0.02243211
3.766652	0.08994512	-0.02315003	0.11159131	-0.00013273	0.00492314	0.01593909
3.783319	0.09003617	-0.02298561	0.11186650	0.00555775	0.00440254	0.00747997
3.799985	0.09015825	-0.02297133	0.11187787	0.01010131	0.00371266	-0.00042554
3.816652	0.09036481	-0.02293676	0.11180048	0.01318058	0.00255157	-0.00747058
3.833318	0.09064081	-0.02296155	0.11148266	0.01552178	0.00177029	-0.01363704
3.849985	0.09092452	-0.02285223	0.11129391	0.01809276	0.00205754	-0.01911659
3.866652	0.09123373	-0.02284807	0.11094264	0.02031155	0.00318605	-0.02326509
3.883318	0.09154864	-0.02278730	0.11055088	0.02159965	0.00536834	-0.02511005
3.899985	0.09197937	-0.02275388	0.10997892	0.02116692	0.00768946	-0.02590469
3.916651	0.09238531	-0.02258824	0.10948300	0.01938708	0.00880996	-0.02679828
3.933318	0.09273630	-0.02232887	0.10913709	0.01701522	0.00734079	-0.02934352
3.949985	0.09291378	-0.02212247	0.10877898	0.01372998	0.00442597	-0.03229266
3.966651	0.09308008	-0.02210728	0.10821206	0.01001705	0.00173596	-0.03469138
3.983318	0.09326077	-0.02224772	0.10741638	0.00625333	0.00083641	-0.03495517
3.999984	0.09338011	-0.02235128	0.10668051	0.00251156	0.00150866	-0.03258267
4.016651	0.09340852	-0.02223307	0.10621335	-0.00115518	0.00390499	-0.02686165
4.033318	0.09328458	-0.02203531	0.10594921	-0.00378666	0.00693247	-0.01946040
4.049984	0.09313300	-0.02189999	0.10569517	-0.00463905	0.00820963	-0.01398636
4.066651	0.09304295	-0.02179110	0.10549609	-0.00448054	0.00656763	-0.01202577
4.083317	0.09301061	-0.02169609	0.10531175	-0.00449015	0.00378958	-0.01151991
4.099984	0.09303121	-0.02159011	0.10516711	-0.00504529	0.00173564	-0.01061250
4.116651	0.09291345	-0.02161441	0.10495087	-0.00561817	0.00051875	-0.00949152
4.133317	0.09274389	-0.02167564	0.10477758	-0.00642570	-0.00082208	-0.00832326
4.149984	0.09258888	-0.02170683	0.10465025	-0.00678534	-0.00167693	-0.00680390
4.166650	0.09252475	-0.02169229	0.10457825	-0.00595509	-0.00127215	-0.00539737
4.183317	0.09245869	-0.02171661	0.10452060	-0.00415569	0.00031207	-0.00476608
4.199984	0.09238445	-0.02173546	0.10445976	-0.00226666	0.00273965	-0.00450315
4.216650	0.09230462	-0.02173534	0.10435129	-0.00094094	0.00515678	-0.00423336
4.233317	0.09233873	-0.02157345	0.10427214	-0.00018191	0.00725745	-0.00407194
4.249983	0.09238388	-0.02136757	0.10420468	0.00012979	0.00895706	-0.00339401
4.266650	0.09242754	-0.02118986	0.10418797	-0.00040688	0.00965940	-0.00179727
4.283317	0.09237126	-0.02106531	0.10412729	-0.00195467	0.00900795	0.00030413
4.299983	0.09231712	-0.02093913	0.10414076	-0.00327384	0.00802935	0.00277491
4.316650	0.09223515	-0.02079266	0.10419781	-0.00383010	0.00719365	0.00576647
4.333316	0.09216608	-0.02065803	0.10434059	-0.00300420	0.00584160	0.00821962
4.349983	0.09212008	-0.02056161	0.10452536	-0.00203633	0.00283584	0.01007706
4.366650	0.09207183	-0.02051090	0.10474010	-0.00290723	-0.00236275	0.01370216
4.383316	0.09211646	-0.02056374	0.10488985	-0.00759258	-0.00989573	0.02051190
4.399982	0.09204651	-0.02075398	0.10517400	-0.01479974	-0.01867458	0.02985977
4.416649	0.09177703	-0.02114987	0.10572813	-0.02075561	-0.02566003	0.03948007
4.433316	0.09118418	-0.02174640	0.10662029	-0.02095834	-0.02821863	0.04736323
4.449983	0.09057818	-0.02239025	0.10762914	-0.01385728	-0.02571475	0.05071272
4.466649	0.09029826	-0.02284627	0.10853036	-0.00274700	-0.01945825	0.04768062
4.483315	0.09055523	-0.02304240	0.10930596	0.00747691	-0.01210030	0.03944017
4.499982	0.09106261	-0.02304865	0.10988314	0.01269245	-0.00616690	0.02939716
4.516649	0.09141967	-0.02305960	0.11027613	0.01233866	-0.00268819	0.01986821
4.533316	0.09146371	-0.02312760	0.11049300	0.00774789	-0.00201186	0.01131476
4.549982	0.09138293	-0.02320114	0.11057322	0.00269146	-0.00307519	0.00405276
4.566648	0.09141871	-0.02320784	0.11060015	0.00044439	-0.00453602	-0.00161172
4.583315	0.09147541	-0.02326530	0.11051068	0.00132286	-0.00514235	-0.00440238
4.599982	0.09152143	-0.02336754	0.11037090	0.00247532	-0.00559910	-0.00505569
4.616649	0.09151081	-0.02355908	0.11020234	0.00218836	-0.00706825	-0.00503583
4.633315	0.09156747	-0.02362439	0.11018649	0.00112463	-0.00922431	-0.00480255
4.649981	0.09161562	-0.02374062	0.11016639	0.00006955	-0.01107405	-0.00406099
4.666648	0.09162302	-0.02392696	0.11011375	-0.00056088	-0.01240511	-0.00342497
4.683315	0.09156016	-0.02423722	0.10997879	-0.00086904	-0.01327142	-0.00343924
4.699982	0.09149365	-0.02452137	0.10991520	-0.00052940	-0.01239385	-0.00313823
4.716648	0.09150127	-0.02471251	0.10988978	0.00059948	-0.00926603	-0.00210036
4.733315	0.09155443	-0.02481868	0.10989665	0.00276600	-0.00437663	-0.00153099
4.749981	0.09161761	-0.02485652	0.10987509	0.00494680	0.00020075	-0.00249685
4.766648	0.09168977	-0.02480861	0.10985502	0.00590990	0.00363351	-0.00416109
4.783315	0.09182477	-0.02468394	0.10974794	0.00568236	0.00610336	-0.00563415
4.799981	0.09196561	-0.02454411	0.10962231	0.00543921	0.00794065	-0.00650185
4.816648	0.09204630	-0.02440722	0.10947438	0.00566619	0.00944313	-0.00627312
4.833314	0.09207012	-0.02426843	0.10937496	0.00581926	0.01067112	-0.00502421
4.849981	0.09215334	-0.02408349	0.10929972	0.00626805	0.01161161	-0.00339137
4.866648	0.09230607	-0.02384354	0.10928392	0.00705800	0.01147996	-0.00180111
4.883314	0.09246115	-0.02361661	0.10926010	0.00721696	0.00978373	-0.00073720
4.899981	0.09260137	-0.02342811	0.10927001	0.00613669	0.00691446	-0.00083376
4.916647	0.09267528	-0.02337411	0.10926405	0.00467779	0.00406298	-0.00278593
4.933314	0.09272178	-0.02337682	0.10925592	0.00342542	0.00171724	-0.00589149
4.949981	0.09274936	-0.02339949	0.10914223	0.00240409	0.00016347	-0.00932783
4.966647	0.09280133	-0.02337037	0.10890636	0.00190430	0.00000241	-0.01239655
4.983314	0.09283914	-0.02336566	0.10863228	0.00217148	0.00072853	-0.01439108
4.999980	0.09285221	-0.02337452	0.10835727	0.00257478	0.00169485	-0.01448399
5.016647	0.09288043	-0.02335221	0.10812613	0.00251097	0.00245054	-0.01336204
5.033314	0.09295630	-0.02329499	0.10792071	0.00183691	0.00355615	-0.01255577
5.049980	0.09301217	-0.02319472	0.10774454	0.00030521	0.00532544	-0.01236719
5.066647	0.09302999	-0.02312404	0.10756244	-0.00172027	0.00697974	-0.01270985
5.083313	0.09294593	-0.02300874	0.10731939	-0.00366849	0.00824783	-0.01315312
5.099980	0.09282474	-0.02283219	0.10708955	-0.00523633	0.00908558	-0.01336263
5.116647	0.09272651	-0.02266142	0.10683614	-0.00644649	0.00963170	-0.01256940
5.133313	0.09264018	-0.02246521	0.10664423	-0.00661976	0.00897744	-0.01156785
5.149980	0.09254139	-0.02235033	0.10645822	-0.00527142	0.00772569	-0.01105425
5.166646	0.09238800	-0.02220523	0.10633463	-0.00302700	0.00735970	-0.01077503
5.183313	0.09231763	-0.02215287	0.10613621	-0.00048228	0.00820688	-0.01012769
5.199979	0.09237966	-0.02203284	0.10594187	0.00221328	0.00913792	-0.00927072
5.216646	0.09249183	-0.02183912	0.10575023	0.00356795	0.00893283	-0.00866584
5.233313	0.09260931	-0.02160656	0.10566900	0.00268893	0.00815234	-0.00791199
5.249979	0.09265441	-0.02145169	0.10557442	0.00117712	0.00642365	-0.00709909
5.266646	0.09259278	-0.02143571	0.10545486	0.00050381	0.00430379	-0.00621224
5.283312	0.09253491	-0.02141445	0.10530609	0.00043284	0.00282169	-0.00583044
5.299979	0.09254947	-0.02139609	0.10520287	-0.00077676	0.00218711	-0.00647734
5.316646	0.09264705	-0.02131741	0.10516752	-0.00304406	0.00233339	-0.00715482
5.333313	0.09266292	-0.02124862	0.10508096	-0.00630381	0.00256411	-0.00684711
5.349979	0.09242620	-0.02125478	0.10486822	-0.01039256	0.00275364	-0.00553919
5.366645	0.09216747	-0.02120269	0.10472403	-0.01410270	0.00199600	-0.00355670
5.383312	0.09184681	-0.02118370	0.10467052	-0.01633054	0.00061359	0.00033222
5.399979	0.09162708	-0.02109336	0.10480054	-0.01857180	-0.00166527	0.00703788
5.416646	0.09136458	-0.02115902	0.10490693	-0.02221586	-0.00539258	0.01607335
5.433312	0.09100322	-0.02126774	0.10517005	-0.02512174	-0.01022814	0.02521376
5.449978	0.09046865	-0.02150385	0.10565350	-0.02511422	-0.01442471	0.03324145
5.466645	0.08986434	-0.02180686	0.10642593	-0.02170098	-0.01640524	0.03984068
5.483312	0.08949678	-0.02215802	0.10721966	-0.01656297	-0.01669716	0.04359296
5.499979	0.08939548	-0.02244435	0.10798544	-0.01084224	-0.01549541	0.04421527
5.516645	0.08940385	-0.02266979	0.10865674	-0.00672060	-0.01383501	0.04253047
5.533311	0.08932067	-0.02284566	0.10935046	-0.00550377	-0.01170589	0.04128413
5.549978	0.08916508	-0.02303154	0.11004026	-0.00526207	-0.00918667	0.04072801
5.566645	0.08900747	-0.02322613	0.11069693	-0.00310489	-0.00658158	0.03886544
5.583312	0.08894420	-0.02331713	0.11139918	0.00153710	-0.00415729	0.03397594
5.599978	0.08902267	-0.02332559	0.11199550	0.00701326	-0.00195970	0.02635858
5.616644	0.08924454	-0.02329104	0.11241282	0.01182311	0.00001557	0.01734442
5.633311	0.08952035	-0.02328544	0.11256916	0.01513565	0.00071466	0.00774927
5.649978	0.08980548	-0.02330797	0.11252113	0.01730382	0.00072457	-0.00139893
5.666645	0.09008001	-0.02326227	0.11244980	0.01955304	0.00180136	-0.00972737
5.683311	0.09038124	-0.02327606	0.11224643	0.02298733	0.00503549	-0.01686472
5.699977	0.09077129	-0.02319305	0.11195069	0.02681586	0.00906284	-0.02365014
5.716644	0.09127800	-0.02303221	0.11143911	0.02888356	0.01255387	-0.03042527
5.733311	0.09188478	-0.02270044	0.11085217	0.02804346	0.01528290	-0.03577444
5.749978	0.09242456	-0.02237057	0.11018359	0.02438752	0.01660289	-0.03859230
5.766644	0.09277485	-0.02209744	0.10948057	0.01844931	0.01628696	-0.03877797
5.783310	0.09297563	-0.02186208	0.10882043	0.01089972	0.01444774	-0.03717858
5.799977	0.09307597	-0.02163964	0.10820696	0.00315876	0.01231104	-0.03360847
5.816644	0.09311984	-0.02141710	0.10767347	-0.00297656	0.01016213	-0.02935220
5.833311	0.09300210	-0.02125704	0.10721570	-0.00631886	0.00839692	-0.02610202
5.849977	0.09276555	-0.02115960	0.10686479	-0.00753555	0.00706975	-0.02397949
5.866643	0.09255931	-0.02109683	0.10652189	-0.00790692	0.00616776	-0.02227147
5.883310	0.09249569	-0.02099369	0.10612716	-0.00743128	0.00555469	-0.02101839
5.899977	0.09247186	-0.02087346	0.10574307	-0.00611356	0.00505405	-0.02012641
5.916644	0.09235608	-0.02076483	0.10542221	-0.00450851	0.00462379	-0.01849878
5.933310	0.09219463	-0.02072230	0.10514859	-0.00314859	0.00453243	-0.01528638
5.949976	0.09211969	-0.02068868	0.10490268	-0.00125550	0.00509452	-0.01206652
5.966643	0.09218138	-0.02062175	0.10469893	0.00130874	0.00611520	-0.00973556
5.983310	0.09227357	-0.02047374	0.10462564	0.00225191	0.00718884	-0.00803921
5.999976	0.09235582	-0.02030367	0.10450829	0.00107963	0.00792357	-0.00624678
6.016643	0.09237459	-0.02016262	0.10442406	0.00017021	0.00847284	-0.00486283
6.033309	0.09226695	-0.02005769	0.10428615	0.00153296	0.00906012	-0.00387491
6.049976	0.09222005	-0.01993698	0.10426430	0.00439977	0.00953698	-0.00334305
6.066643	0.09231579	-0.01974662	0.10423881	0.00643476	0.00967697	-0.00309293
6.083309	0.09260472	-0.01952428	0.10423738	0.00681086	0.00921015	-0.00315220
6.099976	0.09284085	-0.01936192	0.10412941	0.00564272	0.00823159	-0.00338787
6.116642	0.09283125	-0.01926111	0.10405728	0.00349072	0.00687678	-0.00333389
6.133309	0.09275034	-0.01921233	0.10396352	0.00141703	0.00557594	-0.00409575
6.149976	0.09270094	-0.01910873	0.10397796	0.00129421	0.00475497	-0.00578644
6.166642	0.09280562	-0.01901468	0.10392302	0.00273050	0.00427518	-0.00803939
6.183309	0.09292201	-0.01893102	0.10373774	0.00405850	0.00365945	-0.00964399
6.199975	0.09300365	-0.01889144	0.10347173	0.00372434	0.00254219	-0.01051534
6.216642	0.09303030	-0.01887286	0.10322380	0.00133746	0.00099495	-0.01015716
6.233309	0.09305581	-0.01885077	0.10313181	-0.00244943	-0.00120538	-0.00795405
6.249975	0.09301852	-0.01886175	0.10305130	-0.00743765	-0.00425628	-0.00331005
6.266642	0.09289210	-0.01893645	0.10296760	-0.01332307	-0.00888794	0.00385245
6.283309	0.09259251	-0.01911182	0.10298209	-0.01927726	-0.01463978	0.01360481
6.299975	0.09217957	-0.01940108	0.10323109	-0.02294162	-0.01961463	0.02527534
6.316642	0.09168995	-0.01982927	0.10383525	-0.02136611	-0.02152855	0.03687329
6.333308	0.09123661	-0.02030039	0.10466351	-0.01402745	-0.01969915	0.04632610
6.349975	0.09098575	-0.02068833	0.10556506	-0.00466449	-0.01552162	0.05153080
6.366642	0.09108178	-0.02085239	0.10647102	0.00309077	-0.01092522	0.05148081
6.383308	0.09140783	-0.02088113	0.10735013	0.00746592	-0.00730152	0.04733302
6.399975	0.09164659	-0.02092269	0.10816746	0.00776417	-0.00557257	0.04146421
6.416641	0.09170616	-0.02105260	0.10880264	0.00358300	-0.00600224	0.03550562
6.433308	0.09164991	-0.02120250	0.10926460	-0.00356221	-0.00770059	0.03026520
6.449975	0.09159526	-0.02132216	0.10967653	-0.00976041	-0.00904622	0.02669561
6.466641	0.09141786	-0.02144404	0.11008205	-0.01243607	-0.00878527	0.02550642
6.483308	0.09106427	-0.02163505	0.11052432	-0.01167287	-0.00721153	0.02527873
6.499974	0.09074918	-0.02180909	0.11095333	-0.00852540	-0.00490953	0.02413081
6.516641	0.09062521	-0.02187531	0.11138965	-0.00344285	-0.00197326	0.02122668
6.533308	0.09074166	-0.02182974	0.11174306	0.00167713	0.00096049	0.01693259
6.549974	0.09089935	-0.02173889	0.11199334	0.00475304	0.00307219	0.01173829
6.566641	0.09100966	-0.02166970	0.11211313	0.00553960	0.00415734	0.00590550
6.583307	0.09103394	-0.02163476	0.11216091	0.00598984	0.00468130	-0.00027575
6.599974	0.09107760	-0.02156333	0.11212049	0.00805586	0.00545694	-0.00688213
6.616641	0.09120338	-0.02146310	0.11198547	0.01181369	0.00674429	-0.01386521
6.633307	0.09147376	-0.02132014	0.11169343	0.01637309	0.00880749	-0.02128535
6.649974	0.09182055	-0.02116529	0.11125533	0.02082427	0.01124541	-0.02899211
6.666640	0.09221340	-0.02099617	0.11069668	0.02371272	0.01327685	-0.03643452
6.683307	0.09262172	-0.02072526	0.11003126	0.02270097	0.01405606	-0.04197722
6.699974	0.09308442	-0.02043829	0.10925392	0.01803171	0.01362665	-0.04430777
6.716640	0.09344609	-0.02016395	0.10840391	0.01170979	0.01148423	-0.04382430
6.733307	0.09353762	-0.02001322	0.10763139	0.00632601	0.00876614	-0.04146179
6.749973	0.09345767	-0.01991926	0.10701154	0.00205413	0.00608643	-0.03794856
6.766640	0.09334713	-0.01990523	0.10646523	-0.00012849	0.00427500	-0.03342474
6.783307	0.09344529	-0.01979606	0.10594379	-0.00073228	0.00318540	-0.02805345
6.799973	0.09347994	-0.01977113	0.10541746	-0.00174948	0.00253214	-0.02238588
6.816640	0.09352092	-0.01967429	0.10506940	-0.00403849	0.00236143	-0.01673511
6.833306	0.09334525	-0.01971417	0.10490690	-0.00596567	0.00259736	-0.01126480
6.849973	0.09314178	-0.01967520	0.10483861	-0.00626339	0.00316800	-0.00708125
6.866640	0.09298683	-0.01962133	0.10477278	-0.00515180	0.00377058	-0.00581952
6.883306	0.09298390	-0.01950438	0.10467406	-0.00302949	0.00444176	-0.00663168
6.899973	0.09301049	-0.01941127	0.10456034	-0.00121411	0.00462422	-0.00793967
6.916639	0.09302187	-0.01934846	0.10439178	-0.00088677	0.00467359	-0.00888131
6.933306	0.09295276	-0.01931150	0.10423160	-0.00111174	0.00402420	-0.01112335
6.949973	0.09293986	-0.01922028	0.10405833	-0.00055891	0.00363257	-0.01431679
6.966639	0.09286939	-0.01914100	0.10387877	0.00071153	0.00424031	-0.01660003
6.983306	0.09295609	-0.01909748	0.10348092	0.00138656	0.00540281	-0.01726127
6.999972	0.09299854	-0.01903342	0.10310677	0.00131179	0.00639279	-0.01624356
7.016639	0.09308190	-0.01890557	0.10279249	0.00094463	0.00739060	-0.01274900
7.033306	0.09302333	-0.01872762	0.10266889	0.00002105	0.00840324	-0.00708180
7.049972	0.09299440	-0.01856872	0.10262522	-0.00114188	0.00833382	-0.00169658
7.066639	0.09297445	-0.01844159	0.10266266	-0.00328631	0.00577942	0.00250568
7.083305	0.09297387	-0.01831953	0.10274241	-0.00612947	0.00133411	0.00664755
7.099972	0.09289175	-0.01829253	0.10284939	-0.01037203	-0.00419413	0.01278480
7.116639	0.09264354	-0.01842866	0.10303158	-0.01608248	-0.01093640	0.02160479
7.133305	0.09231582	-0.01867797	0.10342121	-0.02342110	-0.01785161	0.03346695
7.149972	0.09188527	-0.01906076	0.10406917	-0.02861533	-0.02252318	0.04685759
7.166638	0.09135135	-0.01952334	0.10501296	-0.02782743	-0.02435574	0.05738359
7.183305	0.09067077	-0.02000785	0.10618880	-0.02024983	-0.02350912	0.06235259
7.199972	0.09024898	-0.02039191	0.10742812	-0.00906776	-0.02030902	0.06172923
7.216638	0.09024496	-0.02070101	0.10844476	0.00130877	-0.01588733	0.05637973
7.233305	0.09067556	-0.02089385	0.10928717	0.00759731	-0.01222944	0.04760481
7.249971	0.09103143	-0.02104405	0.10995474	0.00792633	-0.01033963	0.03842298
7.266638	0.09110188	-0.02115249	0.11055484	0.00254084	-0.00972468	0.03227694
7.283305	0.09092832	-0.02132902	0.11098570	-0.00518827	-0.01036580	0.02940964
7.299971	0.09074087	-0.02152314	0.11136337	-0.00986330	-0.01136884	0.02825044
7.316638	0.09054518	-0.02172431	0.11183140	-0.00918060	-0.01168619	0.02763968
7.333304	0.09037022	-0.02195041	0.11236028	-0.00448668	-0.01008931	0.02714745
7.349971	0.09025282	-0.02212222	0.11287503	0.00052113	-0.00787110	0.02486678
7.366638	0.09034978	-0.02226243	0.11327091	0.00498401	-0.00577110	0.01962807
7.383304	0.09058969	-0.02225268	0.11355575	0.00920702	-0.00346161	0.01156446
7.399971	0.09077320	-0.02230596	0.11370689	0.01321265	-0.00053027	0.00242081
7.416637	0.09096554	-0.02232425	0.11368378	0.01622348	0.00283747	-0.00654886
7.433304	0.09118354	-0.02231011	0.11344754	0.01863234	0.00633447	-0.01524950
7.449971	0.09159723	-0.02215128	0.11310261	0.02075893	0.01028133	-0.02323950
7.466637	0.09202896	-0.02188562	0.11264092	0.02154847	0.01413582	-0.02972026
7.483304	0.09242633	-0.02160803	0.11210080	0.01923632	0.01630943	-0.03499194
7.499970	0.09273289	-0.02131495	0.11145469	0.01389148	0.01565951	-0.03978913
7.516637	0.09292883	-0.02100787	0.11075555	0.00836126	0.01371614	-0.04334463
7.533304	0.09298398	-0.02080423	0.10998108	0.00457713	0.01167405	-0.04441238
7.549970	0.09294963	-0.02065936	0.10916706	0.00311570	0.00913946	-0.04338680
7.566637	0.09294179	-0.02055648	0.10841393	0.00266493	0.00618733	-0.04112438
7.583303	0.09303758	-0.02043335	0.10779570	0.00222479	0.00336227	-0.03761507
7.599970	0.09317189	-0.02037612	0.10722058	0.00123818	0.00097035	-0.03279881
7.616637	0.09318725	-0.02040179	0.10669672	-0.00034806	-0.00052197	-0.02775281
7.633303	0.09310430	-0.02048902	0.10621474	-0.00193314	-0.00090246	-0.02342822
7.649970	0.09297942	-0.02054107	0.10590675	-0.00284472	-0.00007183	-0.01949687
7.666636	0.09294223	-0.02050593	0.10566186	-0.00306801	0.00078889	-0.01598163
7.683303	0.09296134	-0.02042471	0.10543804	-0.00268043	0.00092907	-0.01323567
7.699970	0.09294157	-0.02036288	0.10521757	-0.00338790	0.00070509	-0.01011446
7.716636	0.09285066	-0.02041241	0.10501365	-0.00482218	0.00040204	-0.00643613
7.733303	0.09276289	-0.02047278	0.10490890	-0.00594134	0.00002900	-0.00339681
7.749969	0.09257716	-0.02045964	0.10498417	-0.00561504	0.00010253	-0.00228268
7.766636	0.09253144	-0.02040435	0.10502493	-0.00437742	0.00110635	-0.00316468
7.783303	0.09241549	-0.02036656	0.10501562	-0.00294992	0.00206564	-0.00552418
7.799969	0.09246490	-0.02037088	0.10478254	-0.00199676	0.00209882	-0.00847879
7.816636	0.09242465	-0.02033074	0.10457348	-0.00163530	0.00195408	-0.01024232
7.833302	0.09241287	-0.02027729	0.10438550	-0.00101597	0.00272401	-0.00938136
7.849969	0.09234958	-0.02024078	0.10424193	-0.00074536	0.00347963	-0.00607113
7.866636	0.09232739	-0.02018610	0.10415780	-0.00103508	0.00288045	-0.00260145
7.883302	0.09237466	-0.02009915	0.10413732	-0.00247018	0.00178848	0.00030916
7.899969	0.09237419	-0.02005293	0.10421658	-0.00475423	0.00052013	0.00354958
7.916636	0.09226141	-0.02009061	0.10429944	-0.00904765	-0.00271541	0.00749006
7.933302	0.09206125	-0.02014161	0.10438780	-0.01619450	-0.00932818	0.01282451
7.949969	0.09176936	-0.02025141	0.10462407	-0.02441777	-0.01778962	0.02051011
7.966635	0.09135590	-0.02056898	0.10495880	-0.02973300	-0.02501685	0.03104859
7.983302	0.09067281	-0.02118274	0.10559501	-0.02833810	-0.02887705	0.04212198
7.999969	0.08997266	-0.02189456	0.10640795	-0.02002038	-0.02835169	0.05049874
8.016635	0.08956654	-0.02241848	0.10746495	-0.00779576	-0.02348856	0.05413654
8.033301	0.08971974	-0.02267062	0.10849664	0.00437317	-0.01569142	0.05213084
8.049969	0.09017225	-0.02276069	0.10937648	0.01229272	-0.00807790	0.04540033
8.066635	0.09055502	-0.02283060	0.11005118	0.01327378	-0.00300791	0.03640297
8.083302	0.09070830	-0.02286390	0.11051583	0.00807560	-0.00024341	0.02887342
8.099968	0.09070184	-0.02285591	0.11086487	0.00179381	0.00205892	0.02381096
8.116634	0.09064152	-0.02279222	0.11119496	-0.00168618	0.00450373	0.02111503
8.133302	0.09056265	-0.02269663	0.11155336	-0.00150506	0.00633929	0.01971200
8.149968	0.09052923	-0.02255260	0.11190419	0.00079617	0.00734174	0.01793243
8.166635	0.09054485	-0.02240675	0.11221575	0.00402009	0.00786251	0.01507717
8.183301	0.09067322	-0.02227756	0.11244348	0.00677149	0.00807802	0.01168967
8.199967	0.09082782	-0.02216106	0.11257992	0.00762223	0.00721971	0.00801566
8.216635	0.09103345	-0.02202892	0.11266615	0.00594782	0.00525335	0.00450877
8.233301	0.09113779	-0.02190134	0.11273257	0.00275091	0.00279380	0.00211854
8.249968	0.09114292	-0.02188313	0.11272942	-0.00048708	-0.00012634	0.00093203
8.266634	0.09102654	-0.02194077	0.11270930	-0.00256580	-0.00288335	0.00070457
8.283300	0.09093100	-0.02204277	0.11269910	-0.00245308	-0.00391868	0.00134174
8.299968	0.09088001	-0.02216076	0.11272931	-0.00033923	-0.00283517	0.00300267
8.316634	0.09091952	-0.02220665	0.11281120	0.00245561	-0.00077429	0.00436270
8.333301	0.09100330	-0.02217809	0.11289789	0.00441225	0.00100863	0.00438867
8.349967	0.09112789	-0.02209212	0.11303383	0.00527887	0.00160182	0.00323755
8.366633	0.09122040	-0.02202654	0.11306890	0.00555186	0.00122899	0.00100118
8.383301	0.09129922	-0.02203733	0.11305838	0.00650733	0.00100228	-0.00272741
8.399967	0.09136662	-0.02208622	0.11299008	0.00913434	0.00218698	-0.00787440
8.416634	0.09149923	-0.02208914	0.11284612	0.01333365	0.00520697	-0.01367634
8.433300	0.09175795	-0.02197887	0.11259360	0.01660335	0.00774383	-0.02103136
8.449966	0.09214808	-0.02173385	0.11217371	0.01801170	0.00873840	-0.02925143
8.466634	0.09257309	-0.02147169	0.11163639	0.01810826	0.00861007	-0.03693096
8.483300	0.09281372	-0.02139821	0.11088616	0.01648149	0.00820131	-0.04216460
8.499967	0.09301496	-0.02135012	0.11009118	0.01255815	0.00741522	-0.04476956
8.516633	0.09321204	-0.02129360	0.10925518	0.00691763	0.00642379	-0.04528548
8.533299	0.09338138	-0.02106187	0.10855501	0.00084807	0.00623270	-0.04276043
8.549967	0.09338792	-0.02091129	0.10785588	-0.00488328	0.00600923	-0.03755096
8.566633	0.09313865	-0.02087200	0.10719928	-0.00885140	0.00468887	-0.03058904
8.583300	0.09284259	-0.02083953	0.10672297	-0.01024656	0.00218766	-0.02380440
8.599966	0.09261698	-0.02082899	0.10641028	-0.00947267	0.00056942	-0.01783069
8.616632	0.09256755	-0.02077078	0.10630096	-0.00807478	-0.00053536	-0.01355448
8.633300	0.09254962	-0.02082083	0.10612009	-0.00775594	-0.00139547	-0.01105130
8.649966	0.09241534	-0.02085339	0.10591921	-0.00824533	-0.00103550	-0.01008209
8.666633	0.09219754	-0.02093649	0.10569646	-0.00827502	0.00099379	-0.00978295
8.683299	0.09195141	-0.02093262	0.10555471	-0.00615782	0.00388189	-0.00916730
8.699965	0.09187265	-0.02079817	0.10545760	-0.00247919	0.00639565	-0.00886652
8.716633	0.09191661	-0.02060556	0.10533623	0.00104886	0.00846777	-0.00922833
8.733299	0.09206048	-0.02042842	0.10516725	0.00270085	0.00936182	-0.00961598
8.749966	0.09213512	-0.02030925	0.10495628	0.00234292	0.00931014	-0.00812467
8.766632	0.09214269	-0.02017793	0.10476018	0.00114192	0.00890447	-0.00469113
8.783298	0.09208089	-0.02001729	0.10469489	0.00005901	0.00848639	-0.00119277
8.799965	0.09207521	-0.01984550	0.10479166	-0.00022724	0.00786240	0.00163913
8.816632	0.09209436	-0.01970665	0.10493521	0.00087481	0.00714548	0.00372113
8.833299	0.09213205	-0.01962185	0.10497355	0.00262224	0.00572289	0.00425776
8.849965	0.09214073	-0.01956018	0.10499416	0.00229438	0.00254328	0.00475327
8.866632	0.09223931	-0.01946541	0.10504697	-0.00214816	-0.00313023	0.00890221
8.883298	0.09229897	-0.01949094	0.10515596	-0.01012825	-0.01101431	0.01891363
8.899965	0.09214931	-0.01970221	0.10545807	-0.01898751	-0.01963202	0.03189695
8.916632	0.09163007	-0.02020396	0.10607820	-0.02479623	-0.02588802	0.04445891
8.933298	0.09093592	-0.02082815	0.10712022	-0.02302402	-0.02723402	0.05328482
8.949965	0.09036484	-0.02140616	0.10822561	-0.01353753	-0.02339231	0.05599860
8.966631	0.09023340	-0.02173795	0.10928737	-0.00179571	-0.01679432	0.05112713
8.983298	0.09056990	-0.02186061	0.11004371	0.00636576	-0.00928033	0.04249567
8.999965	0.09101339	-0.02186721	0.11063442	0.00832174	-0.00349131	0.03436251
9.016631	0.09116632	-0.02194059	0.11098343	0.00423787	-0.00088204	0.02836816
9.033298	0.09103601	-0.02188323	0.11144923	-0.00230768	-0.00030487	0.02466211
9.049964	0.09079549	-0.02192089	0.11184360	-0.00635094	0.00046508	0.02297444
9.066631	0.09065086	-0.02187696	0.11227661	-0.00585245	0.00173327	0.02284081
9.083298	0.09060577	-0.02190311	0.11256632	-0.00299984	0.00245713	0.02225527
9.099964	0.09062516	-0.02181837	0.11291909	-0.00029788	0.00299597	0.02151993
9.116631	0.09066468	-0.02172768	0.11331517	0.00120529	0.00315849	0.02061312
9.133297	0.09066825	-0.02167403	0.11368200	0.00208990	0.00130838	0.01845941
9.149964	0.09070163	-0.02163951	0.11401624	0.00309573	-0.00279770	0.01354327
9.166631	0.09073992	-0.02166446	0.11422704	0.00478515	-0.00639837	0.00777713
9.183297	0.09084158	-0.02189106	0.11426995	0.00603343	-0.00833153	0.00260317
9.199964	0.09097783	-0.02211184	0.11419716	0.00728468	-0.00814322	-0.00175894
9.216630	0.09114555	-0.02231293	0.11410788	0.00985067	-0.00501477	-0.00601391
9.233297	0.09123310	-0.02232994	0.11404313	0.01382956	0.00089066	-0.01027290
9.249964	0.09145450	-0.02225420	0.11391130	0.01775830	0.00653901	-0.01533186
9.266630	0.09180190	-0.02207015	0.11358127	0.02000075	0.00984569	-0.02159868
9.283297	0.09231996	-0.02178836	0.11315328	0.01953516	0.01092141	-0.02816927
9.299963	0.09271865	-0.02160312	0.11256827	0.01583553	0.01083604	-0.03277382
9.316630	0.09292113	-0.02145678	0.11197921	0.01038555	0.00942028	-0.03494012
9.333297	0.09293954	-0.02134254	0.11132924	0.00349422	0.00812094	-0.03400730
9.349963	0.09290510	-0.02120770	0.11076804	-0.00251283	0.00808252	-0.03070873
9.366630	0.09291402	-0.02107877	0.11022374	-0.00614366	0.00863144	-0.02690456
9.383296	0.09272882	-0.02093078	0.10989129	-0.00696565	0.00905854	-0.02379684
9.399963	0.09255315	-0.02076661	0.10955421	-0.00685277	0.00874255	-0.02211475
9.416630	0.09235360	-0.02059695	0.10925328	-0.00603756	0.00794158	-0.02139506
9.433296	0.09236132	-0.02046103	0.10884271	-0.00341365	0.00681918	-0.02151844
9.449963	0.09233947	-0.02038165	0.10843641	-0.00037939	0.00584390	-0.02114364
9.466629	0.09233915	-0.02031234	0.10809329	0.00182283	0.00504423	-0.01966674
9.483296	0.09238525	-0.02024584	0.10777722	0.00278552	0.00453508	-0.01718193
9.499963	0.09243880	-0.02013882	0.10753387	0.00388650	0.00428263	-0.01460830
9.516629	0.09255149	-0.02007101	0.10730940	0.00472764	0.00387076	-0.01209204
9.533296	0.09261190	-0.02000961	0.10711117	0.00476746	0.00409764	-0.00896327
9.549962	0.09270643	-0.01997115	0.10698485	0.00426953	0.00527088	-0.00579557
9.566629	0.09278655	-0.01992588	0.10688318	0.00397360	0.00667288	-0.00342054
9.583296	0.09281897	-0.01975365	0.10693364	0.00441121	0.00680655	-0.00299123
9.599962	0.09288722	-0.01957395	0.10692099	0.00424662	0.00562485	-0.00421913
9.616629	0.09295227	-0.01942485	0.10688071	0.00248046	0.00331479	-0.00605943
9.633295	0.09308542	-0.01945653	0.10667394	-0.00076160	0.00003971	-0.00783484
9.649962	0.09307513	-0.01953387	0.10647321	-0.00496635	-0.00306550	-0.00819660
9.666629	0.09290470	-0.01961680	0.10633730	-0.00960220	-0.00532357	-0.00676467
9.683295	0.09264802	-0.01970126	0.10624738	-0.01440937	-0.00726914	-0.00357223
9.699962	0.09235117	-0.01978969	0.10623579	-0.01791134	-0.01012464	0.00021625
9.716628	0.09208409	-0.01997287	0.10623716	-0.02232382	-0.01438393	0.00609601
9.733295	0.09169945	-0.02025128	0.10633946	-0.02807367	-0.01881855	0.01413429
9.749962	0.09127583	-0.02061911	0.10656077	-0.03309308	-0.02154599	0.02340087
9.766628	0.09052898	-0.02109831	0.10709585	-0.03421085	-0.02111559	0.03320621
9.783295	0.08981553	-0.02148397	0.10777696	-0.03075411	-0.01869624	0.04161702
9.799961	0.08920377	-0.02179146	0.10860685	-0.02320835	-0.01575559	0.04691232
9.816628	0.08899958	-0.02189843	0.10946614	-0.01232379	-0.01259503	0.04833676
9.833295	0.08896089	-0.02206956	0.11028811	-0.00139811	-0.00941711	0.04725803
9.849961	0.08905972	-0.02226687	0.11108740	0.00681872	-0.00665053	0.04425692
9.866628	0.08923408	-0.02241435	0.11177028	0.01229611	-0.00376387	0.04018047
9.883294	0.08948731	-0.02243854	0.11243699	0.01629974	0.00031151	0.03542061
9.899961	0.08978159	-0.02235499	0.11298084	0.01843814	0.00469095	0.03076882
9.916628	0.09018245	-0.02221414	0.11345207	0.01926210	0.00806325	0.02617083
9.933294	0.09050509	-0.02206386	0.11382758	0.01800336	0.01001887	0.02307603
9.949961	0.09082120	-0.02186022	0.11416406	0.01466671	0.01102563	0.02181509
9.966627	0.09105545	-0.02168487	0.11444215	0.01031287	0.01103366	0.01986511
9.983294	0.09116087	-0.02146661	0.11486246	0.00732134	0.00984529	0.01558012
9.999961	0.09122393	-0.02129282	0.11518984	0.00667422	0.00850543	0.00931263
10.016627	0.09121571	-0.02117514	0.11534306	0.00895437	0.00812511	0.00107021
10.033294	0.09139366	-0.02111191	0.11519021	0.01421312	0.00891222	-0.00870235
10.049960	0.09167384	-0.02099229	0.11491591	0.02110523	0.01068370	-0.01684587
10.066628	0.09211184	-0.02077452	0.11453382	0.02718832	0.01305168	-0.02148417
10.083294	0.09268290	-0.02047351	0.11410890	0.03065792	0.01492640	-0.02297060
10.099960	0.09325396	-0.02020006	0.11370432	0.03081900	0.01460957	-0.02401510
10.116627	0.09381840	-0.01992693	0.11332712	0.02693783	0.01252658	-0.02552221
10.133293	0.09426773	-0.01974293	0.11296850	0.01912829	0.00956752	-0.02753310
10.149961	0.09454595	-0.01963558	0.11246988	0.00892441	0.00637086	-0.02949290
10.166627	0.09463517	-0.01954981	0.11190774	-0.00112944	0.00309748	-0.03087112
10.183293	0.09442729	-0.01953744	0.11131821	-0.00871990	0.00024199	-0.03121586
10.199960	0.09413553	-0.01952904	0.11081332	-0.01342354	-0.00194842	-0.03071167
10.216626	0.09382391	-0.01961386	0.11036305	-0.01496593	-0.00351214	-0.03077825
10.233294	0.09361517	-0.01970695	0.10989215	-0.01288739	-0.00446278	-0.03161662
10.249960	0.09341607	-0.01978575	0.10935528	-0.00879105	-0.00460518	-0.03241213
10.266626	0.09324524	-0.01986926	0.10872400	-0.00469787	-0.00408133	-0.03145878
10.283293	0.09322393	-0.01991988	0.10814246	-0.00124231	-0.00356991	-0.02818271
10.299959	0.09327512	-0.01997378	0.10767635	0.00153810	-0.00304699	-0.02327801
10.316627	0.09336549	-0.02002525	0.10739490	0.00232697	-0.00234988	-0.01843251
10.333293	0.09343617	-0.02006124	0.10719681	0.00044011	-0.00110028	-0.01479564
10.349959	0.09342923	-0.02009612	0.10700332	-0.00186135	0.00063387	-0.01187478
10.366626	0.09336402	-0.02007107	0.10676361	-0.00258413	0.00215775	-0.00888500
10.383292	0.09319653	-0.01999477	0.10657063	-0.00115522	0.00310169	-0.00619954
10.399959	0.09317164	-0.01990347	0.10651935	0.00080325	0.00333234	-0.00451030
10.416626	0.09325046	-0.01983841	0.10658159	0.00114896	0.00305805	-0.00428391
10.433292	0.09343495	-0.01982047	0.10655852	-0.00082244	0.00249365	-0.00547992
10.449959	0.09345299	-0.01980518	0.10641820	-0.00388341	0.00186240	-0.00782452
10.466625	0.09324217	-0.01975911	0.10616440	-0.00675886	0.00113615	-0.00915132
10.483292	0.09295938	-0.01972626	0.10598677	-0.00928868	0.00025841	-0.00799644
10.499959	0.09281749	-0.01970797	0.10583548	-0.00953749	-0.00063272	-0.00550913
10.516625	0.09275591	-0.01976501	0.10583856	-0.00773407	-0.00127563	-0.00344803
10.533292	0.09263983	-0.01981722	0.10583943	-0.00502771	-0.00079391	-0.00308705
10.549958	0.09251836	-0.01984403	0.10581563	-0.00322786	0.00034984	-0.00302469
10.566625	0.09241728	-0.01982772	0.10572352	-0.00183199	0.00058582	-0.00149884
10.583292	0.09250345	-0.01972494	0.10557805	-0.00239563	-0.00183132	0.00250378
10.599958	0.09251437	-0.01971518	0.10562929	-0.00692791	-0.00672302	0.00798530
10.616625	0.09252066	-0.01983554	0.10586049	-0.01461087	-0.01213368	0.01473176
10.633291	0.09213938	-0.02019227	0.10625421	-0.02118834	-0.01555811	0.02117035
10.649958	0.09156716	-0.02061214	0.10664642	-0.02331534	-0.01574224	0.02570937
10.666625	0.09094667	-0.02091235	0.10710210	-0.01955360	-0.01258010	0.02874739
10.683291	0.09065583	-0.02103621	0.10758773	-0.00898693	-0.00764094	0.03027444
10.699958	0.09065156	-0.02105208	0.10814463	0.00388955	-0.00310643	0.03031396
10.716624	0.09091827	-0.02102570	0.10871898	0.01289015	-0.00057833	0.02786200
10.733291	0.09134778	-0.02106092	0.10918317	0.01487827	-0.00002120	0.02360800
10.749958	0.09171914	-0.02103040	0.10955434	0.01257443	-0.00021046	0.01901243
10.766624	0.09185938	-0.02106424	0.10973252	0.00930380	0.00024755	0.01572429
10.783291	0.09181289	-0.02104758	0.10992557	0.00705930	0.00174245	0.01426237
10.799957	0.09182127	-0.02105118	0.11013875	0.00705480	0.00366406	0.01429120
10.816624	0.09201993	-0.02096938	0.11043085	0.00940215	0.00546150	0.01461426
10.833291	0.09228025	-0.02082003	0.11072163	0.01166412	0.00638344	0.01418384
10.849957	0.09252987	-0.02066777	0.11095565	0.01142182	0.00652054	0.01271823
10.866624	0.09270732	-0.02055536	0.11111983	0.00924941	0.00543183	0.00939034
10.883290	0.09281247	-0.02050222	0.11127888	0.00711854	0.00402978	0.00510952
10.899957	0.09288473	-0.02046099	0.11136460	0.00641565	0.00323964	0.00061602
10.916624	0.09295645	-0.02043133	0.11132627	0.00775377	0.00381998	-0.00406069
10.933290	0.09307629	-0.02036888	0.11119401	0.01075402	0.00552315	-0.00941556
10.949957	0.09328221	-0.02028022	0.11097755	0.01345774	0.00746641	-0.01434481
10.966623	0.09356989	-0.02011221	0.11073075	0.01355620	0.00881369	-0.01824226
10.983290	0.09391048	-0.01992381	0.11035405	0.01090248	0.00904760	-0.02070573
10.999957	0.09410958	-0.01973929	0.10997345	0.00734202	0.00822831	-0.02211237
11.016623	0.09411368	-0.01962070	0.10954335	0.00371953	0.00628468	-0.02301713
11.033290	0.09403410	-0.01954947	0.10920588	0.00091117	0.00419260	-0.02312204
11.049956	0.09403937	-0.01949938	0.10883332	-0.00094034	0.00219143	-0.02359858
11.066623	0.09408073	-0.01949519	0.10843351	-0.00196175	0.00133517	-0.02379203
11.083290	0.09411612	-0.01946453	0.10803577	-0.00318346	0.00141216	-0.02368687
11.099957	0.09397038	-0.01950252	0.10755477	-0.00514815	0.00250830	-0.02199755
11.116623	0.09384692	-0.01941890	0.10724109	-0.00662482	0.00416902	-0.01918275
11.133289	0.09368131	-0.01936800	0.10688919	-0.00773101	0.00634174	-0.01415478
11.149956	0.09359054	-0.01919193	0.10674652	-0.00805370	0.00832903	-0.00774230
11.166623	0.09351368	-0.01906092	0.10658024	-0.00742554	0.00931978	-0.00231259
11.183290	0.09330513	-0.01885478	0.10668378	-0.00608461	0.00893741	0.00054203
11.199956	0.09319431	-0.01870441	0.10679691	-0.00544263	0.00732530	0.00017252
11.216622	0.09311237	-0.01856500	0.10688079	-0.00550567	0.00528713	-0.00233718
11.233289	0.09313067	-0.01853715	0.10676200	-0.00574274	0.00300427	-0.00704351
11.249956	0.09304915	-0.01850831	0.10653189	-0.00603652	0.00130649	-0.01140752
11.266623	0.09284590	-0.01853121	0.10628998	-0.00663779	0.00039583	-0.01385791
11.283289	0.09269378	-0.01851306	0.10602348	-0.00696625	0.00042957	-0.01359867
11.299955	0.09260139	-0.01851744	0.10580188	-0.00540676	0.00090052	-0.01251185
11.316622	0.09254569	-0.01849482	0.10559703	-0.00329261	0.00151263	-0.01150523
11.333289	0.09251560	-0.01846625	0.10545590	-0.00192047	0.00245141	-0.01098823
11.349956	0.09249324	-0.01841764	0.10528088	-0.00129372	0.00363009	-0.01056705
11.366622	0.09248175	-0.01836647	0.10510470	-0.00081778	0.00433232	-0.00964418
11.383288	0.09247482	-0.01825097	0.10488766	-0.00106749	0.00419806	-0.00790748
11.399955	0.09244870	-0.01816838	0.10476310	-0.00258283	0.00321010	-0.00499310
11.416622	0.09245618	-0.01809249	0.10470483	-0.00498554	0.00144318	-0.00119895
11.433289	0.09234265	-0.01811497	0.10474428	-0.00845182	-0.00122706	0.00278001
11.449955	0.09217604	-0.01815596	0.10483202	-0.01255476	-0.00390735	0.00648024
11.466621	0.09192262	-0.01824250	0.10496655	-0.01567891	-0.00568086	0.01020514
11.483288	0.09157929	-0.01838135	0.10514241	-0.01536595	-0.00607909	0.01392031
11.499955	0.09126245	-0.01850752	0.10540524	-0.01237516	-0.00563299	0.01735087
11.516622	0.09100758	-0.01861210	0.10574330	-0.00785317	-0.00421331	0.02002877
11.533288	0.09102268	-0.01864724	0.10614369	-0.00051156	-0.00303199	0.01971081
11.549954	0.09106328	-0.01866729	0.10652066	0.00908356	-0.00277195	0.01694220
11.566621	0.09120085	-0.01866380	0.10685312	0.01662388	-0.00357246	0.01414193
11.583288	0.09160458	-0.01875360	0.10691880	0.01811985	-0.00501267	0.01246472
11.599955	0.09212419	-0.01885501	0.10704836	0.01519869	-0.00623223	0.01153880
11.616621	0.09252884	-0.01901579	0.10722119	0.00944510	-0.00668873	0.01184222
11.633287	0.09245687	-0.01912898	0.10754362	0.00256022	-0.00574151	0.01382408
11.649954	0.09226283	-0.01921997	0.10778667	-0.00285407	-0.00406034	0.01562475
11.666621	0.09208870	-0.01927786	0.10799766	-0.00351490	-0.00227804	0.01581764
11.683288	0.09210827	-0.01926767	0.10826977	-0.00059270	-0.00099888	0.01464320
11.699954	0.09218431	-0.01927664	0.10856570	0.00163939	0.00001634	0.01360191
11.716620	0.09230358	-0.01925891	0.10880169	0.00198678	0.00063489	0.01189982
11.733287	0.09230870	-0.01926476	0.10896556	0.00185036	0.00081729	0.00934794
11.749954	0.09227390	-0.01924122	0.10906880	0.00202102	0.00033616	0.00630828
11.766621	0.09223948	-0.01921111	0.10916036	0.00222673	-0.00084898	0.00307464
11.783287	0.09236640	-0.01921442	0.10921940	0.00284978	-0.00182664	-0.00024803
11.799953	0.09246112	-0.01928145	0.10919311	0.00423232	-0.00235827	-0.00387372
11.816620	0.09253395	-0.01937962	0.10908290	0.00676392	-0.00142979	-0.00817086
11.833287	0.09254450	-0.01941619	0.10890150	0.00978462	0.00146750	-0.01239457
11.849954	0.09270302	-0.01939075	0.10866702	0.01418380	0.00554120	-0.01644670
11.866620	0.09304787	-0.01922351	0.10835133	0.01879569	0.00936083	-0.01993176
11.883286	0.09344164	-0.01899775	0.10800115	0.02177165	0.01193434	-0.02231912
11.899953	0.09391983	-0.01874527	0.10755017	0.02052826	0.01307155	-0.02286641
11.916620	0.09424417	-0.01852206	0.10714322	0.01544251	0.01231070	-0.02152034
11.933287	0.09452597	-0.01833582	0.10675371	0.00925738	0.01028190	-0.01928464
11.949953	0.09454885	-0.01814871	0.10650212	0.00383233	0.00770523	-0.01713871
11.966619	0.09448124	-0.01805536	0.10628792	-0.00041068	0.00497392	-0.01636344
11.983286	0.09443871	-0.01799045	0.10604651	-0.00330062	0.00211226	-0.01638188
11.999952	0.09439539	-0.01799821	0.10575896	-0.00399979	-0.00034752	-0.01636854
12.016620	0.09434503	-0.01803281	0.10539043	-0.00393366	-0.00207116	-0.01526257
12.033286	0.09423278	-0.01808937	0.10513628	-0.00448460	-0.00355665	-0.01374973
12.049953	0.09415167	-0.01815493	0.10494991	-0.00589094	-0.00468650	-0.01247571
12.066619	0.09410001	-0.01822764	0.10485160	-0.00727030	-0.00539294	-0.01180583
12.083285	0.09396710	-0.01834383	0.10465699	-0.00844020	-0.00560659	-0.01113330
12.099953	0.09379046	-0.01845629	0.10440007	-0.00891838	-0.00465838	-0.00945162
12.116619	0.09358252	-0.01854930	0.10416041	-0.00737193	-0.00277919	-0.00716927
12.133286	0.09341612	-0.01860018	0.10409395	-0.00597923	-0.00030078	-0.00323532
12.149952	0.09339382	-0.01853380	0.10415240	-0.00583487	0.00215848	0.00070885
12.166618	0.09344365	-0.01848534	0.10419807	-0.00576446	0.00403095	0.00265815
12.183286	0.09329070	-0.01836554	0.10431825	-0.00550067	0.00423631	0.00153740
12.199952	0.09310529	-0.01829772	0.10430931	-0.00553141	0.00317696	-0.00081234
12.216619	0.09293544	-0.01822092	0.10431349	-0.00529049	0.00187292	-0.00287195
12.233285	0.09295286	-0.01823965	0.10415483	-0.00407776	0.00056923	-0.00396141
12.249951	0.09297005	-0.01825939	0.10406543	-0.00366026	-0.00085537	-0.00307394
12.266619	0.09290086	-0.01828114	0.10399995	-0.00591489	-0.00291146	0.00097238
12.283285	0.09279258	-0.01829231	0.10402243	-0.01157463	-0.00633889	0.00834945
12.299952	0.09256892	-0.01838731	0.10417128	-0.01896579	-0.01178944	0.01700527
12.316618	0.09224834	-0.01859549	0.10454354	-0.02606968	-0.01799652	0.02577434
12.333284	0.09170020	-0.01900891	0.10510515	-0.02971780	-0.02265511	0.03150066
12.349952	0.09102140	-0.01951334	0.10579173	-0.02811126	-0.02416659	0.03293199
12.366618	0.09041782	-0.02001908	0.10644920	-0.02117035	-0.02200103	0.03170637
12.383285	0.09012892	-0.02035413	0.10688695	-0.01115706	-0.01808945	0.03069878
12.399951	0.09014195	-0.02056345	0.10724796	-0.00067439	-0.01413187	0.03172607
12.416617	0.09036119	-0.02065917	0.10768704	0.00761702	-0.01090345	0.03453894
12.433285	0.09051386	-0.02087323	0.10837422	0.01155932	-0.00882465	0.03729213
12.449951	0.09075509	-0.02103276	0.10919664	0.01143378	-0.00778541	0.03664161
12.466618	0.09095033	-0.02118696	0.10988883	0.00982430	-0.00652739	0.03041548
12.483284	0.09114355	-0.02122578	0.11037213	0.00982694	-0.00331887	0.02018184
12.499950	0.09122570	-0.02128695	0.11052996	0.01170461	0.00191799	0.01052451
12.516618	0.09132119	-0.02128575	0.11050054	0.01432644	0.00698657	0.00374013
12.533284	0.09163210	-0.02112522	0.11044175	0.01805745	0.01114601	-0.00121028
12.549951	0.09204942	-0.02077519	0.11046438	0.02389790	0.01417051	-0.00640168
12.566617	0.09246420	-0.02049605	0.11046622	0.02904263	0.01581947	-0.01254023
12.583283	0.09296037	-0.02019050	0.11023230	0.03130865	0.01525840	-0.01905341
12.599951	0.09355204	-0.02006027	0.10971040	0.03157799	0.01253690	-0.02473692
12.616617	0.09417263	-0.01977192	0.10913479	0.03072553	0.00930848	-0.02718422
12.633284	0.09467221	-0.01963953	0.10862269	0.02815667	0.00696883	-0.02536955
12.649950	0.09506811	-0.01955722	0.10826913	0.02283832	0.00528912	-0.02156855
12.666616	0.09542853	-0.01955933	0.10800442	0.01554402	0.00313119	-0.01929350
12.683284	0.09570827	-0.01951439	0.10776116	0.01274658	0.00243955	-0.01736711
12.699950	0.09578290	-0.01944026	0.10746114	0.00562193	0.00241852	-0.01956210
12.716617	0.09573124	-0.01941703	0.10705891	-0.00150271	0.00239749	-0.02175708
