Time	thumb tip right X	thumb tip right Y	thumb tip right Z	thumb tip right v(X)	thumb tip right v(Y)	thumb tip right v(Z)
0.00000000	0.00000000	0.00000000	0.00000000	0.00000000	0.00000000	0.00000000
0.01666660	0.01666660	0.01666660	0.01666660	0.01666660	0.01666660	0.01666660
0.000000	0.07472850	-0.00738888	0.10681251	-0.01606042	0.00071331	0.04821521
0.016667	0.07442785	-0.00736446	0.10763511	-0.01287153	0.00154187	0.04446182
0.033333	0.07422869	-0.00734405	0.10839909	-0.00968263	0.00237043	0.04070842
0.050000	0.07411379	-0.00733143	0.10901543	-0.01059842	0.00313882	0.04039885
0.066666	0.07399842	-0.00725860	0.10961068	-0.01107660	0.00300830	0.03686223
0.083333	0.07383983	-0.00713926	0.11026610	-0.01280231	0.00235803	0.03227586
0.100000	0.07354555	-0.00711192	0.11085124	-0.01361212	0.00157235	0.02693317
0.116666	0.07324149	-0.00710932	0.11129380	-0.01151969	0.00052389	0.02016828
0.133333	0.07299250	-0.00717839	0.11147574	-0.00665854	-0.00027776	0.01244002
0.149999	0.07292363	-0.00715473	0.11160375	-0.00008773	0.00014167	0.00563009
0.166666	0.07306670	-0.00714805	0.11161181	0.00569584	0.00051030	-0.00115261
0.183333	0.07325094	-0.00712336	0.11159454	0.00832203	-0.00086710	-0.01053684
0.199999	0.07350056	-0.00707704	0.11148423	0.00796917	-0.00318231	-0.02071277
0.216666	0.07360487	-0.00716535	0.11103608	0.00662609	-0.00514697	-0.02907530
0.233332	0.07362261	-0.00733635	0.11026877	0.00513463	-0.00752327	-0.03581419
0.249999	0.07366499	-0.00749332	0.10953581	0.00352962	-0.00956590	-0.04076866
0.266666	0.07375022	-0.00764232	0.10887021	0.00341704	-0.00914776	-0.04269043
0.283332	0.07385861	-0.00779806	0.10829236	0.00560200	-0.00580315	-0.04156636
0.299999	0.07387336	-0.00797675	0.10751239	0.00866603	-0.00184725	-0.04027003
0.316665	0.07397934	-0.00797850	0.10675230	0.01134572	0.00113841	-0.03961520
0.333332	0.07426643	-0.00779935	0.10613654	0.01379771	0.00331053	-0.03768102
0.349999	0.07458704	-0.00766502	0.10554995	0.01527599	0.00424132	-0.03354868
0.366665	0.07490370	-0.00760982	0.10504196	0.01455454	0.00250610	-0.02967697
0.383332	0.07509959	-0.00765031	0.10453229	0.01195141	-0.00090873	-0.02642840
0.399998	0.07524408	-0.00766350	0.10414011	0.00959799	-0.00388351	-0.02324967
0.416665	0.07538180	-0.00773881	0.10378937	0.00863593	-0.00539485	-0.01932580
0.433332	0.07546695	-0.00786880	0.10349161	0.00841271	-0.00601409	-0.01442744
0.449998	0.07565476	-0.00801884	0.10324398	0.00682454	-0.00662651	-0.00872776
0.466665	0.07580304	-0.00811694	0.10313489	0.00323636	-0.00668268	-0.00189164
0.483331	0.07590978	-0.00819441	0.10315630	-0.00205473	-0.00618441	0.00523815
0.499998	0.07580214	-0.00829853	0.10334626	-0.00818181	-0.00583879	0.01219862
0.516665	0.07554154	-0.00841006	0.10362875	-0.01361785	-0.00629169	0.01931090
0.533331	0.07521701	-0.00851211	0.10397764	-0.01716140	-0.00704166	0.02591848
0.549998	0.07489514	-0.00861463	0.10443566	-0.01810293	-0.00698437	0.03180278
0.566664	0.07459777	-0.00875117	0.10506149	-0.01797281	-0.00547230	0.03744647
0.583331	0.07431808	-0.00889472	0.10574335	-0.01811649	-0.00283588	0.04359822
0.599998	0.07403812	-0.00894139	0.10652599	-0.01939580	0.00012189	0.04973115
0.616664	0.07371971	-0.00886362	0.10733045	-0.02136984	0.00288561	0.05373105
0.633331	0.07334684	-0.00872596	0.10834268	-0.02242004	0.00522000	0.05381207
0.649997	0.07289862	-0.00862381	0.10938507	-0.02159697	0.00690594	0.05031345
0.666664	0.07247896	-0.00855294	0.11027417	-0.01894713	0.00752420	0.04472676
0.683331	0.07218819	-0.00843171	0.11086933	-0.01605335	0.00692516	0.03813599
0.699997	0.07201552	-0.00825071	0.11131414	-0.01322357	0.00583018	0.03239965
0.716664	0.07190403	-0.00811558	0.11178751	-0.01014971	0.00466397	0.02814323
0.733330	0.07166678	-0.00809462	0.11231485	-0.00641080	0.00345025	0.02394481
0.749997	0.07151385	-0.00811392	0.11277714	-0.00282974	0.00210802	0.01709278
0.766664	0.07147614	-0.00809473	0.11305437	0.00057500	0.00200213	0.00810060
0.783330	0.07165688	-0.00801188	0.11305764	0.00337837	0.00293744	-0.00109103
0.799997	0.07178482	-0.00797420	0.11283957	0.00469895	0.00354057	-0.00889562
0.816663	0.07186370	-0.00787819	0.11260609	0.00420948	0.00216179	-0.01552096
0.833330	0.07184148	-0.00785023	0.11233617	0.00346964	0.00016025	-0.02090269
0.849997	0.07188862	-0.00781272	0.11204527	0.00486625	-0.00067613	-0.02572040
0.866663	0.07194176	-0.00794900	0.11151181	0.00862706	-0.00076602	-0.03107720
0.883330	0.07212935	-0.00798546	0.11091676	0.01297926	-0.00041099	-0.03534126
0.899996	0.07238756	-0.00795912	0.11023697	0.01535444	0.00078291	-0.03632947
0.916663	0.07276919	-0.00788229	0.10955840	0.01555568	0.00321558	-0.03343342
0.933330	0.07307796	-0.00782637	0.10901722	0.01518650	0.00533845	-0.02912298
0.949996	0.07325802	-0.00777702	0.10858131	0.01480224	0.00634442	-0.02600628
0.966663	0.07338642	-0.00762791	0.10831335	0.01323493	0.00629192	-0.02473532
0.983329	0.07365588	-0.00745422	0.10796064	0.01206939	0.00635925	-0.02491045
0.999996	0.07394384	-0.00735554	0.10745378	0.01267561	0.00603886	-0.02607892
1.016663	0.07411928	-0.00730676	0.10696021	0.01338085	0.00436421	-0.02726398
1.033329	0.07426651	-0.00724928	0.10646142	0.01183299	0.00159678	-0.02628050
1.049996	0.07449105	-0.00718245	0.10608999	0.00925999	-0.00144296	-0.02287725
1.066662	0.07473094	-0.00720034	0.10569350	0.00674973	-0.00434303	-0.01766219
1.083329	0.07481249	-0.00735220	0.10540401	0.00293640	-0.00724790	-0.01160768
1.099996	0.07478767	-0.00754853	0.10524593	-0.00246533	-0.00963604	-0.00513146
1.116662	0.07469057	-0.00772924	0.10525747	-0.00745597	-0.01054540	0.00227624
1.133329	0.07452008	-0.00789487	0.10537415	-0.01149119	-0.01029826	0.01012300
1.149995	0.07429790	-0.00805735	0.10557691	-0.01498228	-0.00972146	0.01796145
1.166662	0.07402568	-0.00822227	0.10591219	-0.01791477	-0.00801159	0.02606481
1.183329	0.07367570	-0.00838033	0.10642677	-0.01962722	-0.00467951	0.03379492
1.199995	0.07332300	-0.00848709	0.10707448	-0.02053981	-0.00017354	0.04006186
1.216662	0.07293227	-0.00843090	0.10788932	-0.02098338	0.00443553	0.04446975
1.233328	0.07263692	-0.00827117	0.10865609	-0.02074898	0.00826176	0.04727193
1.249995	0.07227860	-0.00803384	0.10946060	-0.01897272	0.01122146	0.04802977
1.266662	0.07194669	-0.00784847	0.11024278	-0.01540753	0.01288366	0.04517682
1.283328	0.07163455	-0.00766679	0.11107660	-0.01043622	0.01307800	0.03859446
1.299995	0.07150598	-0.00741597	0.11179656	-0.00400690	0.01204874	0.02834741
1.316661	0.07153528	-0.00717786	0.11217614	0.00339126	0.01053401	0.01489958
1.333328	0.07167914	-0.00698004	0.11227313	0.01036536	0.00809059	-0.00044178
1.349995	0.07190186	-0.00691153	0.11206987	0.01560363	0.00441375	-0.01447777
1.366661	0.07223330	-0.00687354	0.11168659	0.01925830	-0.00020066	-0.02560399
1.383328	0.07259156	-0.00689236	0.11114386	0.02089498	-0.00417770	-0.03345339
1.399994	0.07300502	-0.00698732	0.11049147	0.02015137	-0.00645158	-0.03800653
1.416661	0.07336386	-0.00718800	0.10977910	0.01815472	-0.00705267	-0.04039572
1.433328	0.07363904	-0.00735648	0.10907565	0.01661844	-0.00562364	-0.04172707
1.449994	0.07382203	-0.00745683	0.10840647	0.01599016	-0.00233751	-0.04221121
1.466661	0.07403686	-0.00743058	0.10772404	0.01598856	0.00117113	-0.04172580
1.483327	0.07435138	-0.00734029	0.10698199	0.01599549	0.00289645	-0.04009125
1.499994	0.07469839	-0.00721942	0.10628095	0.01553780	0.00298423	-0.03655005
1.516661	0.07496968	-0.00717149	0.10565330	0.01356078	0.00269567	-0.03064339
1.533327	0.07514347	-0.00719992	0.10519803	0.01158115	0.00280418	-0.02442981
1.549994	0.07527167	-0.00720228	0.10489745	0.01110692	0.00271255	-0.02020278
1.566660	0.07537676	-0.00711306	0.10470897	0.01159419	0.00246126	-0.01793716
1.583327	0.07563770	-0.00698325	0.10443527	0.01221379	0.00201300	-0.01749452
1.599994	0.07590652	-0.00696014	0.10407886	0.01265125	0.00118875	-0.01877133
1.616660	0.07614408	-0.00700703	0.10373291	0.01217307	-0.00024788	-0.02046757
1.633327	0.07630064	-0.00706995	0.10340337	0.01064163	-0.00144068	-0.02076437
1.649993	0.07643344	-0.00706082	0.10306411	0.00933345	-0.00243075	-0.02034460
1.666660	0.07658558	-0.00707288	0.10269931	0.00919167	-0.00355793	-0.01946282
1.683327	0.07673683	-0.00710627	0.10237496	0.00889148	-0.00490802	-0.01715142
1.699993	0.07689340	-0.00726892	0.10206331	0.00653944	-0.00619717	-0.01230595
1.716660	0.07707679	-0.00740572	0.10186923	0.00234024	-0.00687269	-0.00537319
1.733326	0.07708948	-0.00754039	0.10180457	-0.00321214	-0.00672692	0.00292891
1.749993	0.07697017	-0.00761038	0.10196403	-0.00958160	-0.00585272	0.01148791
1.766660	0.07670566	-0.00769290	0.10225102	-0.01501943	-0.00507670	0.01889534
1.783326	0.07637075	-0.00778565	0.10268162	-0.01774482	-0.00452315	0.02445328
1.799993	0.07602778	-0.00786487	0.10313653	-0.01882061	-0.00413070	0.02889842
1.816659	0.07570058	-0.00793232	0.10364030	-0.01933419	-0.00314477	0.03252869
1.833326	0.07544654	-0.00797459	0.10417176	-0.01931504	-0.00174118	0.03513741
1.849993	0.07511190	-0.00800356	0.10483506	-0.01835055	0.00011744	0.03646347
1.866659	0.07475866	-0.00798714	0.10549024	-0.01685715	0.00246926	0.03624774
1.883326	0.07444465	-0.00794098	0.10614852	-0.01425894	0.00527562	0.03430790
1.899992	0.07424277	-0.00782367	0.10666306	-0.01077638	0.00750067	0.03052128
1.916659	0.07412241	-0.00766280	0.10714313	-0.00811938	0.00769318	0.02557120
1.933326	0.07407859	-0.00745358	0.10753387	-0.00805392	0.00548059	0.02158133
1.949992	0.07397328	-0.00733894	0.10785106	-0.00983086	0.00248157	0.02019361
1.966659	0.07381429	-0.00736612	0.10807387	-0.01130213	0.00070103	0.02021269
1.983325	0.07348539	-0.00750533	0.10839627	-0.01101509	0.00062195	0.01961060
1.999992	0.07324746	-0.00753918	0.10881103	-0.00888351	0.00209134	0.01799121
2.016659	0.07311333	-0.00741630	0.10922307	-0.00535919	0.00443967	0.01578069
2.033325	0.07315121	-0.00723202	0.10940505	-0.00104316	0.00645443	0.01199746
2.049992	0.07319306	-0.00710233	0.10949783	0.00211761	0.00657210	0.00647905
2.066658	0.07323109	-0.00703898	0.10956166	0.00331377	0.00524566	0.00029069
2.083325	0.07330006	-0.00697474	0.10960174	0.00334596	0.00480628	-0.00493636
2.099992	0.07336590	-0.00691890	0.10949452	0.00453247	0.00557639	-0.01146310
2.116658	0.07342410	-0.00683751	0.10919574	0.00793121	0.00602497	-0.02075301
2.133325	0.07350509	-0.00666904	0.10885116	0.01240821	0.00584603	-0.03065539
2.149992	0.07372746	-0.00654802	0.10823433	0.01652970	0.00561003	-0.03843654
2.166658	0.07415371	-0.00647582	0.10745593	0.01953498	0.00493762	-0.04376723
2.183325	0.07457245	-0.00644798	0.10658196	0.02021447	0.00333575	-0.04622649
2.199991	0.07494071	-0.00638566	0.10576989	0.01831274	0.00181322	-0.04420466
2.216658	0.07518391	-0.00631864	0.10506488	0.01555676	0.00117682	-0.03934682
2.233325	0.07535385	-0.00634086	0.10442901	0.01472736	0.00110225	-0.03472167
2.249991	0.07555901	-0.00636054	0.10396702	0.01581861	0.00036174	-0.03182793
2.266658	0.07580301	-0.00635449	0.10351307	0.01640710	-0.00051306	-0.02825652
2.283324	0.07620869	-0.00630823	0.10301737	0.01484586	-0.00116229	-0.02355626
2.299991	0.07654087	-0.00633971	0.10252605	0.01168747	-0.00193650	-0.01811731
2.316657	0.07667942	-0.00640149	0.10228665	0.00668864	-0.00300612	-0.01098280
2.333324	0.07666183	-0.00649678	0.10220748	-0.00001777	-0.00475208	-0.00281212
2.349991	0.07659878	-0.00654928	0.10229471	-0.00671948	-0.00603520	0.00529317
2.366657	0.07648584	-0.00662834	0.10243183	-0.01189419	-0.00660207	0.01193074
2.383324	0.07626016	-0.00680164	0.10264079	-0.01561972	-0.00706994	0.01792587
2.399990	0.07587659	-0.00692896	0.10302123	-0.01868017	-0.00824255	0.02439579
2.416657	0.07551962	-0.00706734	0.10344523	-0.02098055	-0.00944742	0.03172503
2.433324	0.07515855	-0.00717150	0.10405551	-0.02348239	-0.01013879	0.04073260
2.449990	0.07483114	-0.00738043	0.10476112	-0.02543739	-0.00939386	0.05017971
2.466657	0.07441818	-0.00760877	0.10563785	-0.02607125	-0.00684321	0.05767298
2.483323	0.07382085	-0.00777389	0.10681997	-0.02449656	-0.00284383	0.06021144
2.499990	0.07337270	-0.00774093	0.10795403	-0.02040339	0.00192989	0.05761408
2.516657	0.07301925	-0.00760020	0.10903151	-0.01392560	0.00563161	0.05065446
2.533323	0.07295453	-0.00740831	0.10968310	-0.00797439	0.00684159	0.04183376
2.549990	0.07295055	-0.00728740	0.11020353	-0.00532164	0.00521261	0.03305497
2.566656	0.07295385	-0.00722062	0.11064336	-0.00530744	0.00329145	0.02562790
2.583323	0.07283206	-0.00722209	0.11110122	-0.00544226	0.00354341	0.01995046
2.599990	0.07260778	-0.00725833	0.11142632	-0.00264478	0.00649552	0.01375979
2.616656	0.07247870	-0.00714921	0.11159860	0.00229706	0.01014932	0.00543220
2.633323	0.07258728	-0.00689088	0.11160072	0.00869695	0.01231424	-0.00507781
2.649989	0.07293371	-0.00651655	0.11148717	0.01396103	0.01160671	-0.01473135
2.666656	0.07326885	-0.00627259	0.11111312	0.01586224	0.00800279	-0.02195237
2.683323	0.07359044	-0.00622914	0.11058707	0.01432071	0.00346226	-0.02765335
2.699989	0.07373807	-0.00631660	0.11004138	0.01107816	0.00012778	-0.03148859
2.716656	0.07388370	-0.00641445	0.10954500	0.00859067	-0.00041631	-0.03229553
2.733322	0.07397955	-0.00638524	0.10898814	0.00785257	0.00141394	-0.03117078
2.749989	0.07408477	-0.00631326	0.10844021	0.00822439	0.00355034	-0.03007465
2.766656	0.07424816	-0.00619891	0.10792775	0.00817645	0.00320731	-0.02954346
2.783322	0.07441691	-0.00610471	0.10751022	0.00835679	0.00045088	-0.02812471
2.799989	0.07457086	-0.00609287	0.10705487	0.00859312	-0.00269884	-0.02625912
2.816655	0.07465970	-0.00623149	0.10657301	0.00947427	-0.00504817	-0.02481742
2.833322	0.07480080	-0.00640510	0.10617836	0.01021162	-0.00623338	-0.02415112
2.849989	0.07497762	-0.00653797	0.10580347	0.01001925	-0.00612851	-0.02321297
2.866655	0.07526238	-0.00657593	0.10548151	0.00908419	-0.00435455	-0.02182619
2.883322	0.07540488	-0.00662483	0.10506341	0.00754713	-0.00241212	-0.02007284
2.899988	0.07547500	-0.00668131	0.10470700	0.00507603	-0.00224572	-0.01800842
2.916655	0.07548124	-0.00667783	0.10441743	0.00132107	-0.00373779	-0.01422638
2.933322	0.07552940	-0.00670933	0.10423240	-0.00277032	-0.00639376	-0.00783905
2.949988	0.07552524	-0.00682265	0.10409679	-0.00703435	-0.00981908	-0.00005618
2.966655	0.07535072	-0.00703289	0.10414208	-0.01113348	-0.01238505	0.00853117
2.983321	0.07506301	-0.00735564	0.10436188	-0.01470449	-0.01175901	0.01744177
2.999988	0.07472569	-0.00761414	0.10477633	-0.01695949	-0.00768178	0.02690326
3.016655	0.07444506	-0.00775670	0.10530637	-0.01826979	-0.00240028	0.03586135
3.033321	0.07419144	-0.00764904	0.10594080	-0.01909983	0.00177793	0.04309630
3.049988	0.07388409	-0.00745398	0.10676713	-0.01802385	0.00417663	0.04795891
3.066654	0.07350415	-0.00735893	0.10766778	-0.01471175	0.00551796	0.04996778
3.083321	0.07315069	-0.00735816	0.10858786	-0.00970256	0.00663330	0.04811921
3.099988	0.07307441	-0.00734476	0.10940748	-0.00419637	0.00880723	0.04244870
3.116654	0.07315445	-0.00714694	0.11006454	0.00063073	0.01091684	0.03407559
3.133321	0.07331719	-0.00682960	0.11056190	0.00262988	0.01159716	0.02539604
3.149987	0.07335015	-0.00651877	0.11087753	0.00113726	0.01016621	0.01848724
3.166654	0.07333762	-0.00641570	0.11104746	-0.00120502	0.00726788	0.01354569
3.183321	0.07324085	-0.00640755	0.11122256	-0.00254569	0.00452107	0.00986673
3.199987	0.07315196	-0.00642653	0.11138146	-0.00240815	0.00345999	0.00744674
3.216654	0.07314093	-0.00633494	0.11153918	-0.00180249	0.00433862	0.00522213
3.233320	0.07313780	-0.00621831	0.11157607	-0.00033185	0.00595331	0.00187651
3.249987	0.07316566	-0.00609129	0.11159454	0.00181527	0.00727449	-0.00296821
3.266654	0.07313512	-0.00598812	0.11151851	0.00521330	0.00817578	-0.00804714
3.283320	0.07322300	-0.00585876	0.11136230	0.00892557	0.00836552	-0.01351645
3.299987	0.07340192	-0.00570226	0.11105281	0.01168665	0.00718748	-0.01990002
3.316653	0.07375284	-0.00550902	0.11070944	0.01257030	0.00489850	-0.02573661
3.333320	0.07401333	-0.00544098	0.11018965	0.01163517	0.00231969	-0.03003386
3.349987	0.07418715	-0.00546909	0.10962058	0.01000088	0.00000387	-0.03310005
3.366653	0.07421967	-0.00557010	0.10900901	0.00866696	-0.00160700	-0.03507505
3.383320	0.07432504	-0.00559717	0.10843532	0.00867385	-0.00103566	-0.03425046
3.399987	0.07450417	-0.00559148	0.10784576	0.00919726	0.00056900	-0.03197630
3.416653	0.07473721	-0.00557508	0.10727493	0.00970051	0.00102431	-0.03021897
3.433320	0.07492361	-0.00548307	0.10686436	0.00994955	-0.00073788	-0.02961379
3.449986	0.07501670	-0.00548858	0.10642646	0.00990249	-0.00295416	-0.02945159
3.466653	0.07513832	-0.00555934	0.10595469	0.00885967	-0.00454622	-0.02927740
3.483320	0.07533929	-0.00576636	0.10537846	0.00757515	-0.00519721	-0.02811119
3.499986	0.07552948	-0.00587807	0.10483592	0.00637504	-0.00428343	-0.02438506
3.516653	0.07559991	-0.00591182	0.10445250	0.00459870	-0.00313431	-0.01921889
3.533319	0.07560202	-0.00588966	0.10421480	0.00230921	-0.00366094	-0.01406142
3.549986	0.07560218	-0.00586802	0.10414013	0.00089955	-0.00699254	-0.01008403
3.566653	0.07563204	-0.00602257	0.10399120	0.00057098	-0.01055870	-0.00653717
3.583319	0.07564174	-0.00629693	0.10385349	0.00007719	-0.01296106	-0.00356061
3.599986	0.07566195	-0.00666769	0.10374062	-0.00211221	-0.01339389	0.00003342
3.616652	0.07562988	-0.00686407	0.10382563	-0.00519576	-0.01177416	0.00545798
3.633319	0.07554821	-0.00700245	0.10395268	-0.00841893	-0.00895360	0.01181149
3.649985	0.07530969	-0.00706758	0.10422748	-0.01164039	-0.00689093	0.01781579
3.666652	0.07509211	-0.00718484	0.10455083	-0.01487868	-0.00671953	0.02298420
3.683319	0.07480784	-0.00728964	0.10500533	-0.01787874	-0.00727926	0.02818767
3.699985	0.07454447	-0.00743448	0.10551190	-0.02005343	-0.00699089	0.03368533
3.716652	0.07416143	-0.00757008	0.10609631	-0.02149155	-0.00498949	0.03929660
3.733318	0.07373750	-0.00769236	0.10678799	-0.02197427	-0.00155815	0.04445828
3.749985	0.07334345	-0.00768202	0.10760576	-0.02118775	0.00315105	0.04797068
3.766652	0.07300183	-0.00758485	0.10848451	-0.01799013	0.00811719	0.04774753
3.783318	0.07272542	-0.00736699	0.10939383	-0.01322297	0.01133180	0.04297587
3.799985	0.07250895	-0.00710884	0.11011103	-0.00885941	0.01125040	0.03527737
3.816651	0.07243079	-0.00684710	0.11061432	-0.00617853	0.00860524	0.02676420
3.833318	0.07243825	-0.00672119	0.11086344	-0.00369133	0.00576799	0.01917996
3.849985	0.07239370	-0.00673522	0.11108219	0.00000779	0.00464228	0.01317156
3.866651	0.07229824	-0.00678931	0.11127818	0.00370899	0.00564195	0.00870570
3.883318	0.07234561	-0.00668370	0.11146358	0.00664837	0.00800104	0.00444462
3.899984	0.07259650	-0.00644496	0.11149483	0.00939421	0.00962021	-0.00133291
3.916651	0.07287406	-0.00615012	0.11143867	0.01203173	0.00937080	-0.00799789
3.933318	0.07305874	-0.00598976	0.11121410	0.01284388	0.00771515	-0.01401303
3.949984	0.07319020	-0.00597676	0.11090331	0.01194962	0.00635711	-0.01864877
3.966651	0.07341478	-0.00596888	0.11052047	0.01158630	0.00584074	-0.02287159
3.983317	0.07362776	-0.00586958	0.11013504	0.01170044	0.00589975	-0.02631358
3.999984	0.07384127	-0.00564640	0.10970592	0.01039789	0.00522683	-0.02819468
4.016651	0.07402925	-0.00550798	0.10915802	0.00746283	0.00271906	-0.02886784
4.033317	0.07413692	-0.00549437	0.10861322	0.00620383	-0.00056057	-0.02892122
4.049984	0.07416799	-0.00562314	0.10814395	0.00815369	-0.00315277	-0.02846480
4.066650	0.07415885	-0.00578131	0.10771921	0.01184282	-0.00361640	-0.02722561
4.083317	0.07442181	-0.00580983	0.10731693	0.01545517	-0.00280711	-0.02587903
4.099984	0.07485363	-0.00581930	0.10682186	0.01801576	-0.00204858	-0.02438521
4.116650	0.07528663	-0.00575312	0.10641711	0.01773592	-0.00294505	-0.02254245
4.133317	0.07556317	-0.00583383	0.10603212	0.01434455	-0.00460693	-0.01948513
4.149983	0.07569337	-0.00594896	0.10577862	0.00941984	-0.00532961	-0.01523262
4.166650	0.07576415	-0.00615085	0.10553103	0.00482878	-0.00462638	-0.01047124
4.183317	0.07586090	-0.00622428	0.10539068	0.00140302	-0.00286415	-0.00584105
4.199983	0.07585492	-0.00620058	0.10532345	-0.00048589	-0.00088783	-0.00215382
4.216650	0.07582974	-0.00613031	0.10537659	-0.00073474	0.00026341	0.00039268
4.233316	0.07570147	-0.00612519	0.10543657	-0.00047300	-0.00149780	0.00128340
4.249983	0.07571575	-0.00614815	0.10548227	-0.00158553	-0.00575343	0.00132647
4.266650	0.07579830	-0.00625460	0.10546427	-0.00480508	-0.01003208	0.00321170
4.283316	0.07580471	-0.00648106	0.10544703	-0.00978243	-0.01225775	0.00904392
4.299983	0.07556154	-0.00681081	0.10552243	-0.01638017	-0.01276261	0.01735787
4.316649	0.07512052	-0.00706830	0.10592263	-0.02291569	-0.01169963	0.02653900
4.333316	0.07462680	-0.00720095	0.10657041	-0.02773013	-0.00995194	0.03533951
4.349983	0.07415935	-0.00728781	0.10729422	-0.02951615	-0.00799308	0.04247187
4.366649	0.07367032	-0.00737744	0.10802950	-0.02839431	-0.00599181	0.04601135
4.383316	0.07315297	-0.00756550	0.10878230	-0.02470336	-0.00292716	0.04642930
4.399982	0.07268883	-0.00764064	0.10965023	-0.01934287	0.00140174	0.04509269
4.416649	0.07239505	-0.00760069	0.11042861	-0.01377752	0.00592657	0.04290520
4.433316	0.07231784	-0.00734586	0.11112385	-0.00991024	0.00894780	0.03957031
4.449982	0.07229268	-0.00708248	0.11168742	-0.00799186	0.01024226	0.03517511
4.466649	0.07219356	-0.00690913	0.11224430	-0.00670447	0.01061385	0.03038329
4.483315	0.07194836	-0.00684981	0.11275531	-0.00557380	0.00980594	0.02437959
4.499982	0.07178368	-0.00671300	0.11317041	-0.00437608	0.00829753	0.01728221
4.516649	0.07180621	-0.00649488	0.11341532	-0.00282713	0.00716566	0.00987925
4.533315	0.07187695	-0.00631645	0.11343178	-0.00128236	0.00704768	0.00354619
4.549982	0.07188738	-0.00628367	0.11337379	-0.00044625	0.00708583	-0.00117701
4.566648	0.07178231	-0.00625790	0.11329913	0.00015196	0.00751543	-0.00401439
4.583315	0.07172049	-0.00612308	0.11326008	0.00139215	0.00788940	-0.00693432
4.599982	0.07179002	-0.00589513	0.11317405	0.00346763	0.00748924	-0.01134531
4.616648	0.07193357	-0.00566643	0.11300366	0.00532562	0.00529201	-0.01662030
4.633315	0.07208154	-0.00564060	0.11261246	0.00637623	0.00230537	-0.02154836
4.649981	0.07216188	-0.00569547	0.11214826	0.00777307	-0.00014000	-0.02548012
4.666648	0.07221236	-0.00582387	0.11164843	0.01061548	-0.00183388	-0.02887834
4.683315	0.07237051	-0.00579873	0.11121816	0.01490871	-0.00224901	-0.03132825
4.699981	0.07268404	-0.00576503	0.11073013	0.01878582	-0.00164902	-0.03288521
4.716648	0.07313314	-0.00581526	0.11009812	0.01953338	-0.00121504	-0.03323807
4.733315	0.07358078	-0.00587077	0.10946684	0.01688047	-0.00169682	-0.03302081
4.749981	0.07384672	-0.00592596	0.10887975	0.01270396	-0.00145087	-0.03161231
4.766648	0.07390587	-0.00591679	0.10846663	0.00868328	-0.00076233	-0.02943326
4.783314	0.07392003	-0.00591572	0.10800777	0.00634583	-0.00083257	-0.02770614
4.799981	0.07401786	-0.00589759	0.10757019	0.00637891	-0.00178857	-0.02717677
4.816648	0.07418635	-0.00593299	0.10707838	0.00836592	-0.00323158	-0.02799463
4.833314	0.07435963	-0.00602485	0.10662039	0.01038608	-0.00491466	-0.02852332
4.849981	0.07450470	-0.00612969	0.10616557	0.01082797	-0.00651232	-0.02756707
4.866647	0.07471774	-0.00624746	0.10564991	0.01007270	-0.00666533	-0.02478635
4.883314	0.07491482	-0.00637955	0.10521189	0.00935033	-0.00540560	-0.02066207
4.899981	0.07506419	-0.00650127	0.10488962	0.00870365	-0.00380971	-0.01535165
4.916647	0.07515765	-0.00653245	0.10471585	0.00794362	-0.00284260	-0.00968173
4.933314	0.07526580	-0.00651356	0.10465692	0.00671062	-0.00297511	-0.00505878
4.949980	0.07540339	-0.00651389	0.10460840	0.00484934	-0.00392183	-0.00118830
4.966647	0.07554049	-0.00661434	0.10461672	0.00194599	-0.00508961	0.00263554
4.983314	0.07553857	-0.00678339	0.10462300	-0.00280724	-0.00575704	0.00733677
4.999980	0.07546196	-0.00690938	0.10478376	-0.00810250	-0.00494819	0.01291724
5.016647	0.07524198	-0.00697028	0.10504942	-0.01224802	-0.00203663	0.01945570
5.033313	0.07494632	-0.00697772	0.10546236	-0.01399575	0.00166998	0.02572238
5.049980	0.07467712	-0.00692433	0.10593719	-0.01343904	0.00351394	0.02940190
5.066647	0.07442190	-0.00679523	0.10653426	-0.01137757	0.00345416	0.03040210
5.083313	0.07430653	-0.00666171	0.10709603	-0.00946894	0.00288393	0.03076987
5.099979	0.07419614	-0.00667955	0.10757103	-0.00895735	0.00181928	0.03126742
5.116646	0.07409307	-0.00671103	0.10798618	-0.01050625	0.00017260	0.03128921
5.133313	0.07391650	-0.00672418	0.10854033	-0.01287417	-0.00013711	0.03119332
5.149980	0.07363980	-0.00670203	0.10913170	-0.01382405	0.00148684	0.03128877
5.166646	0.07331830	-0.00669419	0.10970954	-0.01312786	0.00255067	0.03003460
5.183312	0.07307088	-0.00662716	0.11015554	-0.01175021	0.00158508	0.02666328
5.199979	0.07295498	-0.00652771	0.11058185	-0.01070515	-0.00011104	0.02265500
5.216646	0.07288533	-0.00652857	0.11089961	-0.00956353	-0.00101811	0.01893610
5.233313	0.07270823	-0.00665255	0.11119722	-0.00832997	-0.00163597	0.01539505
5.249979	0.07246737	-0.00674701	0.11142416	-0.00744055	-0.00209081	0.01221036
5.266645	0.07232928	-0.00673516	0.11160281	-0.00624886	-0.00155415	0.01062725
5.283312	0.07230213	-0.00668484	0.11171369	-0.00445353	-0.00009111	0.01081568
5.299979	0.07230507	-0.00669572	0.11184365	-0.00325171	0.00075345	0.01221785
5.316646	0.07225855	-0.00672369	0.11207055	-0.00340411	0.00074691	0.01417434
5.333312	0.07215984	-0.00670372	0.11238655	-0.00429498	0.00092640	0.01642431
5.349978	0.07206264	-0.00667185	0.11269315	-0.00449656	0.00155425	0.01800306
5.366645	0.07198393	-0.00662095	0.11299150	-0.00363560	0.00206715	0.01774564
5.383312	0.07192292	-0.00659554	0.11328416	-0.00212402	0.00286301	0.01578889
5.399979	0.07191768	-0.00656497	0.11358441	-0.00019454	0.00448070	0.01301007
5.416645	0.07191331	-0.00650951	0.11378612	0.00237049	0.00675566	0.00988785
5.433311	0.07196831	-0.00636861	0.11390086	0.00559172	0.00935942	0.00619135
5.449978	0.07206250	-0.00616055	0.11393997	0.00842638	0.01077225	0.00149541
5.466645	0.07225374	-0.00592491	0.11396743	0.00948947	0.01005385	-0.00306965
5.483312	0.07250714	-0.00570653	0.11391060	0.00892017	0.00778125	-0.00640831
5.499978	0.07268482	-0.00562579	0.11371277	0.00821955	0.00543068	-0.00861577
5.516644	0.07273818	-0.00561634	0.11349202	0.00804401	0.00353531	-0.01095083
5.533311	0.07277323	-0.00562080	0.11330801	0.00867724	0.00317375	-0.01347059
5.549978	0.07292614	-0.00554574	0.11316340	0.01127076	0.00479984	-0.01653827
5.566644	0.07319966	-0.00545707	0.11288324	0.01470210	0.00632541	-0.02187391
5.583311	0.07348446	-0.00530046	0.11247607	0.01605152	0.00529060	-0.02881300
5.599977	0.07383378	-0.00514577	0.11191818	0.01395060	0.00175493	-0.03437525
5.616644	0.07407638	-0.00509880	0.11120027	0.01062174	-0.00255523	-0.03665603
5.633311	0.07421573	-0.00524844	0.11050329	0.00832721	-0.00610212	-0.03659010
5.649977	0.07420200	-0.00548309	0.10989496	0.00727258	-0.00701798	-0.03477934
5.666644	0.07427410	-0.00567846	0.10942014	0.00804256	-0.00424119	-0.03156455
5.683311	0.07446636	-0.00571597	0.10892473	0.01012098	0.00005686	-0.02831143
5.699977	0.07470233	-0.00560804	0.10843277	0.01199813	0.00231857	-0.02621069
5.716644	0.07496284	-0.00540854	0.10801187	0.01270497	0.00283766	-0.02524047
5.733310	0.07513838	-0.00535707	0.10764041	0.01335216	0.00200437	-0.02480465
5.749977	0.07531196	-0.00546457	0.10727706	0.01383876	-0.00014657	-0.02529370
5.766644	0.07554092	-0.00549503	0.10684338	0.01389818	-0.00266227	-0.02653282
5.783310	0.07584799	-0.00552795	0.10635634	0.01419595	-0.00339260	-0.02763945
5.799977	0.07611454	-0.00551966	0.10585468	0.01450399	-0.00256000	-0.02756029
5.816643	0.07630659	-0.00564872	0.10537989	0.01375059	-0.00225441	-0.02562790
5.833310	0.07650709	-0.00570185	0.10496224	0.01165011	-0.00303304	-0.02201823
5.849977	0.07673661	-0.00569394	0.10461265	0.00936534	-0.00407985	-0.01796849
5.866643	0.07691187	-0.00572963	0.10435806	0.00766604	-0.00493528	-0.01503734
5.883310	0.07698586	-0.00583204	0.10419437	0.00584884	-0.00650110	-0.01362042
5.899976	0.07700733	-0.00601519	0.10401904	0.00380152	-0.00794667	-0.01256501
5.916643	0.07708243	-0.00617230	0.10378095	0.00194405	-0.00883427	-0.01031962
5.933310	0.07713165	-0.00630470	0.10351525	0.00048064	-0.00952725	-0.00701706
5.949976	0.07715511	-0.00643052	0.10338850	-0.00033092	-0.00982425	-0.00310433
5.966643	0.07707733	-0.00659655	0.10347181	-0.00110314	-0.00976826	0.00167274
5.983309	0.07701122	-0.00682803	0.10359076	-0.00190181	-0.00885809	0.00639423
5.999976	0.07702613	-0.00698558	0.10371155	-0.00248552	-0.00753019	0.00908140
6.016643	0.07700419	-0.00709882	0.10385882	-0.00359887	-0.00613813	0.01027029
6.033309	0.07696795	-0.00710132	0.10406326	-0.00674701	-0.00530986	0.01218056
6.049976	0.07683326	-0.00717961	0.10427538	-0.01167254	-0.00481287	0.01580293
6.066642	0.07660554	-0.00728074	0.10451452	-0.01675404	-0.00463479	0.02008554
6.083309	0.07626352	-0.00742706	0.10485791	-0.02050438	-0.00395977	0.02441558
6.099976	0.07581700	-0.00746519	0.10536544	-0.02200869	-0.00094802	0.02887197
6.116642	0.07539745	-0.00749069	0.10590766	-0.02102048	0.00400583	0.03261944
6.133309	0.07504575	-0.00739361	0.10650089	-0.01776792	0.00863434	0.03506980
6.149975	0.07479123	-0.00717824	0.10708180	-0.01457246	0.01088955	0.03556474
6.166642	0.07463005	-0.00687016	0.10769138	-0.01296507	0.01083054	0.03425951
6.183309	0.07449032	-0.00664126	0.10832552	-0.01251390	0.00880602	0.03108935
6.199975	0.07425849	-0.00656171	0.10882518	-0.01285729	0.00575671	0.02737075
6.216642	0.07399257	-0.00656958	0.10924614	-0.01321392	0.00300799	0.02409896
6.233308	0.07373814	-0.00656154	0.10950207	-0.01316866	0.00177198	0.02175388
6.249975	0.07353880	-0.00652007	0.10984331	-0.01201579	0.00145352	0.02063987
6.266642	0.07339084	-0.00645449	0.11021474	-0.01006164	0.00143812	0.02067537
6.283308	0.07319056	-0.00642838	0.11059387	-0.00727250	0.00149961	0.02098725
6.299975	0.07308052	-0.00645102	0.11094599	-0.00444824	0.00116010	0.01971443
6.316641	0.07299344	-0.00643866	0.11125315	-0.00280348	0.00071317	0.01774802
6.333308	0.07307083	-0.00640141	0.11155574	-0.00320395	0.00074897	0.01689105
6.349975	0.07308654	-0.00638182	0.11177231	-0.00473438	0.00089914	0.01716639
6.366641	0.07297748	-0.00637200	0.11201859	-0.00606472	0.00077349	0.01692797
6.383308	0.07273015	-0.00637942	0.11236182	-0.00685233	0.00110570	0.01585840
6.399974	0.07255723	-0.00636434	0.11268856	-0.00600385	0.00231215	0.01507255
6.416641	0.07251239	-0.00633549	0.11292357	-0.00500543	0.00298010	0.01416443
6.433308	0.07253930	-0.00624529	0.11305097	-0.00584802	0.00266261	0.01331517
6.449974	0.07252628	-0.00613488	0.11325018	-0.00865157	0.00229068	0.01306509
6.466641	0.07230353	-0.00614195	0.11349385	-0.01069751	0.00294561	0.01359233
6.483307	0.07196505	-0.00615888	0.11379083	-0.01041964	0.00458122	0.01414089
6.499974	0.07168008	-0.00613470	0.11401676	-0.00823207	0.00683717	0.01358634
6.516641	0.07164585	-0.00592964	0.11422241	-0.00436405	0.00913737	0.01183116
6.533307	0.07173546	-0.00567092	0.11440839	0.00018150	0.01041946	0.00877026
6.549974	0.07176580	-0.00546669	0.11456735	0.00321747	0.01024420	0.00483068
6.566640	0.07179067	-0.00533708	0.11465480	0.00443911	0.00912074	0.00022829
6.583307	0.07185003	-0.00525655	0.11458963	0.00603712	0.00811307	-0.00470897
6.599974	0.07197110	-0.00512464	0.11443634	0.00954416	0.00761563	-0.01027421
6.616640	0.07215852	-0.00495481	0.11422119	0.01478473	0.00788701	-0.01625466
6.633307	0.07239486	-0.00481784	0.11395369	0.01974523	0.00773111	-0.02264729
6.649973	0.07279326	-0.00470042	0.11354434	0.02267560	0.00624508	-0.02873712
6.666640	0.07330457	-0.00458968	0.11298195	0.02349967	0.00362047	-0.03396882
6.683307	0.07375757	-0.00453581	0.11227747	0.02332827	0.00035655	-0.03816780
6.699973	0.07409748	-0.00453265	0.11161320	0.02258221	-0.00268679	-0.04070857
6.716640	0.07434265	-0.00465279	0.11093020	0.02082647	-0.00446793	-0.04137264
6.733306	0.07471444	-0.00479927	0.11025123	0.01802973	-0.00414542	-0.04011498
6.749973	0.07512024	-0.00490503	0.10954136	0.01460342	-0.00273549	-0.03737338
6.766640	0.07538582	-0.00491351	0.10887390	0.01109992	-0.00154529	-0.03432615
6.783306	0.07545734	-0.00481728	0.10836951	0.00782746	-0.00137851	-0.03193808
6.799973	0.07541393	-0.00482830	0.10795449	0.00554206	-0.00240070	-0.02973811
6.816639	0.07550098	-0.00490703	0.10749252	0.00496810	-0.00445178	-0.02805114
6.833306	0.07566539	-0.00505803	0.10696988	0.00625639	-0.00614104	-0.02689570
6.849973	0.07580882	-0.00518477	0.10647598	0.00721692	-0.00623625	-0.02537317
6.866639	0.07590590	-0.00527861	0.10608086	0.00630072	-0.00489480	-0.02238987
6.883306	0.07600196	-0.00535172	0.10577077	0.00604133	-0.00355401	-0.01942519
6.899972	0.07607780	-0.00538804	0.10547896	0.00793963	-0.00327135	-0.01812458
6.916639	0.07615366	-0.00539148	0.10525064	0.01032755	-0.00367641	-0.01777280
6.933306	0.07637580	-0.00546784	0.10492007	0.01137894	-0.00428836	-0.01662321
6.949972	0.07667466	-0.00555925	0.10459334	0.01122844	-0.00575039	-0.01532065
6.966639	0.07692403	-0.00569289	0.10431063	0.00974458	-0.00756739	-0.01391603
6.983305	0.07701860	-0.00578124	0.10417413	0.00617149	-0.00825706	-0.01185552
6.999972	0.07704613	-0.00596306	0.10400664	0.00238084	-0.00730054	-0.00974447
7.016639	0.07705836	-0.00612975	0.10385913	0.00017956	-0.00562577	-0.00818453
7.033305	0.07701461	-0.00623312	0.10367972	-0.00041399	-0.00374026	-0.00683113
7.049972	0.07701826	-0.00621476	0.10358851	-0.00041902	-0.00138099	-0.00453616
7.066638	0.07699470	-0.00618901	0.10352927	-0.00018034	0.00004054	-0.00105739
7.083305	0.07701891	-0.00617090	0.10353609	-0.00077740	-0.00056720	0.00344285
7.099972	0.07702031	-0.00617688	0.10360436	-0.00289620	-0.00258657	0.00781759
7.116638	0.07700090	-0.00622918	0.10378323	-0.00614415	-0.00477035	0.01169906
7.133305	0.07686388	-0.00634980	0.10405774	-0.01076118	-0.00685181	0.01480407
7.149971	0.07663348	-0.00649245	0.10435060	-0.01660596	-0.00780671	0.01862831
7.166638	0.07631978	-0.00665769	0.10464863	-0.02246508	-0.00720801	0.02270179
7.183305	0.07589622	-0.00680310	0.10497274	-0.02601116	-0.00570525	0.02602640
7.199971	0.07536062	-0.00686498	0.10552390	-0.02652779	-0.00395543	0.02767693
7.216638	0.07481850	-0.00689041	0.10608036	-0.02441427	-0.00175677	0.02804313
7.233305	0.07442269	-0.00689305	0.10662386	-0.02123778	0.00061898	0.02732619
7.249971	0.07417788	-0.00690513	0.10695256	-0.01793422	0.00299979	0.02610139
7.266638	0.07400037	-0.00684339	0.10731386	-0.01541516	0.00508950	0.02516775
7.283304	0.07372121	-0.00672172	0.10772359	-0.01351146	0.00684442	0.02461820
7.299971	0.07345128	-0.00654113	0.10823637	-0.01153161	0.00778347	0.02424518
7.316638	0.07320616	-0.00640472	0.10867147	-0.00821132	0.00766414	0.02305755
7.333304	0.07314617	-0.00627455	0.10901051	-0.00395121	0.00658033	0.02145932
7.349971	0.07314121	-0.00620467	0.10927875	-0.00023648	0.00499099	0.01973924
7.366637	0.07323337	-0.00610839	0.10959072	0.00143115	0.00343208	0.01905963
7.383304	0.07326562	-0.00607149	0.10994483	0.00127014	0.00207634	0.01902081
7.399971	0.07330199	-0.00604296	0.11027642	0.00039585	0.00096421	0.01870401
7.416637	0.07324177	-0.00605908	0.11059768	-0.00072185	0.00051319	0.01743242
7.433304	0.07323585	-0.00606587	0.11085512	-0.00120335	0.00169319	0.01577097
7.449970	0.07319889	-0.00606664	0.11110967	-0.00083119	0.00407145	0.01442572
7.466637	0.07319505	-0.00598733	0.11132117	0.00023298	0.00683277	0.01333998
7.483304	0.07319386	-0.00581363	0.11153475	0.00123587	0.00906863	0.01255342
7.499970	0.07322869	-0.00559955	0.11175046	0.00239168	0.01037708	0.01140636
7.516637	0.07328904	-0.00539934	0.11193155	0.00343875	0.01050989	0.00940219
7.533303	0.07335494	-0.00524627	0.11211585	0.00479387	0.01021803	0.00621061
7.549970	0.07343672	-0.00510717	0.11219306	0.00651843	0.01032493	0.00196674
7.566637	0.07353295	-0.00495350	0.11219878	0.00899762	0.01110055	-0.00287798
7.583303	0.07369959	-0.00474775	0.11209368	0.01209513	0.01238932	-0.00778727
7.599970	0.07392371	-0.00451398	0.11189978	0.01560851	0.01297556	-0.01248491
7.616636	0.07423626	-0.00427119	0.11166511	0.01879752	0.01187842	-0.01700077
7.633303	0.07458033	-0.00403643	0.11135030	0.01960710	0.00818145	-0.02193668
7.649970	0.07497764	-0.00390741	0.11096355	0.01756493	0.00247808	-0.02802402
7.666636	0.07532759	-0.00388049	0.11048377	0.01394136	-0.00390770	-0.03451499
7.683302	0.07549158	-0.00406968	0.10982739	0.01092114	-0.00864546	-0.03922899
7.699969	0.07555547	-0.00431784	0.10906079	0.00942588	-0.01012669	-0.04124043
7.716636	0.07559719	-0.00459817	0.10824726	0.01006499	-0.00826719	-0.04051385
7.733303	0.07582111	-0.00470275	0.10759945	0.01237066	-0.00493546	-0.03781770
7.749969	0.07610966	-0.00468800	0.10704718	0.01429426	-0.00254146	-0.03389379
7.766635	0.07642733	-0.00460124	0.10656600	0.01385631	-0.00180324	-0.02964795
7.783302	0.07667143	-0.00462882	0.10605282	0.01132836	-0.00271330	-0.02587932
7.799969	0.07680651	-0.00475298	0.10561606	0.00810980	-0.00421827	-0.02203801
7.816636	0.07686792	-0.00489016	0.10528065	0.00499664	-0.00538405	-0.01814242
7.833302	0.07693022	-0.00496931	0.10505311	0.00285597	-0.00528535	-0.01473228
7.849968	0.07696133	-0.00501422	0.10488621	0.00273419	-0.00436956	-0.01328597
7.866635	0.07699698	-0.00508313	0.10469266	0.00385457	-0.00344457	-0.01352032
7.883302	0.07700633	-0.00515863	0.10447285	0.00475423	-0.00308542	-0.01361051
7.899969	0.07715560	-0.00521161	0.10416888	0.00519378	-0.00317010	-0.01205825
7.916635	0.07728291	-0.00523521	0.10391424	0.00530957	-0.00384085	-0.00925872
7.933301	0.07738960	-0.00527547	0.10379525	0.00417629	-0.00523712	-0.00611367
7.949968	0.07742189	-0.00536635	0.10380622	0.00075467	-0.00705443	-0.00265272
7.966635	0.07743203	-0.00553398	0.10382821	-0.00319985	-0.00868489	0.00026751
7.983302	0.07737195	-0.00571953	0.10380113	-0.00655363	-0.00951269	0.00257914
7.999968	0.07717611	-0.00589781	0.10382764	-0.00915524	-0.00923018	0.00484610
8.016635	0.07697619	-0.00603935	0.10391196	-0.01088054	-0.00802729	0.00730815
8.033301	0.07676371	-0.00615887	0.10411718	-0.01064219	-0.00580566	0.00992660
8.049968	0.07659109	-0.00625354	0.10432930	-0.00934966	-0.00252474	0.01295423
8.066634	0.07644694	-0.00631010	0.10452290	-0.00884741	0.00089237	0.01569993
8.083301	0.07635319	-0.00624888	0.10476865	-0.00951953	0.00350924	0.01768749
8.099968	0.07622389	-0.00610559	0.10512327	-0.01099900	0.00474820	0.02020360
8.116634	0.07601219	-0.00596478	0.10550698	-0.01264510	0.00418107	0.02274567
8.133301	0.07573485	-0.00589985	0.10589620	-0.01423972	0.00235445	0.02419601
8.149967	0.07546441	-0.00591858	0.10632151	-0.01469227	0.00087877	0.02448427
8.166634	0.07523203	-0.00597471	0.10673436	-0.01414316	0.00056902	0.02435120
8.183301	0.07499925	-0.00598051	0.10716112	-0.01318050	0.00100308	0.02396694
8.199967	0.07481368	-0.00591598	0.10753690	-0.01284228	0.00117579	0.02434792
8.216634	0.07458615	-0.00583566	0.10792035	-0.01348192	0.00034879	0.02608518
8.233300	0.07440180	-0.00582178	0.10831118	-0.01426848	-0.00129581	0.02823003
8.249967	0.07413192	-0.00589963	0.10883460	-0.01352509	-0.00291774	0.02948594
8.266634	0.07385113	-0.00601729	0.10941827	-0.01106032	-0.00335616	0.02974448
8.283300	0.07362061	-0.00609350	0.10996395	-0.00827003	-0.00236925	0.02868880
8.299967	0.07356685	-0.00611505	0.11037977	-0.00596455	-0.00058304	0.02589761
8.316633	0.07358856	-0.00606564	0.11077314	-0.00384109	0.00138450	0.02304872
8.333300	0.07355741	-0.00602880	0.11111280	-0.00168168	0.00299229	0.02085031
8.349967	0.07342622	-0.00597989	0.11145140	-0.00063107	0.00389150	0.01807350
8.366633	0.07340244	-0.00590900	0.11178371	0.00022914	0.00466480	0.01464954
8.383300	0.07348075	-0.00581714	0.11202282	0.00215751	0.00593517	0.01195782
8.399966	0.07356519	-0.00571842	0.11212947	0.00414068	0.00714658	0.01039748
8.416633	0.07364026	-0.00558881	0.11221533	0.00364167	0.00789419	0.00966139
8.433300	0.07369935	-0.00543212	0.11237045	0.00081659	0.00822266	0.00977300
8.449966	0.07376026	-0.00527706	0.11262062	-0.00189462	0.00790634	0.00922129
8.466633	0.07367390	-0.00514570	0.11281457	-0.00334383	0.00685428	0.00678173
8.483299	0.07350718	-0.00503673	0.11294940	-0.00398544	0.00539427	0.00310202
8.499966	0.07341193	-0.00497152	0.11288718	-0.00292347	0.00425932	0.00036962
8.516633	0.07339650	-0.00491698	0.11280002	0.00021089	0.00356417	-0.00076734
8.533299	0.07344403	-0.00488596	0.11272892	0.00401353	0.00379974	-0.00130054
8.549966	0.07355416	-0.00481357	0.11280569	0.00748011	0.00574152	-0.00223220
8.566632	0.07368171	-0.00474857	0.11284625	0.01058721	0.00862757	-0.00490608
8.583299	0.07390062	-0.00458469	0.11276181	0.01340223	0.01097575	-0.00927627
8.599966	0.07414494	-0.00432386	0.11250958	0.01515685	0.01131795	-0.01595209
8.616632	0.07444938	-0.00405598	0.11215385	0.01569963	0.00921007	-0.02321294
8.633299	0.07475483	-0.00386622	0.11177865	0.01471790	0.00429630	-0.02974861
8.649965	0.07497339	-0.00387604	0.11119797	0.01233452	-0.00207227	-0.03414823
8.666632	0.07518503	-0.00399343	0.11056142	0.00939310	-0.00723211	-0.03555621
8.683299	0.07527751	-0.00423475	0.10980876	0.00719930	-0.00998584	-0.03406278
8.699965	0.07535862	-0.00446220	0.10924242	0.00609851	-0.01078802	-0.03046722
8.716632	0.07542849	-0.00460504	0.10884126	0.00608622	-0.01029812	-0.02661310
8.733298	0.07552817	-0.00474841	0.10851315	0.00687151	-0.00798510	-0.02286857
8.749965	0.07567567	-0.00487977	0.10818002	0.00820793	-0.00483463	-0.02047174
8.766632	0.07582338	-0.00501891	0.10774975	0.00984289	-0.00156555	-0.01919974
8.783298	0.07597305	-0.00498515	0.10745774	0.01082443	0.00142723	-0.01832630
8.799965	0.07618835	-0.00488331	0.10718532	0.01120605	0.00398365	-0.01647986
8.816631	0.07639424	-0.00473810	0.10695963	0.01176850	0.00514309	-0.01465166
8.833298	0.07659972	-0.00466696	0.10669795	0.01272099	0.00391508	-0.01451349
8.849965	0.07676995	-0.00460610	0.10648251	0.01326447	0.00135236	-0.01479147
8.866632	0.07699533	-0.00459981	0.10624599	0.01337694	-0.00145198	-0.01454288
8.883298	0.07727754	-0.00465217	0.10596601	0.01406325	-0.00337195	-0.01435859
8.899964	0.07750693	-0.00475070	0.10572296	0.01452105	-0.00408044	-0.01459068
8.916631	0.07772639	-0.00487491	0.10550931	0.01354122	-0.00380539	-0.01535858
8.933298	0.07797957	-0.00492904	0.10526738	0.01211890	-0.00319881	-0.01659668
8.949965	0.07817337	-0.00493151	0.10501528	0.01109821	-0.00311603	-0.01824707
8.966631	0.07834342	-0.00494636	0.10462466	0.00881478	-0.00430400	-0.01866732
8.983297	0.07846364	-0.00500360	0.10429192	0.00464479	-0.00694203	-0.01727387
8.999964	0.07858778	-0.00517400	0.10392984	-0.00012685	-0.01005639	-0.01441287
9.016630	0.07854214	-0.00538279	0.10378236	-0.00383472	-0.01172003	-0.01025305
9.033298	0.07836957	-0.00564449	0.10366230	-0.00686496	-0.01074688	-0.00463655
9.049964	0.07814891	-0.00587231	0.10361212	-0.00871956	-0.00807643	0.00128612
9.066630	0.07803991	-0.00596602	0.10363159	-0.00916783	-0.00557454	0.00632419
9.083297	0.07789849	-0.00595963	0.10382619	-0.00986349	-0.00471524	0.01165477
9.099963	0.07781053	-0.00594634	0.10408346	-0.01234402	-0.00554182	0.01703068
9.116631	0.07756680	-0.00604993	0.10441886	-0.01624770	-0.00704258	0.02111812
9.133297	0.07726536	-0.00629506	0.10479540	-0.02023463	-0.00813521	0.02335349
9.149963	0.07683067	-0.00648451	0.10525455	-0.02363382	-0.00672551	0.02664528
9.166630	0.07639568	-0.00660105	0.10568288	-0.02560611	-0.00320713	0.03129368
9.183296	0.07595737	-0.00660042	0.10613969	-0.02569883	0.00053923	0.03531772
9.199964	0.07551882	-0.00646473	0.10683251	-0.02438719	0.00193468	0.03735930
9.216630	0.07509404	-0.00641027	0.10758234	-0.02314271	0.00161047	0.03907048
9.233296	0.07475473	-0.00633340	0.10830885	-0.02156940	0.00071472	0.04028623
9.249963	0.07441147	-0.00647414	0.10884042	-0.01911823	0.00069969	0.03976994
9.266629	0.07409441	-0.00647373	0.10947684	-0.01641172	0.00213948	0.03893920
9.283297	0.07380716	-0.00645117	0.11017051	-0.01447508	0.00487399	0.03950850
9.299963	0.07362511	-0.00627022	0.11086483	-0.01306189	0.00790021	0.04077958
9.316629	0.07347151	-0.00608454	0.11154578	-0.01139452	0.00942563	0.03955648
9.333296	0.07326989	-0.00590485	0.11219940	-0.00893339	0.00983024	0.03639914
9.349962	0.07306483	-0.00576075	0.11285771	-0.00684316	0.00909627	0.03289701
9.366630	0.07295397	-0.00562429	0.11333348	-0.00539417	0.00855459	0.03005047
9.383296	0.07298184	-0.00548604	0.11375668	-0.00412816	0.00866449	0.02739422
9.399962	0.07295933	-0.00535031	0.11414964	-0.00256279	0.00894782	0.02477164
9.416629	0.07287788	-0.00519910	0.11460970	-0.00143257	0.00839322	0.02220852
9.433295	0.07277285	-0.00501961	0.11501469	-0.00161980	0.00662360	0.01940664
9.449963	0.07280630	-0.00489479	0.11530617	-0.00270543	0.00471282	0.01723188
9.466629	0.07285901	-0.00484508	0.11548261	-0.00339897	0.00361365	0.01617382
9.483295	0.07279042	-0.00489135	0.11567423	-0.00349538	0.00356161	0.01574243
9.499962	0.07260325	-0.00485271	0.11598421	-0.00316874	0.00450515	0.01481017
9.516628	0.07249638	-0.00473591	0.11635113	-0.00112169	0.00676155	0.01405740
9.533296	0.07251629	-0.00455676	0.11658483	0.00264698	0.00918949	0.01228159
9.549962	0.07266374	-0.00440099	0.11667154	0.00602237	0.01015504	0.00845685
9.566628	0.07283884	-0.00420537	0.11680053	0.00742230	0.00960311	0.00343533
9.583295	0.07298695	-0.00404182	0.11685485	0.00737938	0.00875524	-0.00124071
9.599961	0.07306963	-0.00389142	0.11685925	0.00741030	0.00848200	-0.00576688
9.616629	0.07314419	-0.00381011	0.11665310	0.00845380	0.00837888	-0.01045559
9.633295	0.07326575	-0.00367699	0.11640019	0.01042311	0.00831404	-0.01391808
9.649961	0.07349582	-0.00351053	0.11611167	0.01267490	0.00838854	-0.01564766
9.666628	0.07376203	-0.00333851	0.11583209	0.01412278	0.00815939	-0.01655138
9.683294	0.07403834	-0.00320713	0.11560477	0.01515570	0.00681848	-0.01846261
9.699962	0.07427081	-0.00310569	0.11531939	0.01661967	0.00486972	-0.02152552
9.716628	0.07448308	-0.00304784	0.11495298	0.01800861	0.00292632	-0.02591013
9.733294	0.07481203	-0.00301927	0.11445096	0.01930859	0.00149623	-0.03053271
9.749961	0.07521480	-0.00301859	0.11387307	0.02044943	0.00032886	-0.03419067
9.766627	0.07558417	-0.00302782	0.11323944	0.02066743	-0.00082539	-0.03664475
9.783295	0.07593624	-0.00302867	0.11261938	0.01919452	-0.00219887	-0.03780350
9.799961	0.07620075	-0.00306961	0.11198690	0.01711457	-0.00392590	-0.03795907
9.816628	0.07649842	-0.00314069	0.11134393	0.01531428	-0.00592549	-0.03796108
9.833294	0.07671045	-0.00327251	0.11070585	0.01405107	-0.00773942	-0.03720269
9.849960	0.07694630	-0.00343451	0.11008943	0.01319335	-0.00924107	-0.03468028
9.866628	0.07713955	-0.00360563	0.10946493	0.01213675	-0.01086303	-0.03102155
9.883294	0.07734884	-0.00377576	0.10898382	0.01077630	-0.01251570	-0.02820071
9.899961	0.07754510	-0.00397634	0.10859371	0.00858526	-0.01395192	-0.02686284
9.916627	0.07767738	-0.00424714	0.10826764	0.00640000	-0.01417424	-0.02520284
9.933293	0.07775693	-0.00453732	0.10779488	0.00479830	-0.01274652	-0.02311436
9.949961	0.07775951	-0.00479634	0.10728619	0.00421742	-0.00970849	-0.02115340
9.966627	0.07781076	-0.00490394	0.10697148	0.00423131	-0.00594083	-0.01879741
9.983294	0.07790782	-0.00493159	0.10675329	0.00369480	-0.00347870	-0.01594978
9.999960	0.07803153	-0.00489388	0.10659157	0.00232727	-0.00378713	-0.01446644
10.016626	0.07809561	-0.00491465	0.10634512	0.00008050	-0.00677584	-0.01550632
10.033294	0.07801531	-0.00506886	0.10604297	-0.00171528	-0.00967292	-0.01662082
10.049960	0.07792319	-0.00532739	0.10574616	-0.00227504	-0.01099224	-0.01626118
10.066627	0.07781958	-0.00563891	0.10538977	-0.00161000	-0.01082294	-0.01469763
10.083293	0.07786472	-0.00576097	0.10521938	-0.00066132	-0.00916376	-0.01197458
10.099959	0.07791325	-0.00583912	0.10504098	-0.00115645	-0.00678507	-0.00697254
10.116626	0.07793410	-0.00591021	0.10493307	-0.00462165	-0.00581361	-0.00035942
10.133293	0.07785477	-0.00599815	0.10491775	-0.01206865	-0.00788288	0.00726852
10.149960	0.07761604	-0.00613551	0.10510056	-0.02152466	-0.01145706	0.01605577
10.166626	0.07719875	-0.00630612	0.10547864	-0.02999456	-0.01457721	0.02445901
10.183292	0.07651665	-0.00664706	0.10601936	-0.03502506	-0.01621766	0.03024270
10.199959	0.07576819	-0.00700244	0.10661760	-0.03667190	-0.01615390	0.03261456
10.216626	0.07510754	-0.00729722	0.10724341	-0.03588780	-0.01306438	0.03474596
10.233293	0.07461537	-0.00748954	0.10773470	-0.03350018	-0.00767113	0.03862430
10.249959	0.07415482	-0.00756796	0.10826971	-0.03052239	-0.00244569	0.04287416
10.266625	0.07362352	-0.00750522	0.10905530	-0.02722848	0.00113111	0.04552137
10.283292	0.07309695	-0.00742410	0.11002634	-0.02382884	0.00302190	0.04590913
10.299959	0.07270132	-0.00732301	0.11094072	-0.01983144	0.00410934	0.04463799
10.316626	0.07248881	-0.00731780	0.11156704	-0.01510067	0.00601202	0.04341888
10.333292	0.07232487	-0.00725583	0.11204692	-0.01112637	0.00913241	0.04295646
10.349958	0.07216314	-0.00711431	0.11271586	-0.00845994	0.01278262	0.04345755
10.366625	0.07202262	-0.00678386	0.11362061	-0.00675770	0.01568673	0.04401631
10.383292	0.07188853	-0.00642907	0.11452828	-0.00558043	0.01654520	0.04346344
10.399959	0.07186544	-0.00610179	0.11522254	-0.00496091	0.01548365	0.04047332
10.416625	0.07180592	-0.00590886	0.11569665	-0.00465201	0.01319163	0.03528155
10.433291	0.07173733	-0.00575404	0.11624878	-0.00430362	0.01131485	0.03021323
10.449958	0.07161329	-0.00559441	0.11677992	-0.00401413	0.01070666	0.02714522
10.466625	0.07152241	-0.00541160	0.11725072	-0.00305143	0.01034988	0.02498804
10.483292	0.07151502	-0.00520524	0.11758050	-0.00152670	0.00898772	0.02252208
10.499958	0.07150318	-0.00501505	0.11788705	0.00027955	0.00683143	0.02007928
10.516624	0.07154576	-0.00494558	0.11821974	0.00100721	0.00459688	0.01790583
10.533291	0.07155492	-0.00492486	0.11856338	0.00077382	0.00215654	0.01558776
10.549958	0.07160231	-0.00494704	0.11881901	0.00001237	0.00032669	0.01271126
10.566625	0.07157804	-0.00490632	0.11899267	-0.00082735	0.00007084	0.00994697
10.583291	0.07155491	-0.00493710	0.11906101	-0.00085201	0.00163794	0.00768910
10.599957	0.07149520	-0.00492859	0.11916669	0.00011329	0.00341689	0.00578652
10.616624	0.07148761	-0.00488587	0.11928645	0.00174598	0.00476913	0.00443118
10.633291	0.07155290	-0.00470401	0.11938815	0.00330185	0.00640374	0.00360334
10.649958	0.07166333	-0.00458713	0.11940228	0.00449641	0.00780447	0.00281901
10.666624	0.07176007	-0.00445738	0.11940266	0.00538456	0.00823736	0.00106011
10.683290	0.07183193	-0.00434838	0.11942510	0.00644694	0.00772766	-0.00188597
10.699957	0.07189333	-0.00418931	0.11947370	0.00798642	0.00727666	-0.00550138
10.716624	0.07204851	-0.00405077	0.11934740	0.00919562	0.00609830	-0.00959307
10.733291	0.07225170	-0.00395606	0.11910940	0.00981257	0.00494428	-0.01381723
10.749957	0.07249529	-0.00389142	0.11876559	0.01015354	0.00391624	-0.01843348
10.766623	0.07261508	-0.00389904	0.11845768	0.01058750	0.00312353	-0.02351271
10.783290	0.07273810	-0.00381151	0.11812793	0.01080603	0.00208390	-0.02890431
10.799957	0.07289641	-0.00377097	0.11760937	0.01092356	0.00152390	-0.03326396
10.816624	0.07316393	-0.00371846	0.11692395	0.01198535	0.00146160	-0.03603018
10.833290	0.07338393	-0.00377098	0.11615964	0.01314049	0.00037624	-0.03787473
10.849957	0.07356707	-0.00375644	0.11555988	0.01371795	-0.00106176	-0.03799823
10.866623	0.07378676	-0.00373172	0.11505075	0.01451044	-0.00197387	-0.03581106
10.883290	0.07402717	-0.00379631	0.11442050	0.01688845	-0.00150406	-0.03372645
10.899957	0.07432733	-0.00385616	0.11383348	0.02051466	-0.00072280	-0.03431930
10.916623	0.07467639	-0.00393023	0.11327893	0.02318503	0.00064101	-0.03561064
10.933290	0.07511697	-0.00383581	0.11276138	0.02333963	0.00174298	-0.03498080
10.949956	0.07563150	-0.00376033	0.11211311	0.02086823	0.00122038	-0.03227534
10.966623	0.07598260	-0.00367011	0.11146746	0.01674990	-0.00172879	-0.02880089
10.983290	0.07619336	-0.00373459	0.11100793	0.01151395	-0.00669152	-0.02555191
10.999956	0.07624247	-0.00391024	0.11074702	0.00783041	-0.01097691	-0.02334466
11.016623	0.07631844	-0.00419152	0.11048744	0.00748540	-0.01252437	-0.02354821
11.033289	0.07638849	-0.00450317	0.11009875	0.00916723	-0.01122732	-0.02497881
11.049956	0.07661185	-0.00468848	0.10953335	0.01103540	-0.00834848	-0.02529233
11.066623	0.07686502	-0.00473049	0.10898740	0.01193096	-0.00524671	-0.02462065
11.083289	0.07710649	-0.00474291	0.10862687	0.01219173	-0.00390793	-0.02417500
11.099956	0.07727172	-0.00474584	0.10841531	0.01086549	-0.00525331	-0.02365081
11.116622	0.07740261	-0.00486773	0.10806596	0.00795464	-0.00802827	-0.02255154
11.133288	0.07758897	-0.00504123	0.10754034	0.00460403	-0.01010038	-0.02072182
11.149956	0.07765901	-0.00528944	0.10705372	0.00152980	-0.01058929	-0.01782499
11.166622	0.07762475	-0.00550699	0.10682303	-0.00154742	-0.00988338	-0.01269029
11.183289	0.07752535	-0.00562606	0.10679728	-0.00363187	-0.00785532	-0.00600150
11.199955	0.07740755	-0.00571850	0.10676832	-0.00441821	-0.00540508	-0.00043970
11.216621	0.07735068	-0.00580482	0.10675938	-0.00604837	-0.00438756	0.00368511
11.233289	0.07731934	-0.00582643	0.10681177	-0.01022209	-0.00506776	0.00888124
11.249955	0.07720606	-0.00590497	0.10696190	-0.01653108	-0.00670136	0.01603572
11.266622	0.07687358	-0.00600219	0.10729662	-0.02300462	-0.00840746	0.02320020
11.283288	0.07630257	-0.00621276	0.10779293	-0.02829500	-0.01004527	0.02837025
11.299954	0.07569424	-0.00643183	0.10840717	-0.03157006	-0.01115402	0.03178814
11.316622	0.07517228	-0.00659789	0.10898332	-0.03247561	-0.01127075	0.03411035
11.333288	0.07469086	-0.00679261	0.10947271	-0.03143819	-0.00885622	0.03651969
11.349955	0.07418925	-0.00694359	0.11005521	-0.03049494	-0.00572835	0.03930778
11.366621	0.07362305	-0.00709062	0.11071881	-0.02976962	-0.00292061	0.04272947
11.383287	0.07313813	-0.00700833	0.11157710	-0.02801236	-0.00041234	0.04526101
11.399955	0.07264549	-0.00698078	0.11237589	-0.02391713	0.00258229	0.04528645
11.416621	0.07228485	-0.00690210	0.11317656	-0.01774966	0.00562539	0.04244576
11.433288	0.07198548	-0.00689320	0.11383034	-0.01076591	0.00822216	0.03792368
11.449954	0.07189382	-0.00670913	0.11441825	-0.00442805	0.01213954	0.03398361
11.466620	0.07193033	-0.00645799	0.11490896	-0.00072159	0.01629807	0.03106785
11.483288	0.07203973	-0.00613373	0.11537454	-0.00022467	0.01838632	0.02903317
11.499954	0.07208482	-0.00572396	0.11586735	-0.00258912	0.01751411	0.02746936
11.516621	0.07198085	-0.00540672	0.11634082	-0.00549691	0.01619792	0.02644561
11.533287	0.07178875	-0.00520180	0.11676090	-0.00715743	0.01458439	0.02536009
11.549953	0.07158732	-0.00506569	0.11715724	-0.00680557	0.01229216	0.02333103
11.566621	0.07149691	-0.00483684	0.11753134	-0.00475267	0.01025561	0.02053794
11.583287	0.07148591	-0.00460481	0.11791480	-0.00225116	0.00913670	0.01738790
11.599954	0.07148916	-0.00447103	0.11816204	0.00014700	0.00841732	0.01461579
11.616620	0.07150308	-0.00440690	0.11835366	0.00246455	0.00775670	0.01200431
11.633286	0.07149740	-0.00432624	0.11846976	0.00504052	0.00767974	0.00935793
11.649954	0.07161038	-0.00416873	0.11865899	0.00798288	0.00875604	0.00669709
11.666620	0.07178942	-0.00396412	0.11878729	0.01072489	0.00983548	0.00324429
11.683287	0.07203332	-0.00380553	0.11884631	0.01246964	0.01037840	-0.00117731
11.699953	0.07228294	-0.00361143	0.11876546	0.01283092	0.01003859	-0.00675171
11.716619	0.07247937	-0.00349618	0.11857259	0.01300620	0.00918664	-0.01221781
11.733287	0.07267395	-0.00329091	0.11833274	0.01387523	0.00823802	-0.01724976
11.749953	0.07285865	-0.00318278	0.11798874	0.01613456	0.00718757	-0.02110974
11.766620	0.07314985	-0.00306002	0.11762115	0.01938347	0.00570777	-0.02429573
11.783286	0.07351340	-0.00298786	0.11714371	0.02309578	0.00398043	-0.02794802
11.799953	0.07396402	-0.00293192	0.11669254	0.02561866	0.00271185	-0.03211716
11.816620	0.07442892	-0.00290918	0.11615457	0.02584535	0.00138868	-0.03574002
11.833286	0.07492214	-0.00289224	0.11549863	0.02439814	0.00002776	-0.03847957
11.849953	0.07529873	-0.00289886	0.11477120	0.02199986	-0.00171298	-0.04097057
11.866619	0.07562646	-0.00291953	0.11405852	0.01886931	-0.00375197	-0.04219728
11.883286	0.07588895	-0.00300475	0.11337661	0.01448455	-0.00597422	-0.04153138
11.899953	0.07614821	-0.00312965	0.11267603	0.01007915	-0.00783817	-0.03936962
11.916619	0.07631885	-0.00330064	0.11199281	0.00717509	-0.00874020	-0.03682643
11.933286	0.07631671	-0.00347612	0.11139397	0.00604814	-0.00885128	-0.03426618
11.949952	0.07632557	-0.00362447	0.11088732	0.00641986	-0.00796195	-0.03145882
11.966619	0.07643255	-0.00373356	0.11041291	0.00812333	-0.00573414	-0.02847739
11.983286	0.07665393	-0.00384843	0.10993483	0.01029425	-0.00348364	-0.02536963
11.999952	0.07691704	-0.00387764	0.10949541	0.01058493	-0.00300597	-0.02283582
12.016619	0.07708069	-0.00385593	0.10914636	0.00832926	-0.00480690	-0.02156944
12.033285	0.07723158	-0.00386928	0.10889097	0.00554989	-0.00734056	-0.02114323
12.049952	0.07723026	-0.00404530	0.10857207	0.00458850	-0.00938143	-0.02119311
12.066619	0.07723115	-0.00435848	0.10815780	0.00521356	-0.00991697	-0.02141384
12.083285	0.07730605	-0.00457842	0.10773589	0.00630456	-0.00847742	-0.01982973
12.099952	0.07749646	-0.00467949	0.10737434	0.00737394	-0.00563182	-0.01522379
12.116618	0.07769933	-0.00464825	0.10714055	0.00772192	-0.00332378	-0.00985991
12.133285	0.07781243	-0.00464527	0.10708842	0.00722638	-0.00300734	-0.00701710
12.149952	0.07786012	-0.00471010	0.10712115	0.00613379	-0.00422860	-0.00750876
12.166618	0.07794233	-0.00482876	0.10706843	0.00505908	-0.00570364	-0.00991967
12.183285	0.07804898	-0.00496940	0.10678917	0.00334257	-0.00625141	-0.01176593
12.199951	0.07816518	-0.00507095	0.10642559	0.00013948	-0.00666790	-0.01139098
12.216618	0.07817084	-0.00515456	0.10616349	-0.00528520	-0.00800164	-0.00684692
12.233284	0.07801837	-0.00524053	0.10614663	-0.01243108	-0.01073286	0.00213546
12.249951	0.07775054	-0.00543277	0.10625286	-0.01974654	-0.01418153	0.01249616
12.266618	0.07731639	-0.00573335	0.10657421	-0.02547028	-0.01752589	0.02103613
12.283284	0.07682163	-0.00611469	0.10703360	-0.02982911	-0.02023334	0.02639945
12.299951	0.07626065	-0.00647161	0.10759529	-0.03294414	-0.01977766	0.03023435
12.316617	0.07572119	-0.00682060	0.10814393	-0.03429129	-0.01522491	0.03359186
12.333284	0.07511289	-0.00714304	0.10861217	-0.03352313	-0.00816267	0.03724471
12.349951	0.07451182	-0.00721545	0.10923937	-0.03081997	-0.00096997	0.04173173
12.366617	0.07396738	-0.00710366	0.10997380	-0.02744946	0.00561146	0.04664335
12.383284	0.07357794	-0.00683403	0.11088157	-0.02328316	0.01108080	0.04999594
12.399950	0.07328988	-0.00663570	0.11181907	-0.01894713	0.01368077	0.05041821
12.416617	0.07298896	-0.00642680	0.11267035	-0.01578736	0.01405105	0.04965981
12.433284	0.07275746	-0.00615648	0.11344325	-0.01477981	0.01290479	0.04825880
12.449950	0.07253345	-0.00594278	0.11413734	-0.01417400	0.01208425	0.04715938
12.466617	0.07233064	-0.00569198	0.11497726	-0.01216759	0.01116817	0.04597541
12.483283	0.07206288	-0.00562517	0.11577024	-0.00969544	0.01059056	0.04428196
12.499950	0.07188255	-0.00542432	0.11657589	-0.00877637	0.00956443	0.04121964
12.516617	0.07184481	-0.00529168	0.11718511	-0.00919331	0.00875922	0.03730614
12.533283	0.07179478	-0.00505053	0.11774273	-0.00980307	0.00833861	0.03366525
12.549950	0.07157329	-0.00498556	0.11822037	-0.01059983	0.00768523	0.03012107
12.566616	0.07127956	-0.00486359	0.11874811	-0.01075060	0.00693408	0.02669822
12.583283	0.07102983	-0.00479979	0.11921161	-0.00807158	0.00739742	0.02328893
12.599950	0.07095295	-0.00463386	0.11957242	-0.00237041	0.01015018	0.01973942
12.616616	0.07096572	-0.00452085	0.11980481	0.00374606	0.01246343	0.01460405
12.633283	0.07113031	-0.00423174	0.12003218	0.00770427	0.01293577	0.00852469
12.649949	0.07133868	-0.00393429	0.12018923	0.00857651	0.01110379	0.00245747
12.666616	0.07154234	-0.00369779	0.12018066	0.00946302	0.01089249	-0.00091106
12.683283	0.07165117	-0.00363203	0.12002770	0.00627215	0.00515942	-0.00716130
12.699949	0.07167708	-0.00365899	0.11980905	0.00308127	-0.00057366	-0.01341155
