Time	thumb tip right X	thumb tip right Y	thumb tip right Z	thumb tip right v(X)	thumb tip right v(Y)	thumb tip right v(Z)
0.00000000	0.00000000	0.00000000	0.00000000	0.00000000	0.00000000	0.00000000
0.01666660	0.01666660	0.01666660	0.01666660	0.01666660	0.01666660	0.01666660
0.000000	0.07919911	-0.02145877	0.09940544	0.01345733	0.00398109	-0.03809262
0.016667	0.07945440	-0.02137766	0.09877563	0.00588099	0.00070436	-0.02786178
0.033333	0.07955148	-0.02136787	0.09828734	-0.00169535	-0.00257237	-0.01763094
0.050000	0.07946484	-0.02142064	0.09801049	-0.00540702	-0.00385197	-0.00748328
0.066666	0.07930591	-0.02155152	0.09790468	-0.01224549	-0.00571932	0.00937074
0.083333	0.07902367	-0.02167703	0.09821282	-0.01589416	-0.00620541	0.02417764
0.100000	0.07868086	-0.02180484	0.09885833	-0.01842637	-0.00647614	0.03590345
0.116666	0.07834823	-0.02186474	0.09973165	-0.02200668	-0.00729254	0.04592083
0.133333	0.07804790	-0.02195134	0.10052136	-0.02612728	-0.00854135	0.05539350
0.149999	0.07763232	-0.02211197	0.10133069	-0.02918523	-0.00973380	0.06529368
0.166666	0.07701945	-0.02234229	0.10242341	-0.02980814	-0.01054108	0.07437229
0.183333	0.07635957	-0.02256162	0.10388289	-0.02737205	-0.00993436	0.07945253
0.199999	0.07587047	-0.02271714	0.10555839	-0.02064575	-0.00682297	0.07656892
0.216666	0.07564373	-0.02281663	0.10697637	-0.00967588	-0.00137237	0.06415977
0.233332	0.07558820	-0.02283802	0.10790620	0.00325465	0.00465970	0.04363439
0.249999	0.07573136	-0.02269490	0.10835797	0.01438135	0.00887860	0.01972333
0.266666	0.07608403	-0.02242393	0.10843012	0.02181345	0.01044251	-0.00093766
0.283332	0.07664482	-0.02212311	0.10819632	0.02484961	0.00902374	-0.01495278
0.299999	0.07716887	-0.02200173	0.10770361	0.02322273	0.00505006	-0.02267709
0.316665	0.07757930	-0.02199181	0.10719191	0.01775357	-0.00004325	-0.02584036
0.333332	0.07775747	-0.02210364	0.10674819	0.01150825	-0.00356558	-0.02576693
0.349999	0.07782979	-0.02220031	0.10638691	0.00692933	-0.00411119	-0.02560741
0.366665	0.07783410	-0.02231533	0.10601673	0.00380037	-0.00270487	-0.02784938
0.383332	0.07793430	-0.02233003	0.10559427	0.00194703	0.00027422	-0.03146248
0.399998	0.07800820	-0.02229353	0.10497975	0.00179988	0.00398002	-0.03471169
0.416665	0.07799947	-0.02221039	0.10428435	0.00425743	0.00812495	-0.03681500
0.433332	0.07796045	-0.02202644	0.10361362	0.00755719	0.01107334	-0.03843222
0.449998	0.07806693	-0.02181793	0.10303168	0.01094405	0.01192936	-0.03893059
0.466665	0.07843676	-0.02150427	0.10246103	0.01338942	0.01009689	-0.03750704
0.483331	0.07876695	-0.02133015	0.10173975	0.01373766	0.00570321	-0.03345332
0.499998	0.07903787	-0.02125715	0.10108887	0.01014084	-0.00053101	-0.02645786
0.516665	0.07909405	-0.02136513	0.10062920	0.00333720	-0.00699054	-0.01672427
0.533331	0.07912305	-0.02157631	0.10051968	-0.00406803	-0.01189577	-0.00568396
0.549998	0.07898881	-0.02184022	0.10063455	-0.01083635	-0.01474708	0.00433294
0.566664	0.07874974	-0.02212071	0.10081236	-0.01738596	-0.01519362	0.01292100
0.583331	0.07838841	-0.02239389	0.10104795	-0.02421538	-0.01447096	0.02164808
0.599998	0.07794353	-0.02262460	0.10136114	-0.02915018	-0.01236129	0.03398540
0.616664	0.07737693	-0.02281218	0.10195119	-0.03142358	-0.00859741	0.05010241
0.633331	0.07674769	-0.02297736	0.10289875	-0.03050116	-0.00390079	0.06681126
0.649997	0.07620477	-0.02300148	0.10430272	-0.02662684	0.00047120	0.07780069
0.666664	0.07578186	-0.02292212	0.10591288	-0.02009892	0.00401979	0.07910515
0.683331	0.07554750	-0.02275300	0.10748128	-0.01239156	0.00648583	0.07085411
0.699997	0.07540486	-0.02262706	0.10854562	-0.00438338	0.00728130	0.05592115
0.716664	0.07540435	-0.02252324	0.10923537	0.00313786	0.00657161	0.03834121
0.733330	0.07549189	-0.02241816	0.10959502	0.00969529	0.00520598	0.02220450
0.749997	0.07575166	-0.02233105	0.10986722	0.01450902	0.00387163	0.01005631
0.766664	0.07607261	-0.02226773	0.10995026	0.01587032	0.00212337	0.00121173
0.783330	0.07644453	-0.02224758	0.10987592	0.01359166	0.00017535	-0.00517132
0.799997	0.07669265	-0.02226700	0.10967126	0.00882868	-0.00148733	-0.00901762
0.816663	0.07675359	-0.02232507	0.10943261	0.00437276	-0.00295272	-0.00969809
0.833330	0.07669200	-0.02238858	0.10923960	0.00149206	-0.00351862	-0.00881742
0.849997	0.07660706	-0.02245034	0.10915522	0.00038605	-0.00316029	-0.00795990
0.866663	0.07667781	-0.02253434	0.10909738	0.00038471	-0.00215840	-0.00798791
0.883330	0.07675377	-0.02254241	0.10898197	0.00070509	-0.00116051	-0.00960119
0.899996	0.07678795	-0.02255901	0.10877042	0.00386500	0.00161147	-0.01662123
0.916663	0.07674104	-0.02250692	0.10851783	0.00948053	0.00610831	-0.02794348
0.933330	0.07674480	-0.02248252	0.10814423	0.01570488	0.01017345	-0.03951874
0.949996	0.07724589	-0.02219355	0.10723107	0.02008647	0.01228040	-0.04758601
0.966663	0.07778058	-0.02187518	0.10618331	0.02208182	0.01255069	-0.05140273
0.983329	0.07833377	-0.02157894	0.10506955	0.02078180	0.01133135	-0.04951180
0.999996	0.07847669	-0.02148999	0.10440615	0.01609403	0.00810407	-0.04161363
1.016663	0.07860208	-0.02145104	0.10384122	0.01092908	0.00439576	-0.03201270
1.033329	0.07876881	-0.02138548	0.10343216	0.00757958	0.00141073	-0.02508591
1.049996	0.07892475	-0.02134671	0.10309345	0.00605660	-0.00058326	-0.02123778
1.066662	0.07905211	-0.02135871	0.10276459	0.00337930	-0.00296202	-0.01846313
1.083329	0.07906222	-0.02145297	0.10245389	0.00023879	-0.00508461	-0.01744266
1.099996	0.07900535	-0.02158949	0.10221658	-0.00334652	-0.00611219	-0.01694954
1.116662	0.07891525	-0.02173232	0.10193669	-0.00666941	-0.00557708	-0.01568268
1.133329	0.07880785	-0.02181873	0.10166793	-0.00919361	-0.00448704	-0.01309936
1.149995	0.07861711	-0.02186767	0.10138480	-0.01274565	-0.00441497	-0.00706869
1.166662	0.07839924	-0.02186075	0.10126177	-0.01985547	-0.00704578	0.00490250
1.183329	0.07810567	-0.02195765	0.10132170	-0.02977864	-0.01237623	0.02229316
1.199995	0.07760505	-0.02216800	0.10180663	-0.03745243	-0.01803892	0.04180739
1.216662	0.07674704	-0.02262283	0.10275387	-0.03858157	-0.02080488	0.05911456
1.233328	0.07577477	-0.02313213	0.10406833	-0.03284043	-0.01909953	0.07005299
1.249995	0.07516615	-0.02352875	0.10548507	-0.02145832	-0.01358379	0.07054357
1.266662	0.07509132	-0.02364196	0.10677644	-0.00659830	-0.00553165	0.06084273
1.283328	0.07529677	-0.02356493	0.10775481	0.00582980	0.00262691	0.04562020
1.299995	0.07556207	-0.02342414	0.10829811	0.01005583	0.00771511	0.03092260
1.316661	0.07579467	-0.02325187	0.10851718	0.00734634	0.00876578	0.02066747
1.333328	0.07591709	-0.02304760	0.10864609	0.00381121	0.00793180	0.01610975
1.349995	0.07584238	-0.02293769	0.10888103	0.00183285	0.00669433	0.01619908
1.366661	0.07573507	-0.02286222	0.10924265	0.00080582	0.00482931	0.01784056
1.383328	0.07579046	-0.02282215	0.10961633	0.00078995	0.00237838	0.01895357
1.399994	0.07589915	-0.02275495	0.10994487	0.00235022	0.00055835	0.01823563
1.416661	0.07597592	-0.02275221	0.11018097	0.00377448	-0.00053962	0.01590914
1.433328	0.07595142	-0.02282285	0.11046030	0.00382961	-0.00131368	0.01273082
1.449994	0.07601564	-0.02286591	0.11066055	0.00351326	-0.00170229	0.00948183
1.466661	0.07610882	-0.02289780	0.11082619	0.00362625	-0.00100812	0.00577288
1.483328	0.07620834	-0.02288561	0.11085074	0.00311074	0.00019907	0.00118278
1.499994	0.07625841	-0.02287913	0.11084224	0.00259557	0.00201488	-0.00414422
1.516661	0.07626138	-0.02284794	0.11073846	0.00361999	0.00442786	-0.01047835
1.533327	0.07622725	-0.02279113	0.11055800	0.00597323	0.00687971	-0.01778189
1.549994	0.07636663	-0.02262216	0.11021116	0.00910103	0.00874563	-0.02591792
1.566660	0.07658906	-0.02242245	0.10969330	0.01310343	0.00984633	-0.03383076
1.583327	0.07689670	-0.02221015	0.10901570	0.01794774	0.01062647	-0.04187761
1.599994	0.07716318	-0.02207831	0.10824735	0.02159273	0.01113007	-0.04956146
1.616660	0.07752604	-0.02192972	0.10740976	0.02298353	0.01144990	-0.05564589
1.633327	0.07802920	-0.02172018	0.10639264	0.02293417	0.01167679	-0.05943650
1.649993	0.07846925	-0.02147473	0.10529442	0.02152887	0.01150487	-0.06033035
1.666660	0.07880479	-0.02125376	0.10420348	0.01733895	0.01005433	-0.05771783
1.683327	0.07903513	-0.02110139	0.10323372	0.01095638	0.00744320	-0.05122771
1.699993	0.07917213	-0.02102098	0.10246389	0.00478489	0.00469015	-0.04276680
1.716660	0.07921872	-0.02098179	0.10181826	-0.00014667	0.00290801	-0.03450549
1.733326	0.07910743	-0.02097605	0.10138398	-0.00328136	0.00262172	-0.02801146
1.749993	0.07899629	-0.02094614	0.10098328	-0.00398697	0.00369064	-0.02322564
1.766660	0.07886864	-0.02088573	0.10066040	-0.00245892	0.00537885	-0.01917362
1.783326	0.07885557	-0.02076470	0.10032520	-0.00042211	0.00649561	-0.01487626
1.799993	0.07892717	-0.02060749	0.10006569	0.00067905	0.00625425	-0.01025115
1.816659	0.07900406	-0.02046821	0.09994436	0.00054445	0.00465553	-0.00576439
1.833326	0.07900740	-0.02040628	0.09995037	-0.00140854	0.00128971	-0.00181165
1.849993	0.07893609	-0.02042170	0.09998126	-0.00547828	-0.00360538	0.00180782
1.866659	0.07882957	-0.02049959	0.10003174	-0.01134493	-0.00957341	0.00700514
1.883326	0.07866217	-0.02069893	0.10005474	-0.01830924	-0.01593607	0.01696195
1.899992	0.07830824	-0.02100629	0.10030437	-0.02474687	-0.02164112	0.03240535
1.916659	0.07778582	-0.02147272	0.10087973	-0.02807435	-0.02435551	0.04920871
1.933326	0.07712446	-0.02198854	0.10201254	-0.02569909	-0.02211717	0.06242412
1.949992	0.07660188	-0.02245830	0.10343456	-0.01888510	-0.01497807	0.06858328
1.966659	0.07635462	-0.02267025	0.10475927	-0.01083386	-0.00525402	0.06591972
1.983325	0.07644741	-0.02259428	0.10581594	-0.00429353	0.00426324	0.05542923
1.999992	0.07653443	-0.02231203	0.10656587	-0.00144542	0.01076270	0.04162448
2.016659	0.07653177	-0.02203030	0.10710944	-0.00165180	0.01282419	0.02927565
2.033325	0.07638755	-0.02178372	0.10748504	-0.00265514	0.01147699	0.02031603
2.049992	0.07625020	-0.02166440	0.10767571	-0.00209694	0.00898844	0.01437413
2.066658	0.07625441	-0.02155216	0.10786317	-0.00022955	0.00708321	0.01061958
2.083325	0.07631852	-0.02147496	0.10798597	0.00147496	0.00603874	0.00917081
2.099992	0.07642910	-0.02135880	0.10814851	0.00161220	0.00537829	0.00942651
2.116658	0.07644765	-0.02125428	0.10827768	0.00013661	0.00422282	0.01055971
2.133325	0.07639756	-0.02117813	0.10845786	-0.00229214	0.00266410	0.01200778
2.149992	0.07633433	-0.02115247	0.10867713	-0.00438252	0.00087744	0.01296972
2.166658	0.07623747	-0.02118096	0.10894014	-0.00476005	-0.00003389	0.01305865
2.183325	0.07613730	-0.02121200	0.10918330	-0.00407999	0.00044114	0.01130775
2.199991	0.07604979	-0.02123244	0.10937851	-0.00220769	0.00246947	0.00711816
2.216658	0.07603350	-0.02116900	0.10948350	0.00135284	0.00525415	-0.00008673
2.233325	0.07605264	-0.02104848	0.10946905	0.00629804	0.00827463	-0.00991822
2.249991	0.07619485	-0.02085212	0.10925427	0.01084526	0.01030526	-0.02217857
2.266658	0.07643878	-0.02066083	0.10878204	0.01442680	0.01051361	-0.03550369
2.283324	0.07679074	-0.02043050	0.10806394	0.01696798	0.00883985	-0.04742597
2.299991	0.07707525	-0.02030074	0.10707667	0.01782078	0.00596320	-0.05502954
2.316658	0.07738482	-0.02021349	0.10599885	0.01644011	0.00314585	-0.05709716
2.333324	0.07764472	-0.02024487	0.10493327	0.01423234	0.00144187	-0.05458384
2.349991	0.07790375	-0.02027332	0.10407639	0.01218890	0.00138535	-0.04931824
2.366657	0.07804154	-0.02026538	0.10337669	0.00967208	0.00200171	-0.04264633
2.383324	0.07819547	-0.02018535	0.10274424	0.00665962	0.00243815	-0.03613226
2.399991	0.07828485	-0.02007934	0.10215039	0.00428853	0.00229190	-0.03068716
2.416657	0.07834689	-0.02004857	0.10167260	0.00313417	0.00178660	-0.02556535
2.433324	0.07832695	-0.02007717	0.10129140	0.00161365	0.00067828	-0.02029561
2.449990	0.07835952	-0.02009053	0.10103755	-0.00079643	-0.00049100	-0.01529394
2.466657	0.07839309	-0.02007654	0.10082325	-0.00329012	-0.00102546	-0.01135264
2.483324	0.07833657	-0.02007637	0.10068001	-0.00504697	-0.00121002	-0.00846002
2.499990	0.07816027	-0.02011926	0.10056747	-0.00645521	-0.00171198	-0.00593955
2.516657	0.07798179	-0.02016906	0.10047770	-0.00696256	-0.00230868	-0.00387391
2.533323	0.07787593	-0.02020610	0.10042849	-0.00598742	-0.00251453	-0.00259490
2.549990	0.07782548	-0.02024806	0.10042906	-0.00456383	-0.00275951	-0.00138194
2.566657	0.07777873	-0.02028219	0.10041048	-0.00462117	-0.00414000	0.00059176
2.583323	0.07772853	-0.02033650	0.10040396	-0.00884108	-0.00812610	0.00518525
2.599990	0.07760970	-0.02044438	0.10043564	-0.01792714	-0.01515541	0.01407409
2.616656	0.07737042	-0.02068860	0.10064105	-0.02968573	-0.02356488	0.02754435
2.633323	0.07673492	-0.02119570	0.10119409	-0.03884365	-0.02993183	0.04396229
2.649990	0.07581916	-0.02189191	0.10211020	-0.04075357	-0.03160668	0.06024325
2.666656	0.07481029	-0.02260013	0.10337047	-0.03420549	-0.02741860	0.07269371
2.683323	0.07424141	-0.02304535	0.10478992	-0.02117486	-0.01764808	0.07873775
2.699989	0.07416766	-0.02319935	0.10622504	-0.00511578	-0.00436069	0.07665646
2.716656	0.07440930	-0.02310751	0.10755259	0.00914078	0.00878313	0.06757592
2.733322	0.07469421	-0.02283032	0.10865998	0.01668490	0.01785351	0.05343298
2.749989	0.07503400	-0.02239291	0.10940704	0.01763083	0.02171860	0.03710881
2.766656	0.07537393	-0.02189119	0.10987936	0.01517008	0.02113075	0.02185175
2.783322	0.07564546	-0.02151445	0.10998157	0.01167973	0.01693208	0.00949688
2.799989	0.07577327	-0.02129479	0.11000500	0.00756159	0.01036198	0.00050061
2.816655	0.07582294	-0.02121964	0.10992444	0.00361556	0.00335297	-0.00479246
2.833322	0.07583513	-0.02124473	0.10981724	0.00123684	-0.00184205	-0.00654640
2.849989	0.07583950	-0.02132393	0.10965274	0.00084885	-0.00467068	-0.00667828
2.866655	0.07582215	-0.02147892	0.10950157	0.00124012	-0.00574281	-0.00644292
2.883322	0.07585228	-0.02157634	0.10944097	0.00232679	-0.00529136	-0.00620666
2.899988	0.07591022	-0.02166700	0.10938906	0.00378074	-0.00343220	-0.00600493
2.916655	0.07597345	-0.02171190	0.10927967	0.00533054	-0.00076344	-0.00785618
2.933322	0.07609931	-0.02170124	0.10914895	0.00668335	0.00195467	-0.01193122
2.949988	0.07619523	-0.02165164	0.10895401	0.00794909	0.00464523	-0.01656211
2.966655	0.07636372	-0.02152719	0.10862405	0.00957813	0.00708243	-0.02164700
2.983321	0.07651158	-0.02139123	0.10819723	0.01198107	0.00938458	-0.02747319
2.999988	0.07670676	-0.02121940	0.10769692	0.01520874	0.01155889	-0.03369509
3.016655	0.07698170	-0.02101774	0.10710575	0.01729216	0.01268537	-0.03884767
3.033321	0.07732566	-0.02077781	0.10641122	0.01712821	0.01209538	-0.04245086
3.049988	0.07773880	-0.02050292	0.10557801	0.01411295	0.00949517	-0.04331569
3.066654	0.07795893	-0.02034693	0.10481352	0.00920959	0.00603539	-0.04073897
3.083321	0.07804103	-0.02029863	0.10407937	0.00380298	0.00208681	-0.03557808
3.099988	0.07794941	-0.02038182	0.10359355	-0.00058051	-0.00164641	-0.02954227
3.116654	0.07787924	-0.02042043	0.10320184	-0.00329589	-0.00429247	-0.02383268
3.133321	0.07784409	-0.02050601	0.10288335	-0.00436870	-0.00533469	-0.01981691
3.149987	0.07780018	-0.02058959	0.10257546	-0.00416240	-0.00498575	-0.01809992
3.166654	0.07769407	-0.02072985	0.10230199	-0.00421980	-0.00412535	-0.01680742
3.183321	0.07760003	-0.02080342	0.10201312	-0.00466472	-0.00269579	-0.01464980
3.199987	0.07753206	-0.02081279	0.10175242	-0.00568221	-0.00100484	-0.01127806
3.216654	0.07747762	-0.02078669	0.10155185	-0.00722467	-0.00013741	-0.00706880
3.233320	0.07737347	-0.02075394	0.10149670	-0.01087320	-0.00150284	-0.00084557
3.249987	0.07715366	-0.02075695	0.10152927	-0.01803655	-0.00570573	0.00833567
3.266654	0.07687884	-0.02085800	0.10166261	-0.02791960	-0.01232636	0.01961556
3.283320	0.07635210	-0.02108277	0.10203766	-0.03800586	-0.01950019	0.03226740
3.299987	0.07558361	-0.02152872	0.10271379	-0.04469156	-0.02433685	0.04573501
3.316653	0.07461338	-0.02207773	0.10364195	-0.04410988	-0.02480966	0.05783905
3.333320	0.07367422	-0.02262141	0.10477868	-0.03452289	-0.02003390	0.06589264
3.349987	0.07310217	-0.02293368	0.10599577	-0.01821466	-0.01072742	0.06824372
3.366653	0.07301099	-0.02300332	0.10723586	0.00050008	0.00072353	0.06466236
3.383320	0.07334816	-0.02282830	0.10834523	0.01645687	0.01136886	0.05566403
3.399987	0.07387652	-0.02250914	0.10922355	0.02587478	0.01846728	0.04298645
3.416653	0.07442358	-0.02209051	0.10982869	0.02747815	0.02107866	0.02894488
3.433320	0.07492521	-0.02166124	0.11012375	0.02355198	0.01936190	0.01643865
3.449986	0.07529773	-0.02131727	0.11023611	0.01746960	0.01448228	0.00699106
3.466653	0.07549253	-0.02111701	0.11020658	0.01135086	0.00815643	0.00110891
3.483320	0.07559361	-0.02107883	0.11018218	0.00698554	0.00211176	-0.00184913
3.499986	0.07561505	-0.02114708	0.11012934	0.00569037	-0.00210909	-0.00327987
3.516653	0.07567123	-0.02123861	0.11008618	0.00638428	-0.00402209	-0.00366093
3.533319	0.07579225	-0.02134161	0.11001045	0.00748306	-0.00409011	-0.00428421
3.549986	0.07599917	-0.02138408	0.10991243	0.00830952	-0.00312936	-0.00613763
3.566653	0.07616546	-0.02143232	0.10986079	0.00892237	-0.00135673	-0.00904482
3.583319	0.07628584	-0.02144472	0.10970722	0.00929575	0.00115118	-0.01162403
3.599986	0.07638007	-0.02143930	0.10946007	0.01064413	0.00410947	-0.01437063
3.616652	0.07656824	-0.02134711	0.10913184	0.01450280	0.00767583	-0.01839306
3.633319	0.07680015	-0.02117302	0.10884654	0.02014552	0.01134697	-0.02379010
3.649986	0.07719954	-0.02094381	0.10849970	0.02501930	0.01459141	-0.02997708
3.666652	0.07771102	-0.02065168	0.10796771	0.02670437	0.01617800	-0.03590747
3.683319	0.07829140	-0.02035527	0.10721475	0.02433638	0.01551642	-0.04033026
3.699985	0.07874434	-0.02004305	0.10638910	0.01826551	0.01252962	-0.04188644
3.716652	0.07896772	-0.01984079	0.10564665	0.00987906	0.00778599	-0.03996090
3.733319	0.07898976	-0.01975177	0.10505401	0.00116300	0.00229036	-0.03592971
3.749985	0.07890339	-0.01980223	0.10452145	-0.00577210	-0.00270512	-0.03158284
3.766652	0.07873672	-0.01992666	0.10405730	-0.00959262	-0.00537801	-0.02798691
3.783318	0.07853880	-0.02007460	0.10357010	-0.01081654	-0.00542244	-0.02437635
3.799985	0.07829068	-0.02020117	0.10318761	-0.01028434	-0.00344214	-0.02049126
3.816652	0.07813837	-0.02021883	0.10284768	-0.00829041	-0.00051694	-0.01693013
3.833318	0.07800237	-0.02018486	0.10266940	-0.00532868	0.00229029	-0.01463192
3.849985	0.07796340	-0.02009170	0.10248404	-0.00291390	0.00376748	-0.01343226
3.866651	0.07795388	-0.01999906	0.10229059	-0.00198719	0.00373011	-0.01267617
3.883318	0.07797440	-0.01992812	0.10200015	-0.00218415	0.00254466	-0.01200252
3.899985	0.07793206	-0.01990385	0.10178414	-0.00421392	0.00012340	-0.00929408
3.916651	0.07784307	-0.01991153	0.10162383	-0.00866852	-0.00400970	-0.00311551
3.933318	0.07770768	-0.01997671	0.10158332	-0.01661896	-0.01026986	0.00648740
3.949984	0.07743906	-0.02014050	0.10173242	-0.02757057	-0.01813426	0.01791075
3.966651	0.07695384	-0.02050992	0.10212777	-0.03892054	-0.02547524	0.02932285
3.983318	0.07610867	-0.02107182	0.10278661	-0.04582125	-0.02953410	0.03857270
3.999984	0.07506876	-0.02174868	0.10360533	-0.04456400	-0.02800141	0.04454988
4.016651	0.07411471	-0.02229639	0.10443306	-0.03357822	-0.02028409	0.04730262
4.033318	0.07361202	-0.02259520	0.10522544	-0.01464611	-0.00788402	0.04746702
4.049984	0.07360892	-0.02255951	0.10597276	0.00662531	0.00585331	0.04556778
4.066650	0.07406195	-0.02228090	0.10675322	0.02284696	0.01625058	0.04168021
4.083317	0.07473288	-0.02182073	0.10749111	0.02981514	0.02156681	0.03618348
4.099984	0.07542755	-0.02133069	0.10808774	0.02897587	0.02235793	0.02978180
4.116651	0.07587215	-0.02098385	0.10847404	0.02314406	0.01983232	0.02309615
4.133317	0.07610863	-0.02069867	0.10872956	0.01494499	0.01482807	0.01694723
4.149983	0.07625328	-0.02050802	0.10895272	0.00748801	0.00919696	0.01189594
4.166650	0.07633428	-0.02035392	0.10915478	0.00264415	0.00408632	0.00802628
4.183317	0.07633236	-0.02034602	0.10927706	-0.00004105	-0.00011745	0.00491230
4.199983	0.07627898	-0.02042434	0.10929824	-0.00126470	-0.00326553	0.00223112
4.216650	0.07620076	-0.02055315	0.10926437	-0.00101641	-0.00517223	0.00009626
4.233316	0.07619709	-0.02064379	0.10925012	0.00043966	-0.00552007	-0.00159801
4.249983	0.07622014	-0.02072765	0.10924345	0.00339241	-0.00452490	-0.00388322
4.266650	0.07631268	-0.02079251	0.10921297	0.00853643	-0.00156079	-0.00878140
4.283316	0.07641490	-0.02085801	0.10907646	0.01604828	0.00359930	-0.01659951
4.299983	0.07668886	-0.02082052	0.10877287	0.02490378	0.01022523	-0.02582840
4.316649	0.07719225	-0.02057964	0.10820443	0.03258040	0.01648340	-0.03441597
4.333316	0.07793068	-0.02015577	0.10748618	0.03558363	0.02008804	-0.04031462
4.349983	0.07871637	-0.01967222	0.10668307	0.03122752	0.01929523	-0.04273387
4.366649	0.07931582	-0.01930218	0.10593991	0.02093778	0.01421162	-0.04221780
4.383316	0.07953015	-0.01914290	0.10528097	0.00831294	0.00646218	-0.04072515
4.399982	0.07940044	-0.01915380	0.10465020	-0.00269801	-0.00123390	-0.03950753
4.416649	0.07914907	-0.01928261	0.10403375	-0.00939496	-0.00658604	-0.03836513
4.433316	0.07892326	-0.01946855	0.10334612	-0.01064875	-0.00874941	-0.03627672
4.449982	0.07877149	-0.01965241	0.10269351	-0.00821907	-0.00834825	-0.03306480
4.466649	0.07864801	-0.01980802	0.10215691	-0.00563277	-0.00675671	-0.02856810
4.483315	0.07860330	-0.01987896	0.10175861	-0.00461983	-0.00507084	-0.02343873
4.499982	0.07858707	-0.01991495	0.10144699	-0.00496643	-0.00391237	-0.01903743
4.516649	0.07851047	-0.01995768	0.10118673	-0.00636006	-0.00333380	-0.01537258
4.533315	0.07837807	-0.02002087	0.10093071	-0.00790454	-0.00364583	-0.01260636
4.549982	0.07818648	-0.02010800	0.10072704	-0.00949927	-0.00423866	-0.00948720
4.566648	0.07799778	-0.02015647	0.10060650	-0.01158443	-0.00518987	-0.00461234
4.583315	0.07787129	-0.02025510	0.10050855	-0.01532225	-0.00698876	0.00281112
4.599982	0.07762749	-0.02033553	0.10058953	-0.01984113	-0.01002840	0.01108114
4.616648	0.07729157	-0.02053072	0.10082076	-0.02375586	-0.01326372	0.01828611
4.633315	0.07670050	-0.02079203	0.10132758	-0.02513836	-0.01511368	0.02334496
4.649981	0.07619571	-0.02114712	0.10182642	-0.02255177	-0.01490144	0.02598844
4.666648	0.07578243	-0.02143962	0.10228047	-0.01522115	-0.01202091	0.02707317
4.683315	0.07563284	-0.02161396	0.10264590	-0.00541227	-0.00720486	0.02792012
4.699981	0.07564728	-0.02166704	0.10305458	0.00228123	-0.00206127	0.02999921
4.716648	0.07586846	-0.02160927	0.10359892	0.00630914	0.00142412	0.03204928
4.733315	0.07607727	-0.02152262	0.10423288	0.00637593	0.00289329	0.03269030
4.749981	0.07618569	-0.02144770	0.10487159	0.00360535	0.00280748	0.03087153
4.766648	0.07617724	-0.02142055	0.10535885	-0.00032392	0.00237945	0.02696495
4.783314	0.07609003	-0.02141831	0.10572736	-0.00195314	0.00289484	0.02244526
4.799981	0.07599975	-0.02139951	0.10601800	-0.00046782	0.00447963	0.01894120
4.816648	0.07594601	-0.02131414	0.10629168	0.00206933	0.00620891	0.01736056
4.833314	0.07606681	-0.02114820	0.10657877	0.00401331	0.00729334	0.01721054
4.849981	0.07624802	-0.02096927	0.10685642	0.00511201	0.00739874	0.01758527
4.866647	0.07635248	-0.02085098	0.10716077	0.00458157	0.00629705	0.01734550
4.883314	0.07638193	-0.02077758	0.10746694	0.00238412	0.00440534	0.01634761
4.899981	0.07637402	-0.02073389	0.10775997	0.00062723	0.00258831	0.01451737
4.916647	0.07636359	-0.02069906	0.10798083	0.00063163	0.00163546	0.01128913
4.933314	0.07635813	-0.02068247	0.10815464	0.00180942	0.00164018	0.00721033
4.949980	0.07638870	-0.02068503	0.10824715	0.00337103	0.00228233	0.00313499
4.966647	0.07648247	-0.02064589	0.10823970	0.00571168	0.00381979	-0.00059776
4.983314	0.07658983	-0.02057263	0.10818670	0.00949573	0.00671609	-0.00530700
4.999980	0.07673241	-0.02045454	0.10808039	0.01475862	0.01051496	-0.01149082
5.016647	0.07697886	-0.02025611	0.10793106	0.02073177	0.01403101	-0.01839265
5.033313	0.07738782	-0.01996992	0.10755040	0.02502269	0.01622149	-0.02445167
5.049980	0.07795680	-0.01961607	0.10700445	0.02532887	0.01638379	-0.02898995
5.066647	0.07852468	-0.01929937	0.10637700	0.02154307	0.01409015	-0.03170238
5.083313	0.07886577	-0.01907907	0.10585518	0.01483096	0.00955259	-0.03278071
5.099980	0.07895910	-0.01896625	0.10537332	0.00680386	0.00403584	-0.03248768
5.116646	0.07891922	-0.01896963	0.10486913	-0.00059217	-0.00104572	-0.03155918
5.133313	0.07886224	-0.01905065	0.10425881	-0.00482349	-0.00473386	-0.03056315
5.149980	0.07877182	-0.01918180	0.10372657	-0.00568567	-0.00642362	-0.02911766
5.166646	0.07859873	-0.01933415	0.10325117	-0.00545888	-0.00651328	-0.02651657
5.183313	0.07850657	-0.01944846	0.10289690	-0.00503769	-0.00550063	-0.02348649
5.199979	0.07845853	-0.01951441	0.10251972	-0.00440789	-0.00387644	-0.02082826
5.216646	0.07842217	-0.01956090	0.10220020	-0.00380056	-0.00215853	-0.01849324
5.233313	0.07837753	-0.01957148	0.10186352	-0.00404594	-0.00106343	-0.01609395
5.249979	0.07825638	-0.01958826	0.10163513	-0.00409571	-0.00043602	-0.01412416
5.266646	0.07819808	-0.01956836	0.10142986	-0.00316673	0.00000049	-0.01263612
5.283312	0.07809743	-0.01958428	0.10129406	-0.00152819	-0.00018917	-0.01090985
5.299979	0.07812335	-0.01957173	0.10106117	-0.00082579	-0.00210138	-0.00896029
5.316646	0.07816246	-0.01958045	0.10090170	-0.00373738	-0.00656250	-0.00492068
5.333312	0.07818688	-0.01965756	0.10079124	-0.01231537	-0.01347974	0.00343887
5.349979	0.07803278	-0.01991624	0.10083920	-0.02588350	-0.02196456	0.01576598
5.366645	0.07749469	-0.02039410	0.10117411	-0.03876698	-0.02890797	0.02809435
5.383312	0.07655395	-0.02104386	0.10185101	-0.04541274	-0.03142206	0.03750555
5.399979	0.07543781	-0.02172657	0.10274248	-0.04237937	-0.02760565	0.04292181
5.416645	0.07461455	-0.02221104	0.10355936	-0.02960932	-0.01786815	0.04466462
5.433312	0.07429023	-0.02243347	0.10421714	-0.01082656	-0.00419707	0.04336006
5.449978	0.07442781	-0.02232107	0.10485012	0.00683478	0.00915944	0.04090318
5.466645	0.07483952	-0.02199421	0.10553866	0.01708961	0.01849928	0.03810786
5.483312	0.07532049	-0.02148251	0.10624558	0.01875851	0.02236450	0.03430112
5.499978	0.07568561	-0.02103110	0.10685841	0.01472822	0.02105810	0.02883058
5.516645	0.07584583	-0.02067452	0.10724130	0.00796623	0.01561650	0.02247398
5.533311	0.07584253	-0.02049203	0.10750201	0.00111316	0.00850635	0.01691233
5.549978	0.07580256	-0.02042260	0.10767090	-0.00350752	0.00309936	0.01345692
5.566645	0.07568085	-0.02049494	0.10787956	-0.00434996	0.00042957	0.01211868
5.583311	0.07556859	-0.02056223	0.10809629	-0.00267864	-0.00000773	0.01158145
5.599978	0.07547300	-0.02055737	0.10829984	0.00068143	0.00117757	0.01082659
5.616644	0.07556053	-0.02047691	0.10848608	0.00522407	0.00315034	0.00919465
5.633311	0.07568575	-0.02039516	0.10861274	0.00935365	0.00428447	0.00676266
5.649978	0.07594053	-0.02030649	0.10872065	0.01158354	0.00432986	0.00372095
5.666644	0.07616896	-0.02024376	0.10876589	0.01217355	0.00443716	-0.00038922
5.683311	0.07638595	-0.02018663	0.10873815	0.01351761	0.00532756	-0.00611587
5.699977	0.07654025	-0.02012530	0.10863797	0.01638661	0.00737981	-0.01338621
5.716644	0.07675060	-0.01998708	0.10835358	0.02063916	0.01058622	-0.02146592
5.733311	0.07716621	-0.01979654	0.10792053	0.02413793	0.01359328	-0.02901793
5.749977	0.07770539	-0.01949675	0.10731488	0.02517379	0.01479311	-0.03486561
5.766644	0.07826935	-0.01917578	0.10662533	0.02261495	0.01377846	-0.03901974
5.783310	0.07861447	-0.01891631	0.10595737	0.01711919	0.01097808	-0.04181413
5.799977	0.07877982	-0.01878848	0.10526859	0.01159941	0.00692451	-0.04372715
5.816644	0.07883292	-0.01874737	0.10453937	0.00794630	0.00244434	-0.04523221
5.833310	0.07888788	-0.01874985	0.10375181	0.00663060	-0.00145631	-0.04597395
5.849977	0.07906551	-0.01877997	0.10291520	0.00576614	-0.00432997	-0.04474885
5.866643	0.07919896	-0.01889089	0.10215322	0.00443762	-0.00652745	-0.04070008
5.883310	0.07931546	-0.01903107	0.10146338	0.00192069	-0.00814683	-0.03480180
5.899977	0.07924704	-0.01920698	0.10095786	-0.00107717	-0.00885837	-0.02909098
5.916643	0.07918568	-0.01936057	0.10059752	-0.00379441	-0.00846721	-0.02394626
5.933310	0.07907529	-0.01950229	0.10026962	-0.00544371	-0.00708187	-0.01901325
5.949976	0.07901711	-0.01961582	0.09993760	-0.00614944	-0.00562287	-0.01483163
5.966643	0.07889035	-0.01969281	0.09968038	-0.00824991	-0.00508746	-0.00971090
5.983310	0.07878294	-0.01972420	0.09955904	-0.01380155	-0.00658925	-0.00131250
5.999976	0.07858668	-0.01980653	0.09955312	-0.02405646	-0.01117867	0.01163465
6.016643	0.07820767	-0.01995991	0.09978161	-0.03767811	-0.01857849	0.02717759
6.033309	0.07746457	-0.02033621	0.10032053	-0.05113622	-0.02595860	0.04188178
6.049976	0.07634993	-0.02090370	0.10130162	-0.05871115	-0.03007457	0.05157290
6.066643	0.07505635	-0.02160694	0.10244162	-0.05624011	-0.02854888	0.05393370
6.083309	0.07394802	-0.02216313	0.10351954	-0.04234018	-0.02041982	0.05035625
6.099976	0.07332735	-0.02246592	0.10422216	-0.02031137	-0.00777929	0.04464376
6.116642	0.07326927	-0.02241739	0.10471435	0.00300669	0.00541820	0.04088292
6.133309	0.07369908	-0.02210861	0.10524198	0.01963471	0.01495149	0.04017544
6.149976	0.07435363	-0.02168373	0.10598458	0.02479354	0.01937252	0.04167845
6.166642	0.07497953	-0.02127464	0.10686571	0.01929708	0.01868239	0.04160905
6.183309	0.07527311	-0.02099725	0.10762273	0.00823531	0.01463893	0.03807079
6.199975	0.07517815	-0.02079192	0.10822322	-0.00247092	0.00962079	0.03204615
6.216642	0.07485630	-0.02071061	0.10858335	-0.00822436	0.00566051	0.02650167
6.233309	0.07457333	-0.02067045	0.10892687	-0.00701833	0.00354498	0.02270637
6.249975	0.07447375	-0.02066010	0.10927216	-0.00115645	0.00310536	0.02083332
6.266642	0.07458410	-0.02062131	0.10967673	0.00527410	0.00387280	0.02001037
6.283309	0.07481904	-0.02053232	0.11000241	0.00975087	0.00478240	0.01860440
6.299975	0.07504389	-0.02042131	0.11030281	0.01170539	0.00504888	0.01619405
6.316642	0.07521845	-0.02030942	0.11053043	0.01129919	0.00423377	0.01291120
6.333308	0.07538776	-0.02024015	0.11074393	0.00965323	0.00284740	0.00889733
6.349975	0.07555941	-0.02022615	0.11088002	0.00820677	0.00167555	0.00413859
6.366642	0.07569382	-0.02023635	0.11093024	0.00777989	0.00136877	-0.00107117
6.383308	0.07578138	-0.02023708	0.11083809	0.00893842	0.00263830	-0.00671896
6.399975	0.07587579	-0.02019058	0.11067158	0.01214956	0.00542623	-0.01270966
6.416641	0.07607031	-0.02009015	0.11041231	0.01744207	0.00895776	-0.01893807
6.433308	0.07642116	-0.01989736	0.11008266	0.02312275	0.01198525	-0.02468518
6.449975	0.07690804	-0.01964206	0.10960486	0.02649724	0.01337153	-0.02945535
6.466641	0.07748131	-0.01935171	0.10901987	0.02628445	0.01325314	-0.03294790
6.483308	0.07797106	-0.01911949	0.10840158	0.02334053	0.01163882	-0.03575101
6.499974	0.07829968	-0.01897445	0.10780530	0.01804117	0.00820237	-0.03845480
6.516641	0.07849640	-0.01884659	0.10721742	0.01160459	0.00330887	-0.04105510
6.533308	0.07866074	-0.01880088	0.10651676	0.00603779	-0.00173518	-0.04281896
6.549974	0.07870696	-0.01886252	0.10570403	0.00350760	-0.00512185	-0.04456676
6.566641	0.07870305	-0.01905997	0.10489383	0.00269991	-0.00683424	-0.04534468
6.583307	0.07864591	-0.01928348	0.10418275	0.00204512	-0.00732280	-0.04412989
6.599974	0.07878071	-0.01934711	0.10343987	0.00132964	-0.00693824	-0.04020673
6.616641	0.07883526	-0.01940544	0.10279041	0.00051622	-0.00612220	-0.03488231
6.633307	0.07887243	-0.01945491	0.10214358	-0.00142504	-0.00638330	-0.02890569
6.649974	0.07875341	-0.01961527	0.10179342	-0.00502164	-0.00824039	-0.02246307
6.666640	0.07865269	-0.01977458	0.10148939	-0.00814560	-0.01037387	-0.01654296
6.683307	0.07849903	-0.01995746	0.10132625	-0.01097009	-0.01174616	-0.01177196
6.699974	0.07828569	-0.02017698	0.10114738	-0.01457537	-0.01277148	-0.00745642
6.716640	0.07806873	-0.02039665	0.10100304	-0.02023556	-0.01463501	-0.00100080
6.733306	0.07770763	-0.02062412	0.10096493	-0.02518440	-0.01665444	0.00619790
6.749973	0.07722587	-0.02091112	0.10112135	-0.02794523	-0.01758285	0.01306651
6.766640	0.07656970	-0.02126205	0.10154752	-0.02816711	-0.01713080	0.01804340
6.783307	0.07607363	-0.02162106	0.10194894	-0.02627748	-0.01531055	0.02135438
6.799973	0.07569002	-0.02184641	0.10233293	-0.02363404	-0.01267924	0.02323249
6.816639	0.07544681	-0.02199365	0.10259742	-0.02147810	-0.00993628	0.02538751
6.833306	0.07512860	-0.02207135	0.10301343	-0.01993098	-0.00729760	0.02989174
6.849973	0.07471929	-0.02221006	0.10353557	-0.01702126	-0.00446209	0.03548636
6.866640	0.07433455	-0.02232998	0.10424507	-0.01273674	-0.00121953	0.03942200
6.883306	0.07413879	-0.02234850	0.10504279	-0.00779610	0.00234249	0.03992093
6.899972	0.07419585	-0.02222505	0.10575979	-0.00340128	0.00610529	0.03812403
6.916639	0.07427346	-0.02203473	0.10633680	0.00072595	0.00965970	0.03550261
6.933306	0.07426458	-0.02185196	0.10680421	0.00390326	0.01207413	0.03324403
6.949973	0.07421260	-0.02167800	0.10730628	0.00638450	0.01303993	0.03151750
6.966639	0.07435873	-0.02141979	0.10790455	0.00955440	0.01323849	0.02949533
6.983305	0.07461070	-0.02117801	0.10844961	0.01311877	0.01314770	0.02673003
6.999972	0.07493565	-0.02093051	0.10889269	0.01507400	0.01207647	0.02308803
7.016639	0.07519956	-0.02076171	0.10914521	0.01458558	0.00993154	0.01939882
7.033306	0.07542364	-0.02060223	0.10939952	0.01295941	0.00750931	0.01653372
7.049972	0.07560001	-0.02050941	0.10965817	0.01110391	0.00532242	0.01463289
7.066638	0.07576805	-0.02044165	0.10994890	0.00919357	0.00330517	0.01266406
7.083305	0.07592928	-0.02041070	0.11017112	0.00754914	0.00180560	0.00918750
7.099972	0.07605582	-0.02038818	0.11030229	0.00792369	0.00206915	0.00412931
7.116639	0.07611182	-0.02040764	0.11031610	0.01144820	0.00445637	-0.00237801
7.133305	0.07622356	-0.02035764	0.11023068	0.01718498	0.00746251	-0.00936549
7.149971	0.07654466	-0.02019626	0.11002762	0.02344960	0.01027943	-0.01546512
7.166638	0.07711881	-0.01989421	0.10968407	0.02920520	0.01296565	-0.02010737
7.183305	0.07774702	-0.01966317	0.10924977	0.03358385	0.01490181	-0.02433570
7.199972	0.07831540	-0.01942500	0.10882567	0.03527182	0.01548508	-0.02889626
7.216638	0.07884805	-0.01920007	0.10838213	0.03346986	0.01473334	-0.03368499
7.233305	0.07944500	-0.01890548	0.10781429	0.02871309	0.01297935	-0.03814519
7.249971	0.08000532	-0.01864010	0.10707705	0.02188859	0.00983776	-0.04181100
7.266638	0.08035862	-0.01849156	0.10625212	0.01394654	0.00582536	-0.04326361
7.283304	0.08043216	-0.01846906	0.10549091	0.00538754	0.00127176	-0.04160738
7.299971	0.08034739	-0.01854069	0.10480750	-0.00177678	-0.00304277	-0.03803645
7.316638	0.08025761	-0.01860761	0.10425662	-0.00665190	-0.00679122	-0.03490671
7.333304	0.08012544	-0.01872063	0.10374899	-0.00953034	-0.00911308	-0.03316125
7.349971	0.08000096	-0.01890124	0.10323373	-0.01143378	-0.01024546	-0.03215296
7.366637	0.07973368	-0.01915551	0.10265953	-0.01292234	-0.01091375	-0.03089228
7.383304	0.07948601	-0.01934188	0.10209361	-0.01415940	-0.01098016	-0.02820000
7.399971	0.07922661	-0.01949841	0.10161942	-0.01489869	-0.01052796	-0.02312252
7.416637	0.07901108	-0.01963281	0.10127593	-0.01549761	-0.01033448	-0.01607235
7.433304	0.07876685	-0.01980730	0.10106777	-0.01744303	-0.01151326	-0.00834968
7.449970	0.07848452	-0.02001226	0.10102341	-0.02176990	-0.01397884	0.00017922
7.466637	0.07811635	-0.02024144	0.10107458	-0.02869096	-0.01747359	0.01048029
7.483304	0.07762661	-0.02055200	0.10127205	-0.03735900	-0.02100949	0.02219149
7.499970	0.07691563	-0.02093478	0.10169717	-0.04548382	-0.02347767	0.03277445
7.516637	0.07603818	-0.02141781	0.10242436	-0.04956511	-0.02332571	0.04021430
7.533303	0.07500640	-0.02187245	0.10333531	-0.04690703	-0.01987774	0.04320065
7.549970	0.07412294	-0.02222486	0.10414129	-0.03674854	-0.01351241	0.04227744
7.566637	0.07353804	-0.02236915	0.10479140	-0.02054670	-0.00536243	0.03884193
7.583303	0.07338486	-0.02235302	0.10527384	-0.00188754	0.00279889	0.03568559
7.599970	0.07360280	-0.02220457	0.10582893	0.01418905	0.00949458	0.03426189
7.616636	0.07408024	-0.02197799	0.10640703	0.02440254	0.01406554	0.03399412
7.633303	0.07466944	-0.02169038	0.10705701	0.02773881	0.01610140	0.03334275
7.649970	0.07520343	-0.02137869	0.10761368	0.02552143	0.01568311	0.03066939
7.666636	0.07560550	-0.02106738	0.10810657	0.02023306	0.01365911	0.02623315
7.683303	0.07585636	-0.02087186	0.10850415	0.01457868	0.01080602	0.02091580
7.699969	0.07599569	-0.02074143	0.10879754	0.00979237	0.00772273	0.01585371
7.716636	0.07611050	-0.02067412	0.10901506	0.00624667	0.00491053	0.01125962
7.733303	0.07621256	-0.02060063	0.10914569	0.00451816	0.00338898	0.00785186
7.749969	0.07626281	-0.02054966	0.10923082	0.00455642	0.00269828	0.00548402
7.766636	0.07628803	-0.02054038	0.10928638	0.00521725	0.00234040	0.00390062
7.783302	0.07636247	-0.02048562	0.10935172	0.00642712	0.00212758	0.00200213
7.799969	0.07652418	-0.02046969	0.10939356	0.00926174	0.00254701	-0.00149895
7.816636	0.07668762	-0.02040869	0.10940782	0.01366990	0.00349252	-0.00736616
7.833302	0.07690001	-0.02037133	0.10926057	0.01830332	0.00464488	-0.01431918
7.849969	0.07723308	-0.02028051	0.10894890	0.02176912	0.00588648	-0.02042924
7.866635	0.07770135	-0.02015718	0.10843429	0.02315296	0.00676257	-0.02433679
7.883302	0.07820498	-0.02002238	0.10794563	0.02139711	0.00744650	-0.02592608
7.899969	0.07857735	-0.01988313	0.10750709	0.01648805	0.00783287	-0.02560462
7.916636	0.07878585	-0.01977614	0.10716650	0.00872925	0.00718864	-0.02513314
7.933302	0.07882848	-0.01964515	0.10676979	0.00081975	0.00471598	-0.02682358
7.949968	0.07878333	-0.01951539	0.10634883	-0.00496069	0.00143122	-0.03026140
7.966635	0.07857271	-0.01951029	0.10579220	-0.00742386	-0.00120419	-0.03359037
7.983302	0.07840064	-0.01962986	0.10514749	-0.00715654	-0.00281980	-0.03529987
7.999968	0.07822109	-0.01977645	0.10448465	-0.00461293	-0.00297853	-0.03491885
8.016635	0.07823105	-0.01981769	0.10389443	-0.00083454	-0.00162743	-0.03195909
8.033301	0.07824865	-0.01977438	0.10339800	0.00207093	-0.00006688	-0.02718698
8.049968	0.07836916	-0.01971098	0.10299008	0.00258525	-0.00016291	-0.02201298
8.066635	0.07844327	-0.01969650	0.10267086	0.00092857	-0.00232317	-0.01732103
8.083302	0.07846406	-0.01976131	0.10244304	-0.00153207	-0.00528886	-0.01359092
8.099968	0.07836302	-0.01991077	0.10225564	-0.00483958	-0.00784619	-0.01102329
8.116634	0.07824517	-0.02009055	0.10212474	-0.00791605	-0.00951488	-0.00934437
8.133301	0.07809678	-0.02026778	0.10196821	-0.01066078	-0.01040335	-0.00723268
8.149968	0.07791210	-0.02042533	0.10183471	-0.01359993	-0.01099170	-0.00344922
8.166635	0.07768231	-0.02059837	0.10173362	-0.01787040	-0.01214277	0.00249849
8.183301	0.07736111	-0.02080030	0.10180298	-0.02228303	-0.01350889	0.01037948
8.199967	0.07695138	-0.02104439	0.10205906	-0.02578317	-0.01462245	0.01851335
8.216634	0.07640840	-0.02134265	0.10249841	-0.02798382	-0.01468895	0.02514559
8.233301	0.07590944	-0.02159405	0.10304102	-0.02900549	-0.01381136	0.02951000
8.249968	0.07542193	-0.02184078	0.10357540	-0.02867651	-0.01230019	0.03254956
8.266634	0.07499097	-0.02198094	0.10409569	-0.02697277	-0.01059247	0.03531373
8.283300	0.07452430	-0.02214819	0.10464867	-0.02412463	-0.00815462	0.03798806
8.299967	0.07409370	-0.02228008	0.10532280	-0.01938552	-0.00454823	0.04004547
8.316633	0.07376355	-0.02240191	0.10609664	-0.01257715	0.00012615	0.04053590
8.333301	0.07359758	-0.02236157	0.10683223	-0.00432080	0.00573393	0.03857281
8.349967	0.07363830	-0.02218949	0.10747045	0.00359671	0.01071420	0.03499347
8.366633	0.07381665	-0.02189755	0.10796850	0.00982944	0.01417111	0.03209362
8.383300	0.07407299	-0.02159083	0.10839227	0.01332214	0.01482104	0.03107728
8.399966	0.07433841	-0.02134803	0.10887418	0.01360899	0.01334768	0.03124171
8.416634	0.07458748	-0.02112447	0.10944831	0.01098488	0.01100780	0.03106893
8.433300	0.07478300	-0.02101293	0.11006292	0.00630359	0.00798369	0.02888952
8.449966	0.07486213	-0.02087685	0.11057313	0.00156098	0.00485712	0.02387611
8.466633	0.07480534	-0.02079474	0.11091392	-0.00165474	0.00269019	0.01717034
8.483299	0.07465361	-0.02081478	0.11109676	-0.00265175	0.00217831	0.01145099
8.499967	0.07457129	-0.02082338	0.11116391	-0.00117511	0.00226021	0.00844806
8.516633	0.07458287	-0.02082565	0.11123261	0.00284822	0.00288333	0.00724717
8.533299	0.07468763	-0.02068166	0.11137719	0.00847701	0.00435311	0.00601562
8.549966	0.07485098	-0.02059680	0.11156350	0.01466355	0.00653516	0.00301459
8.566632	0.07512655	-0.02051036	0.11165463	0.02068867	0.00850867	-0.00235626
8.583300	0.07552747	-0.02038534	0.11156452	0.02536605	0.00958519	-0.00867031
8.599966	0.07606453	-0.02017941	0.11127656	0.02721522	0.01015877	-0.01400406
8.616632	0.07661597	-0.01993116	0.11091657	0.02584535	0.00966570	-0.01751236
8.633299	0.07707608	-0.01976636	0.11060212	0.02209426	0.00818057	-0.01966253
8.649965	0.07735302	-0.01967526	0.11032712	0.01728780	0.00600508	-0.02177188
8.666633	0.07754504	-0.01963571	0.11000715	0.01335961	0.00412469	-0.02582244
8.683299	0.07770248	-0.01958233	0.10955612	0.01247463	0.00335788	-0.03178296
8.699965	0.07788365	-0.01951990	0.10896214	0.01434526	0.00364673	-0.03774222
8.716632	0.07811010	-0.01946265	0.10820729	0.01693650	0.00449760	-0.04177401
8.733298	0.07846751	-0.01939210	0.10742520	0.01851570	0.00502814	-0.04322583
8.749966	0.07884216	-0.01929680	0.10666735	0.01870222	0.00504477	-0.04258829
8.766632	0.07920448	-0.01917835	0.10600066	0.01615069	0.00415209	-0.04029253
8.783298	0.07942676	-0.01910042	0.10537093	0.01086079	0.00224883	-0.03690794
8.799965	0.07961320	-0.01906541	0.10474581	0.00467958	-0.00037093	-0.03362639
8.816631	0.07958710	-0.01912377	0.10419978	-0.00084110	-0.00321667	-0.03059627
8.833299	0.07950713	-0.01920937	0.10374244	-0.00556918	-0.00578710	-0.02715885
8.849965	0.07933256	-0.01933404	0.10331728	-0.00952546	-0.00827685	-0.02327966
8.866632	0.07917916	-0.01947569	0.10296447	-0.01283949	-0.01091198	-0.01905736
8.883298	0.07895275	-0.01965295	0.10263781	-0.01737695	-0.01423147	-0.01366610
8.899964	0.07867192	-0.01992060	0.10244073	-0.02447317	-0.01812656	-0.00582481
8.916632	0.07825057	-0.02024784	0.10235916	-0.03331820	-0.02213831	0.00465913
8.933298	0.07763030	-0.02068169	0.10248659	-0.04170040	-0.02528814	0.01656986
8.949965	0.07675981	-0.02115023	0.10289196	-0.04785993	-0.02638187	0.02811253
8.966631	0.07583127	-0.02164337	0.10352347	-0.04954458	-0.02468876	0.03694072
8.983297	0.07490629	-0.02208959	0.10430437	-0.04525173	-0.02012794	0.04088314
8.999965	0.07416029	-0.02240109	0.10510726	-0.03595125	-0.01291290	0.04065478
9.016631	0.07361972	-0.02256518	0.10577085	-0.02334764	-0.00368807	0.03908501
9.033298	0.07336380	-0.02254985	0.10631397	-0.00885818	0.00589641	0.03779728
9.049964	0.07332707	-0.02234408	0.10683628	0.00448631	0.01364905	0.03753033
9.066630	0.07356607	-0.02199554	0.10750936	0.01374407	0.01818354	0.03796991
9.083298	0.07399289	-0.02156000	0.10822529	0.01788247	0.01963642	0.03743764
9.099964	0.07442898	-0.02121481	0.10892224	0.01776889	0.01867972	0.03448154
9.116631	0.07471075	-0.02095263	0.10946460	0.01435554	0.01584234	0.02859745
9.133297	0.07484410	-0.02073553	0.10986245	0.00944402	0.01196142	0.02186009
9.149963	0.07492243	-0.02054179	0.11015832	0.00580864	0.00841875	0.01626040
9.166631	0.07499082	-0.02040069	0.11031929	0.00539160	0.00574911	0.01285547
9.183297	0.07503662	-0.02037431	0.11049920	0.00724173	0.00363505	0.01105075
9.199964	0.07514960	-0.02036915	0.11065220	0.00961874	0.00172191	0.01001790
9.216630	0.07536312	-0.02034567	0.11086019	0.01169831	0.00025512	0.00881932
9.233296	0.07562809	-0.02031798	0.11102325	0.01335295	-0.00000085	0.00655039
9.249964	0.07588309	-0.02032347	0.11111946	0.01496667	0.00063883	0.00236345
9.266630	0.07608466	-0.02037887	0.11113953	0.01740112	0.00204357	-0.00440659
9.283297	0.07632789	-0.02033939	0.11105175	0.02156244	0.00473949	-0.01290118
9.299963	0.07670213	-0.02024549	0.11078849	0.02775308	0.00908743	-0.02204528
9.316629	0.07723419	-0.02004270	0.11031424	0.03442726	0.01397056	-0.03037748
9.333297	0.07791948	-0.01976863	0.10966185	0.03832445	0.01736212	-0.03621328
9.349963	0.07868093	-0.01940764	0.10894597	0.03759630	0.01843501	-0.03896636
9.366630	0.07939743	-0.01901954	0.10824730	0.03222639	0.01694744	-0.03950436
9.383296	0.07989917	-0.01873333	0.10763725	0.02343358	0.01293781	-0.03899188
9.399962	0.08017962	-0.01855196	0.10703110	0.01250719	0.00675704	-0.03811691
9.416630	0.08025118	-0.01850310	0.10639168	0.00114885	-0.00023838	-0.03743734
9.433296	0.08019757	-0.01857329	0.10572859	-0.00773802	-0.00634142	-0.03682658
9.449963	0.07995687	-0.01874894	0.10510926	-0.01316679	-0.01041526	-0.03562319
9.466629	0.07959280	-0.01902124	0.10453599	-0.01582685	-0.01242630	-0.03338775
9.483295	0.07928556	-0.01926899	0.10401032	-0.01655768	-0.01281404	-0.03026915
9.499962	0.07902668	-0.01946679	0.10350166	-0.01519712	-0.01174101	-0.02674549
9.516629	0.07884071	-0.01963514	0.10307756	-0.01281892	-0.01000304	-0.02221321
9.533296	0.07860789	-0.01978447	0.10273036	-0.01130757	-0.00865094	-0.01592657
9.549962	0.07843383	-0.01992519	0.10248581	-0.01255432	-0.00868197	-0.00817053
9.566628	0.07828421	-0.02004247	0.10240347	-0.01706268	-0.01025043	0.00084680
9.583295	0.07807247	-0.02017023	0.10249459	-0.02389485	-0.01292631	0.01080335
9.599962	0.07761801	-0.02041872	0.10275705	-0.03166167	-0.01591505	0.02043527
9.616629	0.07692514	-0.02073823	0.10321461	-0.03764667	-0.01788516	0.02820373
9.633295	0.07611272	-0.02113270	0.10379217	-0.04017593	-0.01817060	0.03348025
9.649961	0.07537431	-0.02146154	0.10445487	-0.03852342	-0.01665469	0.03688093
9.666628	0.07479936	-0.02168768	0.10507941	-0.03358076	-0.01374430	0.03902112
9.683295	0.07430486	-0.02188186	0.10570076	-0.02659041	-0.00988048	0.04049288
9.699962	0.07390717	-0.02201272	0.10638276	-0.01878541	-0.00613975	0.04203090
9.716628	0.07359086	-0.02212405	0.10710905	-0.01083248	-0.00203965	0.04356629
9.733294	0.07348920	-0.02211506	0.10788514	-0.00304302	0.00301754	0.04336185
9.749961	0.07355907	-0.02204680	0.10864851	0.00395948	0.00886009	0.04100697
9.766628	0.07373416	-0.02183924	0.10934875	0.00927486	0.01418309	0.03704611
9.783295	0.07394788	-0.02153506	0.10990622	0.01216592	0.01737664	0.03277516
9.799961	0.07416447	-0.02114054	0.11037840	0.01371594	0.01802566	0.02897345
9.816628	0.07440051	-0.02078960	0.11077967	0.01488025	0.01602698	0.02573165
9.833294	0.07463782	-0.02054475	0.11122639	0.01513606	0.01222925	0.02224298
9.849961	0.07492533	-0.02040679	0.11161181	0.01355892	0.00779448	0.01779962
9.866628	0.07521018	-0.02034458	0.11192513	0.01082469	0.00443591	0.01233136
9.883294	0.07537988	-0.02030893	0.11204291	0.00876535	0.00272852	0.00700585
9.899961	0.07541719	-0.02029658	0.11205789	0.00834588	0.00211623	0.00289836
9.916627	0.07544091	-0.02025721	0.11200720	0.00930961	0.00174316	0.00026882
9.933294	0.07562391	-0.02021037	0.11202931	0.01149756	0.00171107	-0.00115574
9.949961	0.07594040	-0.02017846	0.11202899	0.01395920	0.00210877	-0.00276924
9.966627	0.07623247	-0.02017481	0.11201325	0.01576568	0.00268233	-0.00549609
9.983294	0.07648865	-0.02013434	0.11189105	0.01678772	0.00415364	-0.00986386
9.999960	0.07668146	-0.02005992	0.11168349	0.01903534	0.00708549	-0.01581597
10.016627	0.07699609	-0.01993656	0.11139441	0.02229498	0.01045636	-0.02184858
10.033294	0.07739250	-0.01972531	0.11098150	0.02453684	0.01265294	-0.02604622
10.049960	0.07797404	-0.01943704	0.11042390	0.02373347	0.01323426	-0.02745535
10.066627	0.07843675	-0.01915731	0.10988373	0.02465441	0.01364591	-0.03190631
10.083293	0.07876250	-0.01896587	0.10940291	0.03503430	0.01573642	-0.04768301
10.099960	0.07892193	-0.01882961	0.10901469	0.03376888	0.01463160	-0.04955375
10.116627	0.07975893	-0.01852958	0.10782189	0.05554475	0.01949594	-0.07668041
10.133293	0.08128437	-0.01805828	0.10583572	0.07732061	0.02436027	-0.10380708
