Time	thumb tip right X	thumb tip right Y	thumb tip right Z	thumb tip right v(X)	thumb tip right v(Y)	thumb tip right v(Z)
0.00000000	0.00000000	0.00000000	0.00000000	0.00000000	0.00000000	0.00000000
0.01666660	0.01666660	0.01666660	0.01666660	0.01666660	0.01666660	0.01666660
0.000000	0.09144980	-0.06768870	0.07935403	-0.04083791	-0.00211649	0.04877661
0.016667	0.09079543	-0.06774735	0.08012237	-0.03527365	0.00250765	0.04183301
0.033333	0.09018560	-0.06771481	0.08087452	-0.02970938	0.00713180	0.03488942
0.050000	0.08966203	-0.06755470	0.08148170	-0.02198008	0.00784516	0.02586051
0.066666	0.08927725	-0.06731997	0.08190965	-0.00999611	0.00973135	0.01177334
0.083333	0.08923697	-0.06713982	0.08195312	0.00254807	0.00923615	-0.00412354
0.100000	0.08944362	-0.06698122	0.08171390	0.01483405	0.00664386	-0.02053798
0.116666	0.08989457	-0.06691426	0.08119100	0.02600464	0.00375857	-0.03564521
0.133333	0.09037095	-0.06686785	0.08046544	0.03402925	0.00144996	-0.04635799
0.149999	0.09100611	-0.06691071	0.07954336	0.03786106	-0.00087507	-0.05085406
0.166666	0.09175801	-0.06691185	0.07849654	0.03682784	-0.00303404	-0.04732944
0.183333	0.09247942	-0.06696584	0.07761528	0.03030718	-0.00464292	-0.03609999
0.199999	0.09303442	-0.06706987	0.07702880	0.01778732	-0.00519546	-0.01779556
0.216666	0.09321844	-0.06720233	0.07695001	0.00166581	-0.00477193	0.00421399
0.233332	0.09305416	-0.06732251	0.07722808	-0.01441935	-0.00274153	0.02540211
0.249999	0.09257995	-0.06733710	0.07794361	-0.02723358	0.00041511	0.04132089
0.266666	0.09193466	-0.06729519	0.07884841	-0.03508377	0.00377358	0.04971650
0.283332	0.09126095	-0.06716837	0.07989153	-0.03665063	0.00596567	0.04990262
0.299999	0.09058832	-0.06703025	0.08077214	-0.03153880	0.00691357	0.04195554
0.316665	0.09000723	-0.06689300	0.08146811	-0.02093338	0.00816136	0.02707444
0.333332	0.08969770	-0.06680100	0.08179971	-0.00611635	0.01036946	0.00737253
0.349999	0.08971133	-0.06667372	0.08179682	0.01049646	0.01277880	-0.01346299
0.366665	0.09010769	-0.06640883	0.08132764	0.02543504	0.01348240	-0.03183854
0.383332	0.09076790	-0.06606037	0.08053333	0.03534677	0.01143568	-0.04487465
0.399998	0.09153111	-0.06577758	0.07952836	0.03809314	0.00619887	-0.05084937
0.416665	0.09227881	-0.06574246	0.07857671	0.03375465	-0.00100281	-0.04819848
0.433332	0.09283160	-0.06590847	0.07773464	0.02408797	-0.00849191	-0.03760513
0.449998	0.09314673	-0.06619305	0.07714562	0.01135268	-0.01437189	-0.02123901
0.466665	0.09320934	-0.06645039	0.07689624	-0.00195701	-0.01700334	-0.00205920
0.483331	0.09301976	-0.06675968	0.07705522	-0.01435062	-0.01608695	0.01837317
0.499998	0.09266261	-0.06707105	0.07759216	-0.02483214	-0.01295616	0.03733724
0.516665	0.09214488	-0.06732140	0.07840671	-0.03227939	-0.00856984	0.05078242
0.533331	0.09149478	-0.06739856	0.07949064	-0.03603815	-0.00235160	0.05619336
0.549998	0.09080517	-0.06736419	0.08062723	-0.03563030	0.00564607	0.05449044
0.566664	0.09014557	-0.06722586	0.08157796	-0.03063370	0.01309694	0.04722949
0.583331	0.08964556	-0.06695544	0.08224095	-0.02121271	0.01819092	0.03529339
0.599998	0.08934859	-0.06650986	0.08268321	-0.00800177	0.02017472	0.01909200
0.616664	0.08930565	-0.06608839	0.08295463	0.00666841	0.01933959	0.00054293
0.633331	0.08955768	-0.06572478	0.08293223	0.02004557	0.01564930	-0.01818206
0.649997	0.09009816	-0.06558125	0.08239111	0.03055055	0.01021598	-0.03537419
0.666664	0.09077232	-0.06545205	0.08151232	0.03650158	0.00432422	-0.04856799
0.683331	0.09148327	-0.06545266	0.08042693	0.03628175	-0.00124623	-0.05425482
0.699997	0.09213747	-0.06545793	0.07942924	0.03023465	-0.00693540	-0.05095293
0.716664	0.09264584	-0.06563047	0.07856338	0.02052397	-0.01404187	-0.04021750
0.733330	0.09290214	-0.06588905	0.07795534	0.00865865	-0.02153602	-0.02393300
0.749997	0.09290388	-0.06633104	0.07765979	-0.00473684	-0.02728320	-0.00394942
0.766664	0.09270921	-0.06691951	0.07773025	-0.01898423	-0.02818692	0.01763898
0.783330	0.09231237	-0.06752896	0.07823785	-0.03244156	-0.02351077	0.03631837
0.799997	0.09166143	-0.06798060	0.07913276	-0.04334627	-0.01360131	0.04837279
0.816663	0.09074593	-0.06808764	0.08024760	-0.04858513	-0.00093088	0.05170853
0.833330	0.08972870	-0.06791425	0.08124354	-0.04555236	0.01097173	0.04617087
0.849997	0.08881520	-0.06753127	0.08197472	-0.03369322	0.01827515	0.03281077
0.866663	0.08833009	-0.06709426	0.08237074	-0.01451084	0.01924094	0.01368617
0.883330	0.08828767	-0.06670592	0.08248246	0.00890512	0.01450988	-0.00824168
0.899996	0.08870019	-0.06648182	0.08221052	0.03202671	0.00753767	-0.02876118
0.916663	0.08946744	-0.06646075	0.08148792	0.04965261	0.00064243	-0.04541687
0.933330	0.09055051	-0.06663185	0.08038982	0.05888720	-0.00484699	-0.05663320
0.949996	0.09178896	-0.06673936	0.07926592	0.05922803	-0.00784005	-0.05984553
0.966663	0.09288131	-0.06691667	0.07817128	0.05128180	-0.00829432	-0.05347064
0.983329	0.09367979	-0.06701447	0.07730027	0.03682676	-0.00850469	-0.03967826
0.999996	0.09413440	-0.06717261	0.07667591	0.01905512	-0.00996221	-0.02191858
1.016663	0.09425507	-0.06729291	0.07649070	0.00044301	-0.01227440	-0.00160762
1.033329	0.09412805	-0.06752282	0.07666885	-0.01690316	-0.01379659	0.02039768
1.049996	0.09369303	-0.06781176	0.07718799	-0.03103320	-0.01245220	0.04114163
1.066662	0.09297591	-0.06814136	0.07805520	-0.04089565	-0.00675774	0.05693741
1.083329	0.09210721	-0.06826835	0.07928233	-0.04519990	0.00312207	0.06478935
1.099996	0.09122907	-0.06815933	0.08060621	-0.04223624	0.01351962	0.06223081
1.116662	0.09049313	-0.06767911	0.08182607	-0.03206296	0.02194357	0.05020884
1.133329	0.08998913	-0.06711747	0.08255350	-0.01758698	0.02755753	0.03238624
1.149995	0.08982988	-0.06663120	0.08280960	-0.00160956	0.02882082	0.01180925
1.166662	0.09002881	-0.06620052	0.08273385	0.01499189	0.02492948	-0.00920445
1.183329	0.09042485	-0.06575114	0.08247352	0.03169988	0.01870002	-0.02748839
1.199995	0.09104768	-0.06541459	0.08191729	0.04600114	0.01119968	-0.04025207
1.216662	0.09192909	-0.06529735	0.08100255	0.05499839	0.00167061	-0.04582900
1.233328	0.09310400	-0.06537633	0.07992841	0.05553178	-0.00924151	-0.04234897
1.249995	0.09427325	-0.06563993	0.07910572	0.04448621	-0.01840442	-0.02834488
1.266662	0.09511360	-0.06606281	0.07871149	0.02236159	-0.02367834	-0.00659200
1.283328	0.09530757	-0.06659757	0.07889648	-0.00613629	-0.02428992	0.01639391
1.299995	0.09479377	-0.06707910	0.07949939	-0.03349444	-0.01948882	0.03447863
1.316661	0.09380154	-0.06741348	0.08036751	-0.05132606	-0.01115177	0.04314715
1.333328	0.09258746	-0.06751075	0.08127041	-0.05457989	-0.00249316	0.04167417
1.349995	0.09146746	-0.06734712	0.08204731	-0.04389672	0.00506202	0.03236165
1.366661	0.09078079	-0.06715767	0.08248243	-0.02345251	0.00933405	0.01647360
1.383328	0.09059501	-0.06696697	0.08263988	0.00141461	0.00808957	-0.00364651
1.399994	0.09094867	-0.06677181	0.08244267	0.02410973	0.00262578	-0.02333650
1.416661	0.09164957	-0.06673628	0.08183238	0.03840681	-0.00283078	-0.03673322
1.433328	0.09258346	-0.06688002	0.08089296	0.04188837	-0.00747218	-0.04216218
1.449994	0.09346550	-0.06719792	0.07990702	0.03622364	-0.01126443	-0.03974599
1.466661	0.09402811	-0.06737962	0.07930598	0.02476143	-0.01303961	-0.02965834
1.483327	0.09425079	-0.06757829	0.07896517	0.01032111	-0.01345357	-0.01414752
1.499994	0.09422316	-0.06775755	0.07889006	-0.00321062	-0.01427324	0.00175387
1.516661	0.09405658	-0.06799744	0.07903359	-0.01428036	-0.01423618	0.01629005
1.533327	0.09372906	-0.06832297	0.07943078	-0.02315780	-0.00985976	0.03050876
1.549994	0.09329006	-0.06860218	0.08004650	-0.03107880	-0.00134294	0.04251616
1.566660	0.09266657	-0.06862063	0.08092084	-0.03661989	0.00974193	0.04835431
1.583327	0.09198407	-0.06825042	0.08194984	-0.03655370	0.02098840	0.04517871
1.599994	0.09118896	-0.06766179	0.08289241	-0.02872631	0.02760309	0.03210937
1.616660	0.09064476	-0.06703842	0.08338939	-0.01390224	0.02647038	0.01081452
1.633327	0.09048566	-0.06650979	0.08335474	0.00463666	0.02034743	-0.01298015
1.649993	0.09086702	-0.06630576	0.08275144	0.02324609	0.01308629	-0.03341781
1.666660	0.09156671	-0.06628697	0.08185370	0.03710389	0.00518689	-0.04659395
1.683327	0.09237712	-0.06627662	0.08091065	0.04230300	-0.00245177	-0.05081871
1.699993	0.09320328	-0.06626023	0.07999338	0.03804341	-0.00855863	-0.04652921
1.716660	0.09388369	-0.06641573	0.07922428	0.02718388	-0.01365890	-0.03572716
1.733326	0.09427129	-0.06677218	0.07864200	0.01265572	-0.01860559	-0.02027564
1.749993	0.09432148	-0.06721981	0.07838890	-0.00326776	-0.02164767	-0.00172936
1.766660	0.09404898	-0.06760664	0.07855059	-0.01832924	-0.01993709	0.01717529
1.783326	0.09360153	-0.06797466	0.07905579	-0.03038955	-0.01368267	0.03311722
1.799993	0.09296400	-0.06818862	0.07988099	-0.03782514	-0.00561612	0.04250431
1.816659	0.09221724	-0.06820585	0.08076520	-0.03981826	0.00248325	0.04362641
1.833326	0.09143589	-0.06801384	0.08161069	-0.03571315	0.00941571	0.03676805
1.849993	0.09078018	-0.06774524	0.08219211	-0.02553000	0.01423972	0.02432520
1.866659	0.09040004	-0.06745357	0.08247195	-0.01076986	0.01545648	0.00826772
1.883326	0.09037606	-0.06720015	0.08243688	0.00619097	0.01274766	-0.01046524
1.899992	0.09067324	-0.06691630	0.08216037	0.02243393	0.00786218	-0.02871018
1.916659	0.09124370	-0.06682850	0.08152697	0.03502308	0.00280817	-0.04230363
1.933326	0.09198418	-0.06686556	0.08054864	0.04149304	-0.00272841	-0.04934420
1.949992	0.09283566	-0.06703547	0.07945191	0.04021347	-0.00875067	-0.04821819
1.966659	0.09361164	-0.06716320	0.07858613	0.03118929	-0.01464261	-0.03749013
1.983325	0.09414491	-0.06741885	0.07801159	0.01606307	-0.01884189	-0.01851942
1.999992	0.09426642	-0.06777730	0.07789428	-0.00233029	-0.02007421	0.00350838
2.016659	0.09399581	-0.06831124	0.07814689	-0.01991526	-0.01810379	0.02291282
2.033325	0.09341536	-0.06865164	0.07884952	-0.03289619	-0.01296983	0.03650534
2.049992	0.09266512	-0.06880555	0.07970942	-0.03846601	-0.00521152	0.04231231
2.066658	0.09189545	-0.06870890	0.08055129	-0.03594632	0.00235752	0.03850795
2.083325	0.09123018	-0.06858418	0.08122496	-0.02614128	0.00686011	0.02535718
2.099992	0.09083874	-0.06837761	0.08161110	-0.01128939	0.00962988	0.00818353
2.116658	0.09077762	-0.06826285	0.08156189	0.00598597	0.01173937	-0.00930268
2.133325	0.09108368	-0.06809893	0.08110720	0.02209087	0.01273112	-0.02549602
2.149991	0.09165912	-0.06783468	0.08050101	0.03361890	0.01082782	-0.03844827
2.166658	0.09243273	-0.06753704	0.07976167	0.03898342	0.00720079	-0.04414956
2.183325	0.09319786	-0.06737406	0.07892110	0.03748875	0.00149754	-0.04135073
2.199991	0.09385487	-0.06751323	0.07803532	0.02932877	-0.00543392	-0.03090062
2.216658	0.09431708	-0.06770174	0.07750281	0.01509989	-0.01162522	-0.01380661
2.233324	0.09449147	-0.06801144	0.07742371	-0.00275520	-0.01355910	0.00762935
2.249991	0.09432735	-0.06824119	0.07786705	-0.02063815	-0.01187899	0.02767272
2.266658	0.09372444	-0.06850380	0.07862253	-0.03422784	-0.00851336	0.04045327
2.283324	0.09287065	-0.06854851	0.07956685	-0.04097474	-0.00348916	0.04457651
2.299991	0.09197412	-0.06859347	0.08039883	-0.03987481	0.00344624	0.04177762
2.316657	0.09131277	-0.06849161	0.08104248	-0.03148508	0.01069248	0.03351795
2.333324	0.09088790	-0.06829603	0.08148591	-0.01751519	0.01618485	0.02082445
2.349991	0.09071504	-0.06786784	0.08181369	-0.00097745	0.01920070	0.00526404
2.366657	0.09078230	-0.06744653	0.08184073	0.01509285	0.01908533	-0.01129181
2.383324	0.09121443	-0.06706564	0.08151744	0.02897896	0.01573248	-0.02692367
2.399990	0.09190112	-0.06690377	0.08077426	0.03883191	0.00988353	-0.03891550
2.416657	0.09275442	-0.06678917	0.07990064	0.04241729	0.00348774	-0.04469673
2.433324	0.09356592	-0.06681767	0.07901222	0.03939897	-0.00221581	-0.04230918
2.449990	0.09423672	-0.06686722	0.07832527	0.03116657	-0.00751852	-0.03255071
2.466657	0.09465308	-0.06704998	0.07779951	0.01904555	-0.01248763	-0.01790244
2.483323	0.09488478	-0.06727691	0.07763848	0.00439131	-0.01568506	0.00017524
2.499990	0.09485749	-0.06765474	0.07774941	-0.01123775	-0.01635997	0.01927041
2.516657	0.09456766	-0.06798574	0.07827169	-0.02599354	-0.01304769	0.03655079
2.533323	0.09394126	-0.06824198	0.07912084	-0.03737084	-0.00657904	0.04765812
2.549990	0.09310269	-0.06829905	0.08016063	-0.04193322	0.00250259	0.05058137
2.566656	0.09219952	-0.06811576	0.08120584	-0.03774174	0.01130429	0.04417273
2.583323	0.09149709	-0.06784803	0.08190298	-0.02605966	0.01726194	0.02967757
2.599990	0.09116939	-0.06738254	0.08229907	-0.01002956	0.01852903	0.00996851
2.616656	0.09124874	-0.06703616	0.08223876	0.00649216	0.01634384	-0.00997711
2.633323	0.09156925	-0.06674704	0.08185153	0.01975551	0.01136762	-0.02721451
2.649989	0.09207581	-0.06667601	0.08116309	0.02767477	0.00437928	-0.03991351
2.666656	0.09261928	-0.06664033	0.08035386	0.03034298	-0.00217725	-0.04487618
2.683323	0.09320012	-0.06674621	0.07944200	0.02832040	-0.00720880	-0.04045200
2.699989	0.09368730	-0.06693510	0.07865226	0.02198619	-0.01028426	-0.02737354
2.716656	0.09405728	-0.06717205	0.07820885	0.01165413	-0.01246737	-0.00957955
2.733322	0.09418833	-0.06740277	0.07829186	-0.00125643	-0.01229440	0.00988364
2.749989	0.09406427	-0.06759509	0.07879493	-0.01484463	-0.00966426	0.02697616
2.766656	0.09362851	-0.06780788	0.07944731	-0.02629972	-0.00469712	0.03740128
2.783322	0.09303434	-0.06785625	0.08022780	-0.03244174	0.00066802	0.03794447
2.799989	0.09229650	-0.06780268	0.08095027	-0.03117261	0.00620595	0.03054631
2.816655	0.09170844	-0.06753926	0.08152878	-0.02302540	0.01027745	0.01800522
2.833322	0.09133231	-0.06734664	0.08166640	-0.01044345	0.01155195	0.00189596
2.849989	0.09134807	-0.06706139	0.08152069	0.00435179	0.01044605	-0.01557684
2.866655	0.09160008	-0.06696104	0.08105857	0.01886278	0.00777117	-0.03088281
2.883322	0.09205079	-0.06683668	0.08040223	0.03089917	0.00394212	-0.04114461
2.899988	0.09267235	-0.06680900	0.07953846	0.03756206	-0.00096362	-0.04500742
2.916655	0.09344193	-0.06681421	0.07864408	0.03775887	-0.00478322	-0.04084469
2.933321	0.09424569	-0.06695998	0.07786294	0.03137880	-0.00636357	-0.02804067
2.949988	0.09478781	-0.06719667	0.07743274	0.01882225	-0.00682800	-0.00939332
2.966655	0.09497660	-0.06734475	0.07744703	0.00179489	-0.00811595	0.01014933
2.983321	0.09481077	-0.06733296	0.07797389	-0.01574869	-0.00874620	0.02680044
2.999988	0.09432518	-0.06743951	0.07867169	-0.02920147	-0.00706813	0.03818501
3.016654	0.09364932	-0.06766841	0.07945231	-0.03686402	-0.00468114	0.04224246
3.033321	0.09286242	-0.06789262	0.08016683	-0.03838018	-0.00201379	0.03934939
3.049988	0.09218966	-0.06780414	0.08088303	-0.03370540	0.00120186	0.03105485
3.066654	0.09162235	-0.06764368	0.08139029	-0.02299612	0.00418203	0.01839634
3.083321	0.09128712	-0.06745308	0.08166222	-0.00814977	0.00471501	0.00204795
3.099988	0.09123113	-0.06746526	0.08151537	0.00907965	0.00336417	-0.01651841
3.116654	0.09156235	-0.06745668	0.08107077	0.02680241	0.00275389	-0.03423581
3.133321	0.09219597	-0.06749909	0.08026528	0.04066848	0.00341003	-0.04690148
3.149987	0.09313429	-0.06737483	0.07928278	0.04623055	0.00383613	-0.05133094
3.166654	0.09413526	-0.06723578	0.07819997	0.04211405	0.00247528	-0.04658166
3.183321	0.09494279	-0.06712089	0.07738049	0.03025957	-0.00009537	-0.03269305
3.199987	0.09530063	-0.06720363	0.07689966	0.01366609	-0.00302051	-0.01227503
3.216654	0.09526711	-0.06737084	0.07691614	-0.00499627	-0.00437191	0.01052156
3.233320	0.09497468	-0.06752548	0.07735714	-0.02216456	-0.00374307	0.03007584
3.249987	0.09451824	-0.06755013	0.07814077	-0.03382074	-0.00139908	0.04295243
3.266654	0.09376944	-0.06748383	0.07911104	-0.03836147	0.00069667	0.04697773
3.283320	0.09292395	-0.06742246	0.08000321	-0.03547317	0.00276384	0.04340070
3.299987	0.09219848	-0.06738559	0.08073826	-0.02581569	0.00388426	0.03285182
3.316653	0.09185159	-0.06739821	0.08115359	-0.01042501	0.00394443	0.01748260
3.333320	0.09191413	-0.06724047	0.08138954	0.00709425	0.00295771	-0.00026710
3.349987	0.09222054	-0.06717454	0.08120535	0.02227356	0.00134912	-0.01806631
3.366653	0.09279141	-0.06710176	0.08075654	0.03324693	-0.00043508	-0.03332900
3.383320	0.09345774	-0.06723028	0.07994018	0.03959236	-0.00176851	-0.04271368
3.399986	0.09419328	-0.06733327	0.07901346	0.03889013	-0.00296005	-0.04333584
3.416653	0.09497947	-0.06736859	0.07813551	0.03012088	-0.00419432	-0.03493017
3.433320	0.09556376	-0.06733704	0.07757322	0.01524134	-0.00539383	-0.01949236
3.449986	0.09571758	-0.06743246	0.07740705	-0.00240532	-0.00556073	0.00008233
3.466653	0.09538825	-0.06759447	0.07765841	-0.01983479	-0.00403149	0.01981415
3.483319	0.09472593	-0.06784061	0.07815655	-0.03342247	-0.00117701	0.03429851
3.499986	0.09405391	-0.06774481	0.07900637	-0.03985540	0.00268997	0.04118295
3.516653	0.09328798	-0.06759708	0.07987020	-0.03879328	0.00518715	0.04034501
3.533319	0.09261008	-0.06734762	0.08062476	-0.03182982	0.00416441	0.03171181
3.549986	0.09205329	-0.06726764	0.08109205	-0.02004385	0.00048787	0.01638642
3.566652	0.09175989	-0.06738871	0.08123624	-0.00472488	-0.00205976	-0.00141245
3.583319	0.09184729	-0.06756596	0.08103739	0.01050793	-0.00275825	-0.01826860
3.599986	0.09224390	-0.06767292	0.08050022	0.02249991	-0.00101343	-0.03040992
3.616652	0.09286509	-0.06756605	0.07978600	0.02828996	0.00223012	-0.03522693
3.633319	0.09346138	-0.06744686	0.07901238	0.02702321	0.00590900	-0.03103175
3.649985	0.09393789	-0.06733837	0.07844573	0.01927152	0.00788595	-0.01910556
3.666652	0.09419523	-0.06723606	0.07819466	0.00750913	0.00668729	-0.00366395
3.683319	0.09422773	-0.06706214	0.07837407	-0.00456626	0.00355107	0.01138405
3.699985	0.09398632	-0.06694067	0.07882580	-0.01489343	-0.00004672	0.02340341
3.716652	0.09357747	-0.06700951	0.07935601	-0.02203741	-0.00273788	0.03093922
3.733318	0.09310623	-0.06719744	0.07992009	-0.02506411	-0.00447286	0.03240695
3.749985	0.09263088	-0.06736457	0.08049695	-0.02313813	-0.00576510	0.02699762
3.766652	0.09223226	-0.06736564	0.08106376	-0.01694317	-0.00639050	0.01646924
3.783318	0.09193642	-0.06736791	0.08135606	-0.00718980	-0.00566764	0.00341715
3.799985	0.09188832	-0.06752344	0.08118656	0.00426775	-0.00483831	-0.01154029
3.816651	0.09206621	-0.06771693	0.08075868	0.01563123	-0.00337088	-0.02600196
3.833318	0.09251960	-0.06778090	0.08018143	0.02501438	0.00023726	-0.03522443
3.849985	0.09305210	-0.06773491	0.07947754	0.03098254	0.00523256	-0.03668461
3.866651	0.09366857	-0.06750925	0.07874563	0.03262637	0.00936251	-0.03146337
3.883318	0.09423222	-0.06731037	0.07812766	0.02842568	0.01009133	-0.02173857
3.899984	0.09476458	-0.06708270	0.07788384	0.01781009	0.00699560	-0.00865899
3.916651	0.09510083	-0.06694090	0.07794006	0.00229158	0.00157998	0.00567051
3.933318	0.09503882	-0.06699076	0.07818604	-0.01528616	-0.00278042	0.01930271
3.949984	0.09452033	-0.06714553	0.07862854	-0.03087168	-0.00545496	0.02936792
3.966651	0.09371037	-0.06739061	0.07916778	-0.03984571	-0.00638107	0.03423943
3.983317	0.09279567	-0.06742267	0.07996594	-0.03952071	-0.00667955	0.03241332
3.999984	0.09209981	-0.06746573	0.08061022	-0.03073179	-0.00641382	0.02436942
4.016651	0.09164256	-0.06750879	0.08104407	-0.01686214	-0.00564160	0.01140282
4.033317	0.09155406	-0.06772455	0.08100439	-0.00155468	-0.00430470	-0.00406196
4.049984	0.09169419	-0.06786568	0.08072160	0.01292684	-0.00150037	-0.01895279
4.066650	0.09204634	-0.06786961	0.08024649	0.02493175	0.00267965	-0.02910551
4.083317	0.09256961	-0.06769919	0.07967219	0.03209138	0.00707748	-0.03147622
4.099984	0.09325686	-0.06749175	0.07894956	0.03354384	0.00967439	-0.02706862
4.116650	0.09396538	-0.06729209	0.07844882	0.02789993	0.00929043	-0.01781631
4.133317	0.09447207	-0.06716515	0.07821465	0.01436705	0.00660470	-0.00451265
4.149983	0.09466535	-0.06703304	0.07837941	-0.00531422	0.00363117	0.01104460
4.166650	0.09439263	-0.06704637	0.07867815	-0.02549420	0.00081495	0.02470473
4.183317	0.09367312	-0.06705706	0.07924536	-0.03916495	-0.00237488	0.03213232
4.199983	0.09265459	-0.06712089	0.07994085	-0.04271777	-0.00572762	0.03212085
4.216650	0.09170166	-0.06720819	0.08067902	-0.03601602	-0.00766552	0.02599875
4.233316	0.09117446	-0.06738587	0.08107384	-0.02083589	-0.00817358	0.01387210
4.249983	0.09103900	-0.06761391	0.08116537	-0.00137426	-0.00750325	-0.00220270
4.266650	0.09124959	-0.06772871	0.08093187	0.01729909	-0.00542527	-0.01847122
4.283316	0.09172109	-0.06777685	0.08046394	0.03213958	-0.00055578	-0.03010169
4.299983	0.09239180	-0.06776051	0.07978711	0.04210868	0.00618028	-0.03443921
4.316649	0.09326864	-0.06766854	0.07900814	0.04519882	0.01252608	-0.03019956
4.333316	0.09416372	-0.06737737	0.07840981	0.03937684	0.01717194	-0.01823190
4.349983	0.09495239	-0.06694349	0.07817649	0.02403980	0.01845881	-0.00132371
4.366649	0.09531078	-0.06652204	0.07839221	0.00228801	0.01564464	0.01657314
4.383316	0.09511579	-0.06624281	0.07895225	-0.01993694	0.00927396	0.03142939
4.399982	0.09438507	-0.06621785	0.07964928	-0.03645706	0.00200000	0.03995389
4.416649	0.09341711	-0.06631169	0.08044925	-0.04216900	-0.00437403	0.03906478
4.433316	0.09252904	-0.06649100	0.08120225	-0.03588922	-0.00899654	0.02932810
4.449982	0.09194176	-0.06661983	0.08177823	-0.02022077	-0.01067404	0.01372644
4.466649	0.09177291	-0.06682537	0.08184154	-0.00100624	-0.00973240	-0.00489401
4.483315	0.09199397	-0.06705873	0.08148620	0.01627269	-0.00786088	-0.02326758
4.499982	0.09253743	-0.06718201	0.08081865	0.02867658	-0.00557257	-0.03604057
4.516649	0.09319723	-0.06721292	0.08003071	0.03518852	-0.00186437	-0.03941447
4.533315	0.09385873	-0.06719182	0.07922011	0.03567367	0.00143633	-0.03555438
4.549982	0.09447588	-0.06715183	0.07863213	0.02974876	0.00274127	-0.02651452
4.566648	0.09498850	-0.06705382	0.07832548	0.01799557	0.00222241	-0.01356600
4.583315	0.09531434	-0.06699631	0.07819986	0.00172009	0.00121158	0.00197274
4.599982	0.09522057	-0.06698844	0.07833770	-0.01562244	-0.00131935	0.01517615
4.616648	0.09471741	-0.06706666	0.07871264	-0.02980739	-0.00483325	0.02431041
4.633315	0.09387772	-0.06711236	0.07941373	-0.03702759	-0.00801544	0.02845153
4.649981	0.09306861	-0.06733728	0.07996447	-0.03525520	-0.00971597	0.02686213
4.666648	0.09245174	-0.06750988	0.08047531	-0.02542684	-0.01011107	0.01906998
4.683315	0.09214910	-0.06777414	0.08064706	-0.01076866	-0.00881865	0.00657043
4.699981	0.09212665	-0.06786294	0.08071570	0.00406300	-0.00604494	-0.00794730
4.716648	0.09235951	-0.06795668	0.08046330	0.01647553	-0.00296918	-0.02221284
4.733315	0.09280417	-0.06792489	0.07995376	0.02529072	0.00029795	-0.03209101
4.749981	0.09333249	-0.06791848	0.07917392	0.03020991	0.00250273	-0.03581933
4.766647	0.09391823	-0.06785813	0.07836014	0.03085447	0.00379385	-0.03207462
4.783314	0.09446478	-0.06775435	0.07782124	0.02717126	0.00391932	-0.02200687
4.799981	0.09493881	-0.06767392	0.07758607	0.01912862	0.00376308	-0.00695160
4.816648	0.09524748	-0.06760421	0.07765791	0.00705595	0.00302342	0.00911128
4.833314	0.09529839	-0.06759694	0.07793129	-0.00800751	0.00277837	0.02304865
4.849980	0.09503201	-0.06756474	0.07847460	-0.02334075	0.00304983	0.03298273
4.866647	0.09445052	-0.06753385	0.07917146	-0.03557636	0.00260075	0.03809199
4.883314	0.09361392	-0.06742151	0.07997068	-0.04148742	0.00088472	0.03813352
4.899981	0.09276727	-0.06736543	0.08063921	-0.03963259	-0.00022460	0.03334867
4.916647	0.09201740	-0.06742933	0.08115973	-0.03071931	-0.00046145	0.02335889
4.933313	0.09160475	-0.06757309	0.08146646	-0.01736528	-0.00056423	0.00933729
4.949980	0.09146033	-0.06754252	0.08159922	-0.00282222	-0.00063740	-0.00577668
4.966647	0.09160493	-0.06748396	0.08133078	0.01089611	0.00002585	-0.01962580
4.983314	0.09191937	-0.06739370	0.08080342	0.02229524	0.00068456	-0.03068642
4.999980	0.09237489	-0.06749137	0.08006494	0.03121347	0.00105851	-0.03705654
5.016646	0.09300318	-0.06750534	0.07936899	0.03568611	0.00208904	-0.03574777
5.033313	0.09370328	-0.06750026	0.07871483	0.03412633	0.00341115	-0.02760425
5.049980	0.09444182	-0.06733616	0.07823855	0.02568989	0.00366265	-0.01483789
5.066647	0.09486653	-0.06718923	0.07812060	0.01189009	0.00137281	-0.00058592
5.083313	0.09493422	-0.06715685	0.07827164	-0.00369059	-0.00253775	0.01279363
5.099979	0.09458533	-0.06729143	0.07873221	-0.01673761	-0.00706720	0.02125149
5.116646	0.09405674	-0.06752855	0.07922491	-0.02318905	-0.01004506	0.02258753
5.133313	0.09354158	-0.06774434	0.07973118	-0.02246471	-0.01066644	0.01720290
5.149980	0.09314706	-0.06792057	0.07998276	-0.01560337	-0.00883728	0.00688187
5.166646	0.09298047	-0.06803786	0.07999384	-0.00429222	-0.00566187	-0.00612749
5.183312	0.09296205	-0.06812435	0.07974267	0.00970591	-0.00126184	-0.01921725
5.199979	0.09320164	-0.06812837	0.07928846	0.02300882	0.00399908	-0.02941102
5.216646	0.09375012	-0.06805531	0.07864516	0.03216365	0.00816356	-0.03488465
5.233312	0.09453659	-0.06780136	0.07794242	0.03525647	0.00997167	-0.03355829
5.249979	0.09531627	-0.06751868	0.07726283	0.03082530	0.00931777	-0.02551514
5.266645	0.09582179	-0.06734362	0.07684013	0.01938105	0.00709432	-0.01205002
5.283312	0.09601718	-0.06731153	0.07677859	0.00318450	0.00388106	0.00425683
5.299979	0.09588505	-0.06736299	0.07704751	-0.01404228	0.00133150	0.02009131
5.316645	0.09550518	-0.06733577	0.07760748	-0.03026795	-0.00042815	0.03211906
5.333312	0.09484455	-0.06732456	0.07829442	-0.04354312	-0.00266706	0.03840651
5.349978	0.09398022	-0.06729899	0.07905737	-0.05132073	-0.00566719	0.03944926
5.366645	0.09289777	-0.06743737	0.07976414	-0.05148409	-0.00823490	0.03503962
5.383312	0.09189784	-0.06769717	0.08031612	-0.04365689	-0.00896182	0.02506229
5.399978	0.09114330	-0.06793332	0.08076306	-0.02899289	-0.00802908	0.01057964
5.416645	0.09084090	-0.06805401	0.08082935	-0.00957921	-0.00591359	-0.00504838
5.433311	0.09089272	-0.06801882	0.08058296	0.01073361	-0.00301843	-0.01860272
5.449978	0.09127846	-0.06802279	0.07997009	0.02864286	0.00043776	-0.02789330
5.466645	0.09194673	-0.06807529	0.07932217	0.04068163	0.00365084	-0.03183865
5.483311	0.09281695	-0.06804475	0.07876980	0.04499028	0.00558945	-0.03110682
5.499978	0.09378415	-0.06787723	0.07831539	0.04033555	0.00556654	-0.02637695
5.516644	0.09451914	-0.06762102	0.07791952	0.02787851	0.00372422	-0.01841552
5.533311	0.09491102	-0.06754034	0.07756003	0.00990398	0.00026234	-0.00705372
5.549978	0.09482603	-0.06767973	0.07742823	-0.00958182	-0.00442026	0.00596205
5.566644	0.09443808	-0.06786295	0.07768229	-0.02530369	-0.00797945	0.01850486
5.583311	0.09377611	-0.06804250	0.07827060	-0.03391622	-0.00834636	0.02750326
5.599977	0.09302721	-0.06816312	0.07894132	-0.03470621	-0.00729698	0.02994825
5.616644	0.09237207	-0.06825342	0.07952474	-0.02882965	-0.00723339	0.02482137
5.633311	0.09192153	-0.06832117	0.07987364	-0.01744858	-0.00811465	0.01352878
5.649977	0.09174179	-0.06845615	0.08002814	-0.00301202	-0.00843647	-0.00128784
5.666644	0.09181561	-0.06867495	0.07989649	0.01202186	-0.00675014	-0.01585851
5.683311	0.09216388	-0.06886765	0.07947669	0.02539049	-0.00307073	-0.02730850
5.699977	0.09275050	-0.06890443	0.07877871	0.03463393	0.00273627	-0.03303019
5.716644	0.09349983	-0.06874092	0.07806121	0.03696888	0.00860210	-0.03194416
5.733310	0.09428024	-0.06849682	0.07744232	0.03118445	0.01272065	-0.02340672
5.749977	0.09486401	-0.06817637	0.07716302	0.01803092	0.01372000	-0.00892963
5.766644	0.09505981	-0.06797876	0.07708406	-0.00056379	0.01179771	0.00749483
5.783310	0.09485339	-0.06775345	0.07742577	-0.02080180	0.00853054	0.02265220
5.799977	0.09425858	-0.06768082	0.07798246	-0.03822297	0.00543168	0.03555639
5.816643	0.09338483	-0.06762813	0.07874262	-0.04892696	0.00259915	0.04400501
5.833310	0.09236813	-0.06762388	0.07957179	-0.05097681	-0.00077531	0.04454872
5.849977	0.09136385	-0.06762149	0.08047436	-0.04374652	-0.00318391	0.03718312
5.866643	0.09062872	-0.06768550	0.08116255	-0.02847005	-0.00467820	0.02339555
5.883310	0.09023678	-0.06785573	0.08145811	-0.00786352	-0.00523778	0.00576919
5.899976	0.09033197	-0.06795884	0.08129079	0.01349041	-0.00493867	-0.01290595
5.916643	0.09081654	-0.06804682	0.08081859	0.03066473	-0.00246656	-0.02732444
5.933310	0.09162439	-0.06804380	0.08016793	0.04045275	0.00111483	-0.03447732
5.949976	0.09250753	-0.06803397	0.07942788	0.04197271	0.00437336	-0.03395269
5.966643	0.09327359	-0.06788944	0.07882936	0.03619767	0.00680419	-0.02758719
5.983309	0.09381600	-0.06774522	0.07837725	0.02517494	0.00795937	-0.01714076
5.999976	0.09413061	-0.06755392	0.07823437	0.01219195	0.00737461	-0.00511950
6.016643	0.09420174	-0.06743792	0.07826505	-0.00107650	0.00475215	0.00618106
6.033309	0.09406601	-0.06736035	0.07851867	-0.01388838	0.00132319	0.01557446
6.049976	0.09373565	-0.06738498	0.07886976	-0.02447976	-0.00152413	0.02297898
6.066642	0.09319068	-0.06747907	0.07931819	-0.03020030	-0.00283503	0.02786375
6.083309	0.09250564	-0.06758565	0.07983198	-0.03014230	-0.00366682	0.02756599
6.099976	0.09187594	-0.06762479	0.08042017	-0.02409483	-0.00489919	0.02067820
6.116642	0.09151555	-0.06763256	0.08086810	-0.01213179	-0.00667791	0.00777609
6.133309	0.09142675	-0.06773172	0.08094002	0.00461491	-0.00747695	-0.00883810
6.149975	0.09164300	-0.06795784	0.08053500	0.02254037	-0.00591724	-0.02556878
6.166642	0.09215486	-0.06819270	0.07981406	0.03798861	-0.00102997	-0.03766816
6.183309	0.09302744	-0.06820085	0.07896592	0.04774023	0.00609125	-0.04154896
6.199975	0.09405359	-0.06795864	0.07818422	0.04894175	0.01244289	-0.03717552
6.216642	0.09506416	-0.06752278	0.07756002	0.04019760	0.01512485	-0.02673506
6.233308	0.09573144	-0.06717221	0.07721007	0.02258116	0.01410341	-0.01178880
6.249975	0.09595794	-0.06699575	0.07711226	-0.00014361	0.01047068	0.00527216
6.266642	0.09568899	-0.06697442	0.07733414	-0.02280509	0.00565229	0.02194883
6.283308	0.09501996	-0.06690544	0.07790893	-0.04025374	0.00051040	0.03516353
6.299975	0.09407540	-0.06686573	0.07870123	-0.04913223	-0.00447133	0.04191180
6.316641	0.09305679	-0.06689787	0.07963131	-0.04808921	-0.00900682	0.03994622
6.333308	0.09215267	-0.06718140	0.08037604	-0.03784582	-0.01267364	0.02963193
6.349975	0.09157191	-0.06752096	0.08082436	-0.02086290	-0.01456862	0.01346810
6.366641	0.09137018	-0.06783392	0.08085400	-0.00011183	-0.01319380	-0.00458142
6.383308	0.09160168	-0.06799848	0.08053841	0.02068882	-0.00802855	-0.02096643
6.399974	0.09215516	-0.06810642	0.07998513	0.03804814	-0.00024974	-0.03333947
6.416641	0.09303792	-0.06807350	0.07930015	0.04917455	0.00780299	-0.04003298
6.433308	0.09404273	-0.06789905	0.07851405	0.05328598	0.01432328	-0.03983521
6.449974	0.09507535	-0.06748810	0.07776301	0.05029869	0.01864686	-0.03246994
6.466641	0.09590025	-0.06708215	0.07714456	0.03860716	0.02004099	-0.01850016
6.483307	0.09653626	-0.06669639	0.07693443	0.01812543	0.01710191	-0.00070364
6.499974	0.09680461	-0.06645851	0.07711419	-0.00791448	0.01018606	0.01801408
6.516641	0.09648032	-0.06628706	0.07772122	-0.03293509	0.00247159	0.03442331
6.533307	0.09551721	-0.06635009	0.07846267	-0.05157897	-0.00421798	0.04469565
6.549974	0.09416442	-0.06654865	0.07938167	-0.05931810	-0.00901926	0.04653565
6.566640	0.09295557	-0.06679369	0.08027027	-0.05368119	-0.01173333	0.03952533
6.583307	0.09208183	-0.06701452	0.08100215	-0.03618478	-0.01151197	0.02630352
6.599974	0.09167049	-0.06717548	0.08135510	-0.01390299	-0.01009807	0.00911783
6.616640	0.09168781	-0.06734441	0.08124426	0.00561046	-0.00875469	-0.00892564
6.633307	0.09209374	-0.06743870	0.08087713	0.01934163	-0.00757548	-0.02440846
6.649973	0.09264918	-0.06758411	0.08027222	0.02701204	-0.00609110	-0.03323281
6.666640	0.09317465	-0.06768575	0.07958470	0.02876688	-0.00530968	-0.03473936
6.683307	0.09363616	-0.06776261	0.07887677	0.02528309	-0.00466796	-0.02965231
6.699973	0.09406215	-0.06778704	0.07838008	0.01731045	-0.00370444	-0.01985759
6.716640	0.09436866	-0.06788491	0.07812969	0.00498088	-0.00244816	-0.00696159
6.733306	0.09446171	-0.06790899	0.07820839	-0.01083620	-0.00173096	0.00660038
6.749973	0.09412958	-0.06797285	0.07842204	-0.02716097	-0.00162155	0.01798182
6.766640	0.09342293	-0.06789620	0.07889640	-0.03971786	-0.00236155	0.02549778
6.783306	0.09246071	-0.06795887	0.07940453	-0.04432759	-0.00352928	0.02902318
6.799973	0.09154722	-0.06800464	0.08000056	-0.03868230	-0.00474548	0.02769637
6.816639	0.09087586	-0.06819463	0.08047432	-0.02389597	-0.00590498	0.02010465
6.833306	0.09059776	-0.06827717	0.08085766	-0.00433879	-0.00575053	0.00766649
6.849973	0.09074826	-0.06837729	0.08091351	0.01535798	-0.00316494	-0.00638737
6.866639	0.09128308	-0.06842585	0.08061141	0.03129830	0.00248079	-0.01842215
6.883306	0.09200838	-0.06843168	0.08002818	0.04047946	0.00879019	-0.02651147
6.899972	0.09287395	-0.06822097	0.07943245	0.04043796	0.01356577	-0.02837293
6.916639	0.09363220	-0.06781913	0.07893839	0.03199635	0.01553299	-0.02345631
6.933306	0.09421693	-0.06740924	0.07857986	0.01741621	0.01435129	-0.01379741
6.949972	0.09432758	-0.06720683	0.07839404	-0.00097156	0.01036894	-0.00263714
6.966639	0.09412817	-0.06714591	0.07846325	-0.01877751	0.00512840	0.00898704
6.983305	0.09355886	-0.06718826	0.07874659	-0.03069189	-0.00026167	0.01990669
6.999972	0.09280442	-0.06716010	0.07919760	-0.03366092	-0.00586229	0.02788760
7.016639	0.09206893	-0.06722181	0.07979530	-0.02975192	-0.01153023	0.03085972
7.033305	0.09158976	-0.06744267	0.08041551	-0.02040994	-0.01524037	0.02810504
7.049972	0.09144692	-0.06788228	0.08095578	-0.00651004	-0.01497360	0.01939073
7.066638	0.09143388	-0.06831900	0.08124142	0.01020406	-0.00985589	0.00601678
7.083305	0.09165054	-0.06846388	0.08122824	0.02582210	-0.00081711	-0.00840116
7.099972	0.09220812	-0.06828669	0.08087624	0.03676571	0.00939805	-0.01965966
7.116638	0.09312159	-0.06791923	0.08031082	0.04075327	0.01709155	-0.02494121
7.133305	0.09409391	-0.06751280	0.07974216	0.03600440	0.01994983	-0.02425982
7.149971	0.09472463	-0.06718642	0.07933345	0.02258403	0.01844089	-0.01798287
7.166638	0.09491733	-0.06687113	0.07914156	0.00248668	0.01430815	-0.00823445
7.183305	0.09471062	-0.06667017	0.07906831	-0.01879956	0.00884879	0.00255165
7.199971	0.09421159	-0.06653672	0.07921599	-0.03419223	0.00178416	0.01156100
7.216638	0.09339060	-0.06655332	0.07949246	-0.04088936	-0.00769905	0.01732658
7.233305	0.09244198	-0.06671712	0.07996407	-0.04060735	-0.01806698	0.01911093
7.249971	0.09172507	-0.06710135	0.08035112	-0.03482695	-0.02610045	0.01672017
7.266637	0.09128169	-0.06774045	0.08063836	-0.02183751	-0.02765704	0.01002461
7.283304	0.09103487	-0.06841022	0.08071596	-0.00345053	-0.02201312	-0.00085384
7.299971	0.09095053	-0.06886226	0.08066211	0.01538584	-0.00920299	-0.01221550
7.316638	0.09138037	-0.06882346	0.08036155	0.03094816	0.00743854	-0.02112341
7.333304	0.09222732	-0.06847797	0.07979636	0.04058273	0.02269836	-0.02541336
7.349970	0.09325650	-0.06779921	0.07922153	0.04044075	0.03158049	-0.02491290
7.366637	0.09405039	-0.06714835	0.07873320	0.02746433	0.03317716	-0.01858536
7.383304	0.09443276	-0.06650262	0.07854331	0.00517683	0.02880801	-0.00787239
7.399971	0.09430727	-0.06611244	0.07848079	-0.01919564	0.01931302	0.00432854
7.416637	0.09363545	-0.06582544	0.07869510	-0.03785856	0.00594790	0.01499022
7.433303	0.09265536	-0.06579098	0.07905146	-0.04713110	-0.00934496	0.02241058
7.449970	0.09159543	-0.06604177	0.07958698	-0.04543181	-0.02242514	0.02610511
7.466637	0.09082767	-0.06666431	0.08010223	-0.03502975	-0.03168521	0.02407661
7.483304	0.09034655	-0.06745434	0.08054971	-0.01936920	-0.03440114	0.01654006
7.499970	0.09026037	-0.06811258	0.08082592	-0.00059188	-0.02893407	0.00476638
7.516636	0.09034175	-0.06860766	0.08078603	0.01849301	-0.01592821	-0.00797573
7.533303	0.09076507	-0.06874160	0.08049902	0.03402410	0.00029300	-0.01854162
7.549970	0.09156413	-0.06859179	0.07995759	0.04232602	0.01489548	-0.02504884
7.566637	0.09259489	-0.06809501	0.07942071	0.04230959	0.02480584	-0.02625099
7.583303	0.09349149	-0.06746185	0.07897384	0.03323002	0.02725884	-0.02257900
7.599969	0.09393752	-0.06690276	0.07860431	0.01664392	0.02275785	-0.01414539
7.616636	0.09397881	-0.06650679	0.07844033	-0.00368146	0.01289835	-0.00323058
7.633303	0.09369033	-0.06647019	0.07837787	-0.02104402	0.00171327	0.00856220
7.649970	0.09314909	-0.06656417	0.07871237	-0.03125371	-0.00928499	0.01757450
7.666636	0.09239678	-0.06688771	0.07916162	-0.03355993	-0.01871060	0.02137427
7.683302	0.09170952	-0.06718776	0.07977086	-0.02884362	-0.02554717	0.01971357
7.699969	0.09120964	-0.06772705	0.08006679	-0.01847107	-0.02876636	0.01314738
7.716636	0.09105834	-0.06829634	0.08016663	-0.00414395	-0.02649407	0.00363690
7.733302	0.09112889	-0.06889337	0.08007827	0.01130053	-0.01890339	-0.00744033
7.749969	0.09144388	-0.06920774	0.07990450	0.02456518	-0.00690508	-0.01689303
7.766635	0.09200096	-0.06914005	0.07959616	0.03305169	0.00678020	-0.02316324
7.783302	0.09274385	-0.06881006	0.07904126	0.03527297	0.01895633	-0.02507000
7.799969	0.09349000	-0.06832005	0.07846258	0.02986394	0.02570475	-0.02254435
7.816635	0.09403345	-0.06778301	0.07803880	0.01668091	0.02601820	-0.01528861
7.833302	0.09421193	-0.06729824	0.07788809	-0.00209496	0.02154381	-0.00506638
7.849968	0.09400477	-0.06693352	0.07797877	-0.02091945	0.01370577	0.00524694
7.866635	0.09337804	-0.06681282	0.07818849	-0.03386746	0.00346796	0.01343319
7.883302	0.09250676	-0.06682131	0.07847607	-0.03794897	-0.00749371	0.01905456
7.899968	0.09168151	-0.06706125	0.07884771	-0.03365515	-0.01612681	0.02254934
7.916635	0.09115086	-0.06745772	0.07925074	-0.02314767	-0.02072223	0.02398359
7.933301	0.09096407	-0.06796442	0.07973266	-0.01392880	-0.02483422	0.02546432
7.949968	0.09096651	-0.06837350	0.08014091	-0.00320704	-0.02309056	0.02436953
7.966635	0.09105702	-0.06867635	0.08050847	0.00751472	-0.02134689	0.02327474
