Time	thumb tip right X	thumb tip right Y	thumb tip right Z	thumb tip right v(X)	thumb tip right v(Y)	thumb tip right v(Z)
0.00000000	0.00000000	0.00000000	0.00000000	0.00000000	0.00000000	0.00000000
0.01666660	0.01666660	0.01666660	0.01666660	0.01666660	0.01666660	0.01666660
0.000000	0.09756890	-0.02694309	0.08796589	-0.01452258	0.01574278	0.04865654
0.016667	0.09735405	-0.02670903	0.08878291	-0.01303447	0.00758180	0.02982539
0.033333	0.09713420	-0.02652507	0.08933053	-0.01154636	-0.00057919	0.01099423
0.050000	0.09687148	-0.02651790	0.08948154	-0.00637847	-0.00715994	-0.00480549
0.066666	0.09674343	-0.02675673	0.08923943	-0.00048921	-0.01582481	-0.03196703
0.083333	0.09681400	-0.02718746	0.08849837	0.00504879	-0.02164350	-0.05632714
0.100000	0.09706987	-0.02768942	0.08722321	0.00941038	-0.02387114	-0.07509466
0.116666	0.09732880	-0.02811525	0.08561052	0.01231511	-0.02331669	-0.08754415
0.133333	0.09748842	-0.02844284	0.08395776	0.01490860	-0.02232738	-0.09368036
0.149999	0.09765974	-0.02873895	0.08241958	0.01834754	-0.02253275	-0.09190976
0.166666	0.09794185	-0.02907646	0.08090727	0.02311939	-0.02340253	-0.08227653
0.183333	0.09844686	-0.02954648	0.07941410	0.02723723	-0.02349361	-0.06761120
0.199999	0.09903765	-0.03002813	0.07830922	0.02861929	-0.02196244	-0.05077058
0.216666	0.09961376	-0.03041081	0.07768559	0.02639118	-0.01896155	-0.03245173
0.233332	0.10000274	-0.03064547	0.07749086	0.02105677	-0.01508441	-0.01412349
0.249999	0.10027428	-0.03079141	0.07741338	0.01394169	-0.01062971	0.00211649
0.266666	0.10043004	-0.03096635	0.07749860	0.00582399	-0.00524674	0.01717511
0.283332	0.10051279	-0.03110391	0.07782360	-0.00289788	0.00134639	0.03292849
0.299999	0.10043303	-0.03108104	0.07849466	-0.01155202	0.00911448	0.04885228
0.316665	0.10013872	-0.03081790	0.07955420	-0.01802709	0.01658408	0.06109743
0.333332	0.09966207	-0.03036753	0.08083094	-0.02072939	0.02142902	0.06787562
0.349999	0.09917548	-0.02988251	0.08212721	-0.01950343	0.02248686	0.06845409
0.366665	0.09886156	-0.02949196	0.08323146	-0.01579108	0.02065409	0.06401542
0.383332	0.09873161	-0.02921834	0.08423537	-0.01214565	0.01801119	0.05749435
0.399998	0.09865404	-0.02900810	0.08509016	-0.01097434	0.01638412	0.05189957
0.416665	0.09851401	-0.02875879	0.08590601	-0.01267874	0.01536212	0.04713804
0.433332	0.09823877	-0.02846956	0.08664865	-0.01539881	0.01373465	0.04155582
0.449998	0.09789833	-0.02816113	0.08737686	-0.01724019	0.01045608	0.03510385
0.466665	0.09755442	-0.02800473	0.08792862	-0.01686900	0.00620612	0.02836384
0.483331	0.09728662	-0.02797209	0.08830144	-0.01440877	0.00216453	0.02182846
0.499998	0.09706382	-0.02807695	0.08853637	-0.01068414	-0.00144644	0.01376102
0.516665	0.09693271	-0.02811425	0.08874305	-0.00558304	-0.00409600	0.00203558
0.533331	0.09684081	-0.02814306	0.08887569	0.00065334	-0.00513870	-0.01563146
0.549998	0.09686828	-0.02823734	0.08862244	0.00691908	-0.00526423	-0.03836781
0.566664	0.09707088	-0.02838267	0.08779447	0.01256266	-0.00628671	-0.06222541
0.583331	0.09739110	-0.02850144	0.08631002	0.01850113	-0.00901658	-0.08258070
0.599998	0.09774655	-0.02858852	0.08454738	0.02449358	-0.01326422	-0.09531081
0.616664	0.09812541	-0.02875961	0.08279611	0.03014625	-0.01793532	-0.09664116
0.633331	0.09866727	-0.02916191	0.08114724	0.03412283	-0.02191449	-0.08604233
0.649997	0.09934128	-0.02967965	0.07968715	0.03535844	-0.02322556	-0.06793337
0.666664	0.10009880	-0.03017164	0.07862242	0.03206292	-0.02039428	-0.04769985
0.683331	0.10064786	-0.03049899	0.07809879	0.02340944	-0.01407510	-0.02795540
0.699997	0.10099547	-0.03061294	0.07799219	0.01081851	-0.00527163	-0.00787053
0.716664	0.10100113	-0.03061292	0.07800074	-0.00318771	0.00519444	0.01265754
0.733330	0.10080470	-0.03050537	0.07818227	-0.01586704	0.01592418	0.03207871
0.749997	0.10040018	-0.03018036	0.07882187	-0.02519565	0.02545149	0.04878693
0.766664	0.09984928	-0.02961756	0.07997764	-0.02969061	0.03255920	0.06216547
0.783330	0.09923950	-0.02887276	0.08138740	-0.02967757	0.03634539	0.07065231
0.799997	0.09868492	-0.02817703	0.08264130	-0.02624135	0.03598678	0.07258150
0.816663	0.09829347	-0.02760584	0.08376721	-0.02202013	0.03210288	0.06858544
0.833330	0.09805470	-0.02713175	0.08483972	-0.01865160	0.02643139	0.06268724
0.849997	0.09784636	-0.02676174	0.08590456	-0.01674331	0.02065063	0.05793159
0.866663	0.09755298	-0.02642802	0.08683489	-0.01661229	0.01511607	0.05363780
0.883330	0.09722424	-0.02622441	0.08765955	-0.01776542	0.00990594	0.04854758
0.899996	0.09691780	-0.02611142	0.08841359	-0.01856476	0.00516740	0.04213756
0.916663	0.09663023	-0.02609777	0.08911299	-0.01785852	0.00103258	0.03398812
0.933330	0.09631789	-0.02613155	0.08968630	-0.01618068	-0.00196164	0.02321633
0.949996	0.09602328	-0.02617922	0.09002621	-0.01342309	-0.00416342	0.00895116
0.966663	0.09580629	-0.02627282	0.09006012	-0.00889633	-0.00678865	-0.00944562
0.983329	0.09567099	-0.02637144	0.08978710	-0.00233465	-0.01124831	-0.03092137
0.999996	0.09568709	-0.02654393	0.08912380	0.00509145	-0.01773599	-0.05202612
1.016663	0.09582951	-0.02686290	0.08802482	0.01223599	-0.02504146	-0.06950391
1.033329	0.09614605	-0.02737307	0.08654387	0.01797423	-0.03138563	-0.08237916
1.049996	0.09652456	-0.02805481	0.08496360	0.02164656	-0.03454309	-0.09090855
1.066662	0.09695508	-0.02873515	0.08342247	0.02356390	-0.03393953	-0.09454724
1.083329	0.09734509	-0.02932873	0.08188198	0.02430542	-0.02987090	-0.09148504
1.099996	0.09773168	-0.02973503	0.08025511	0.02389467	-0.02344466	-0.08159044
1.116662	0.09813653	-0.03006492	0.07873587	0.02185171	-0.01634829	-0.06606278
1.133329	0.09855120	-0.03027829	0.07770828	0.01829780	-0.01003469	-0.04640114
1.149995	0.09886727	-0.03039939	0.07723388	0.01280808	-0.00485713	-0.02461335
1.166662	0.09903158	-0.03040633	0.07717274	0.00576595	0.00021113	-0.00328333
1.183329	0.09904382	-0.03035615	0.07728825	-0.00226860	0.00587663	0.01626487
1.199995	0.09891710	-0.03025710	0.07759269	-0.01030315	0.01232383	0.03409705
1.216662	0.09870569	-0.03003673	0.07825994	-0.01743480	0.01874429	0.04965943
1.233328	0.09833475	-0.02964368	0.07934336	-0.02215894	0.02414914	0.06123940
1.249995	0.09787383	-0.02910981	0.08067900	-0.02336660	0.02779670	0.06755889
1.266662	0.09736075	-0.02855586	0.08194970	-0.02150827	0.02938145	0.06915418
1.283328	0.09699849	-0.02807934	0.08299845	-0.01802288	0.02942663	0.06683585
1.299995	0.09681053	-0.02763580	0.08398505	-0.01511029	0.02855202	0.06245482
1.316661	0.09668773	-0.02718966	0.08503933	-0.01384309	0.02764753	0.05859037
1.333328	0.09650498	-0.02668442	0.08606713	-0.01499882	0.02647675	0.05592670
1.349995	0.09616783	-0.02622753	0.08697753	-0.01761809	0.02430866	0.05274000
1.366661	0.09582362	-0.02580926	0.08775957	-0.02017297	0.02072202	0.04724916
1.383328	0.09544782	-0.02551983	0.08852944	-0.02114070	0.01558535	0.03841754
1.399994	0.09511622	-0.02529238	0.08922334	-0.01877878	0.00893611	0.02503319
1.416661	0.09475859	-0.02517033	0.08966500	-0.01266146	0.00080133	0.00599159
1.433328	0.09447819	-0.02518585	0.08965728	-0.00329138	-0.00835377	-0.01844291
1.449994	0.09448329	-0.02540142	0.08910137	0.00742010	-0.01846888	-0.04466578
1.466661	0.09476315	-0.02582330	0.08804917	0.01869902	-0.02864263	-0.06866341
1.483328	0.09529258	-0.02640470	0.08658262	0.02903603	-0.03726511	-0.08751856
1.499994	0.09583229	-0.02713501	0.08491897	0.03652729	-0.04301045	-0.10012432
1.516661	0.09649341	-0.02795268	0.08309578	0.03984195	-0.04498778	-0.10432386
1.533327	0.09723083	-0.02876720	0.08125262	0.03902403	-0.04232968	-0.09840915
1.549994	0.09799273	-0.02952198	0.07944141	0.03431625	-0.03495169	-0.08360516
1.566660	0.09858976	-0.03007889	0.07807247	0.02546950	-0.02462314	-0.06319369
1.583327	0.09893021	-0.03039184	0.07726615	0.01376124	-0.01373300	-0.03977359
1.599994	0.09900562	-0.03044177	0.07697190	0.00163772	-0.00376039	-0.01524499
1.616660	0.09888851	-0.03036299	0.07693054	-0.00909176	0.00474113	0.00825423
1.633327	0.09861475	-0.03023628	0.07716562	-0.01791246	0.01238340	0.02998204
1.649993	0.09827416	-0.03002748	0.07778428	-0.02525075	0.02006503	0.05036419
1.666660	0.09777991	-0.02967588	0.07888489	-0.03087008	0.02763336	0.06843442
1.683327	0.09721427	-0.02909704	0.08030721	-0.03285026	0.03332725	0.08038981
1.699993	0.09652502	-0.02837298	0.08191510	-0.02985635	0.03502178	0.08375317
1.716660	0.09593171	-0.02767401	0.08342206	-0.02319211	0.03234435	0.07960646
1.733326	0.09560969	-0.02713946	0.08470173	-0.01663051	0.02665809	0.07165305
1.749993	0.09556103	-0.02684096	0.08572812	-0.01234883	0.02057483	0.06252959
1.766660	0.09556991	-0.02662024	0.08662255	-0.01175382	0.01525474	0.05306030
1.783326	0.09533884	-0.02642308	0.08750162	-0.01381481	0.01032453	0.04201015
1.799993	0.09496747	-0.02618011	0.08823909	-0.01541595	0.00429027	0.02753995
1.816659	0.09454987	-0.02608448	0.08868159	-0.01296168	-0.00372453	0.00892311
1.833326	0.09433229	-0.02620343	0.08865955	-0.00626466	-0.01297828	-0.01246048
1.849993	0.09432877	-0.02659112	0.08817469	0.00170757	-0.02137399	-0.03335072
1.866659	0.09452523	-0.02710176	0.08736721	0.00887137	-0.02655683	-0.05106090
1.883326	0.09477454	-0.02763998	0.08630869	0.01426218	-0.02811225	-0.06425582
1.899992	0.09500988	-0.02810514	0.08513616	0.01843557	-0.02712159	-0.07315978
1.916659	0.09530803	-0.02851461	0.08381366	0.02317315	-0.02545727	-0.07920353
1.933326	0.09570099	-0.02889755	0.08242650	0.02988235	-0.02373840	-0.08160419
1.949992	0.09623890	-0.02929226	0.08100957	0.03638599	-0.02141763	-0.07792161
1.966659	0.09696444	-0.02968593	0.07957309	0.03928975	-0.01738180	-0.06697272
1.983325	0.09778973	-0.02999686	0.07843485	0.03728490	-0.01183370	-0.05099980
1.999992	0.09850018	-0.03014953	0.07771715	0.03110224	-0.00565229	-0.03230674
2.016659	0.09892905	-0.03012059	0.07749887	0.02179613	0.00006202	-0.01282451
2.033325	0.09911120	-0.03002459	0.07751431	0.01057849	0.00521651	0.00626768
2.049992	0.09918995	-0.02990492	0.07770903	-0.00120245	0.01024188	0.02457625
2.066658	0.09914414	-0.02978078	0.07815388	-0.01277847	0.01574520	0.04192794
2.083325	0.09889137	-0.02949956	0.07902174	-0.02314767	0.02087284	0.05744682
2.099992	0.09834427	-0.02905570	0.08026044	-0.03003725	0.02410588	0.06799860
2.116658	0.09760400	-0.02847848	0.08168221	-0.03173263	0.02438519	0.07194779
2.133325	0.09693337	-0.02802297	0.08298314	-0.02864931	0.02192058	0.07010522
2.149992	0.09653012	-0.02772189	0.08403948	-0.02310148	0.01809363	0.06486498
2.166658	0.09634127	-0.02756547	0.08497348	-0.01828268	0.01493100	0.05906785
2.183325	0.09618437	-0.02737196	0.08590019	-0.01670438	0.01322728	0.05416642
2.199991	0.09589700	-0.02713309	0.08683189	-0.01753840	0.01194045	0.04912590
2.216658	0.09551638	-0.02684665	0.08769283	-0.01786038	0.00946292	0.04147438
2.233325	0.09510472	-0.02668464	0.08834785	-0.01530400	0.00479180	0.02987326
2.249991	0.09485582	-0.02664318	0.08878407	-0.00989825	-0.00158857	0.01419136
2.266658	0.09476364	-0.02677196	0.08889758	-0.00338429	-0.00811011	-0.00449391
2.283324	0.09483921	-0.02697722	0.08870538	0.00293599	-0.01262322	-0.02424715
2.299991	0.09495622	-0.02726969	0.08810508	0.00827495	-0.01543970	-0.04262517
2.316658	0.09509816	-0.02756631	0.08715896	0.01363533	-0.01770610	-0.05768702
2.333324	0.09533074	-0.02782199	0.08596800	0.01933612	-0.02002429	-0.06852714
2.349991	0.09566649	-0.02814913	0.08469748	0.02502526	-0.02165489	-0.07455487
2.366657	0.09621546	-0.02854789	0.08340602	0.02956209	-0.02276484	-0.07643071
2.383324	0.09679966	-0.02901975	0.08211205	0.03299339	-0.02321865	-0.07553638
2.399991	0.09739710	-0.02940985	0.08083936	0.03473653	-0.02208218	-0.07109134
2.416657	0.09792624	-0.02975167	0.07963368	0.03390698	-0.01886669	-0.06161431
2.433324	0.09852213	-0.03004692	0.07854348	0.03052061	-0.01450669	-0.04770711
2.449990	0.09908096	-0.03027804	0.07784341	0.02497538	-0.01028557	-0.03207689
2.466657	0.09951584	-0.03040354	0.07752100	0.01733560	-0.00623586	-0.01609552
2.483324	0.09970663	-0.03044312	0.07753158	0.00726140	-0.00170679	0.00056174
2.499990	0.09972020	-0.03043430	0.07761164	-0.00399546	0.00435145	0.01831859
2.516657	0.09955531	-0.03038895	0.07790234	-0.01509699	0.01203514	0.03638226
2.533323	0.09922599	-0.03018155	0.07860413	-0.02507738	0.02082780	0.05331210
2.549990	0.09870815	-0.02973285	0.07981870	-0.03271630	0.02886240	0.06701411
2.566657	0.09803032	-0.02908236	0.08126315	-0.03597587	0.03407803	0.07465888
2.583323	0.09728390	-0.02834581	0.08267366	-0.03503266	0.03499065	0.07507477
2.599990	0.09665204	-0.02774263	0.08384813	-0.03233736	0.03171896	0.07027014
2.616656	0.09624148	-0.02726088	0.08491348	-0.02922152	0.02642161	0.06415299
2.633323	0.09590572	-0.02693024	0.08588396	-0.02655800	0.02070894	0.05838719
2.649990	0.09545726	-0.02665620	0.08686503	-0.02462408	0.01516947	0.05241165
2.666656	0.09497701	-0.02638393	0.08776461	-0.02278810	0.00995784	0.04522338
2.683323	0.09451627	-0.02625041	0.08848008	-0.01940061	0.00495870	0.03655772
2.699989	0.09427401	-0.02621714	0.08898489	-0.01388976	-0.00037021	0.02492945
2.716656	0.09411404	-0.02630986	0.08930510	-0.00776518	-0.00607469	0.00970278
2.733322	0.09406693	-0.02645743	0.08945760	-0.00197545	-0.01140884	-0.00876944
2.749989	0.09407109	-0.02665219	0.08923124	0.00381866	-0.01643493	-0.02937358
2.766656	0.09412380	-0.02698698	0.08854394	0.01081274	-0.02169293	-0.05051886
2.783322	0.09434033	-0.02737513	0.08740313	0.01873113	-0.02715305	-0.06898393
2.799989	0.09471215	-0.02789486	0.08598225	0.02612359	-0.03090360	-0.08143391
2.816655	0.09529158	-0.02848703	0.08443470	0.03087999	-0.03197293	-0.08798042
2.833322	0.09595158	-0.02910356	0.08291160	0.03279319	-0.03042636	-0.08917457
2.849989	0.09653089	-0.02961586	0.08145265	0.03274301	-0.02649807	-0.08444067
2.866655	0.09700526	-0.03000382	0.07998306	0.03075198	-0.02110432	-0.07364646
2.883322	0.09745592	-0.03027367	0.07870254	0.02727590	-0.01520024	-0.05873014
2.899988	0.09795244	-0.03048432	0.07780180	0.02322024	-0.00986668	-0.04174458
2.916655	0.09837607	-0.03060961	0.07738367	0.01851525	-0.00546024	-0.02388267
2.933322	0.09863249	-0.03065618	0.07725263	0.01180154	-0.00172199	-0.00653810
2.949988	0.09875115	-0.03063091	0.07725041	0.00278996	0.00207535	0.01038917
2.966655	0.09874392	-0.03057287	0.07744632	-0.00732142	0.00742118	0.02840724
2.983321	0.09857307	-0.03046777	0.07796211	-0.01780588	0.01542172	0.04869585
2.999988	0.09818893	-0.03023907	0.07898305	-0.02803430	0.02564944	0.06899463
3.016655	0.09758913	-0.02972272	0.08043775	-0.03610618	0.03555513	0.08543719
3.033321	0.09683867	-0.02894067	0.08217446	-0.03949174	0.04218515	0.09443131
3.049988	0.09604600	-0.02799920	0.08391546	-0.03688991	0.04325365	0.09465006
3.066654	0.09537791	-0.02720325	0.08553535	-0.03004790	0.03897318	0.08840850
3.083321	0.09495622	-0.02661703	0.08691901	-0.02260482	0.03174265	0.07889067
3.099988	0.09478346	-0.02627542	0.08810176	-0.01769036	0.02402343	0.06853433
3.116654	0.09465484	-0.02597333	0.08915146	-0.01671764	0.01792419	0.05877976
3.133321	0.09439972	-0.02569185	0.09005882	-0.01849718	0.01337996	0.04944437
3.149987	0.09397715	-0.02547013	0.09082348	-0.02026700	0.00939125	0.03747832
3.166654	0.09350148	-0.02532436	0.09142820	-0.01826256	0.00380051	0.01970265
3.183321	0.09315900	-0.02532641	0.09175993	-0.01073972	-0.00359102	-0.00394093
3.199987	0.09299814	-0.02539463	0.09159047	0.00111353	-0.01168862	-0.03095963
3.216654	0.09315353	-0.02568174	0.09075154	0.01368420	-0.01936861	-0.05810489
3.233320	0.09354411	-0.02609790	0.08938438	0.02439028	-0.02626873	-0.08181515
3.249987	0.09414310	-0.02663563	0.08770534	0.03178602	-0.03189718	-0.09857940
3.266654	0.09475145	-0.02722124	0.08589309	0.03594834	-0.03518668	-0.10699561
3.283320	0.09538545	-0.02784108	0.08400642	0.03854219	-0.03633713	-0.10651325
3.299987	0.09598012	-0.02849078	0.08213341	0.04050964	-0.03549638	-0.09673552
3.316653	0.09666292	-0.02909439	0.08041520	0.04146358	-0.03319963	-0.07901189
3.333320	0.09742527	-0.02964128	0.07917328	0.04019563	-0.02965342	-0.05662572
3.349987	0.09818944	-0.03009021	0.07851546	0.03609996	-0.02518417	-0.03337542
3.366653	0.09879804	-0.03047074	0.07834307	0.02857913	-0.01964786	-0.01131368
3.383320	0.09918867	-0.03077590	0.07838994	0.01739673	-0.01252429	0.00923730
3.399987	0.09937746	-0.03097556	0.07857043	0.00267287	-0.00356408	0.02877787
3.416653	0.09937457	-0.03099160	0.07909432	-0.01356708	0.00735571	0.04813202
3.433320	0.09904876	-0.03077764	0.08010638	-0.02817523	0.01886375	0.06590240
3.449986	0.09834706	-0.03032948	0.08153421	-0.03773980	0.02684827	0.07757747
3.466653	0.09742507	-0.02968460	0.08316546	-0.03898122	0.02855476	0.07976389
3.483320	0.09658341	-0.02901591	0.08461417	-0.03160951	0.02371398	0.07400259
3.499986	0.09609719	-0.02863989	0.08573605	-0.01921669	0.01574394	0.06545298
3.516653	0.09605221	-0.02853762	0.08655227	-0.00802077	0.00833373	0.05798005
3.533319	0.09620453	-0.02870176	0.08734018	-0.00254684	0.00464513	0.05203234
3.549986	0.09633803	-0.02867598	0.08828438	-0.00383800	0.00454520	0.04539515
3.566653	0.09618966	-0.02854529	0.08918958	-0.00911735	0.00570528	0.03553643
3.583319	0.09589484	-0.02824652	0.08981049	-0.01348683	0.00451341	0.01860049
3.599986	0.09551321	-0.02814338	0.08995055	-0.01240664	-0.00118468	-0.00665544
3.616652	0.09524693	-0.02820430	0.08967897	-0.00577407	-0.01006854	-0.03692564
3.633319	0.09518176	-0.02853267	0.08883332	0.00312005	-0.01935652	-0.06574657
3.649986	0.09541850	-0.02896755	0.08740501	0.01148575	-0.02558082	-0.08763963
3.666652	0.09576727	-0.02951196	0.08547761	0.01822538	-0.02900240	-0.10080195
3.683319	0.09615272	-0.03003198	0.08350501	0.02336292	-0.03016514	-0.10260776
3.699985	0.09648154	-0.03050391	0.08176063	0.02734523	-0.02963258	-0.09227853
3.716652	0.09694217	-0.03100415	0.08025821	0.03047590	-0.02726585	-0.07351458
3.733319	0.09751885	-0.03147428	0.07919791	0.03149801	-0.02363458	-0.05320585
3.749985	0.09819528	-0.03189477	0.07852758	0.02951369	-0.01818969	-0.03470111
3.766652	0.09874593	-0.03215494	0.07825816	0.02314338	-0.01110862	-0.01809411
3.783318	0.09905384	-0.03227187	0.07810371	0.01319980	-0.00287653	-0.00150554
3.799985	0.09917470	-0.03222320	0.07808767	0.00049859	0.00725557	0.01741334
3.816652	0.09904572	-0.03207066	0.07835395	-0.01316542	0.01982386	0.03891674
3.833318	0.09879532	-0.03172623	0.07917722	-0.02632070	0.03342654	0.06154167
3.849985	0.09820212	-0.03105431	0.08057401	-0.03626272	0.04482798	0.08060849
3.866651	0.09742192	-0.03004698	0.08229308	-0.04002516	0.05119872	0.09186569
3.883318	0.09650945	-0.02893692	0.08405765	-0.03678475	0.05107332	0.09325925
3.899985	0.09582979	-0.02801959	0.08561188	-0.02897378	0.04439668	0.08760089
3.916651	0.09552155	-0.02741753	0.08697509	-0.02096628	0.03418331	0.07900925
3.933318	0.09546407	-0.02702067	0.08812927	-0.01615885	0.02471613	0.06951118
3.949984	0.09533963	-0.02677479	0.08924832	-0.01718182	0.01757561	0.05828825
3.966651	0.09501455	-0.02650128	0.09023290	-0.02016396	0.01187366	0.04109839
3.983318	0.09449354	-0.02628157	0.09096140	-0.02044019	0.00592045	0.01579578
3.999984	0.09394460	-0.02619009	0.09118240	-0.01495609	-0.00124065	-0.01564476
4.016651	0.09374847	-0.02627361	0.09056377	-0.00490280	-0.00983630	-0.04679270
4.033318	0.09379208	-0.02656501	0.08929306	0.00729441	-0.01844453	-0.07282409
4.049984	0.09418967	-0.02695133	0.08758441	0.01857184	-0.02539585	-0.09070649
4.066650	0.09455828	-0.02746982	0.08594535	0.02695407	-0.02931892	-0.09950305
4.083317	0.09507393	-0.02803163	0.08427826	0.03095162	-0.03085347	-0.10017357
4.099984	0.09563714	-0.02858770	0.08259451	0.03104170	-0.03030961	-0.09434630
4.116651	0.09628168	-0.02907046	0.08090141	0.02878379	-0.02723504	-0.08257020
4.133317	0.09675418	-0.02952774	0.07946478	0.02398214	-0.02127708	-0.06430723
4.149983	0.09709676	-0.02987543	0.07850888	0.01723173	-0.01362377	-0.04195636
4.166650	0.09726419	-0.03009087	0.07812338	0.00893540	-0.00623308	-0.01766827
4.183317	0.09739005	-0.03003035	0.07814451	0.00124299	0.00028166	0.00587056
4.199983	0.09736313	-0.02990098	0.07841086	-0.00532111	0.00619664	0.02638358
4.216650	0.09717304	-0.02975685	0.07899200	-0.01190466	0.01125845	0.04354047
4.233316	0.09691041	-0.02961723	0.07988355	-0.01832112	0.01564871	0.05797197
4.249983	0.09656747	-0.02933842	0.08105668	-0.02327448	0.02016271	0.06954031
4.266650	0.09611126	-0.02892321	0.08238956	-0.02647463	0.02453027	0.07685878
4.283316	0.09562565	-0.02840045	0.08374427	-0.02848357	0.02760119	0.08005342
4.299983	0.09507701	-0.02790435	0.08513596	-0.02908443	0.02861231	0.08052336
4.316649	0.09462903	-0.02741590	0.08644000	-0.02908256	0.02787428	0.07983884
4.333316	0.09413742	-0.02699241	0.08776770	-0.02942127	0.02657698	0.07905605
4.349983	0.09371036	-0.02654546	0.08906450	-0.02992884	0.02607388	0.07773524
4.366649	0.09317438	-0.02614763	0.09036659	-0.02932799	0.02650282	0.07381931
4.383316	0.09262449	-0.02571059	0.09166765	-0.02632506	0.02644958	0.06394181
4.399982	0.09212460	-0.02524447	0.09278725	-0.02017558	0.02390061	0.04606791
4.416649	0.09181850	-0.02476252	0.09356318	-0.01027689	0.01789289	0.02009545
4.433316	0.09172724	-0.02443259	0.09371323	0.00147611	0.00828501	-0.01006730
4.449982	0.09188980	-0.02436912	0.09318702	0.01252578	-0.00372680	-0.03841360
4.466649	0.09224489	-0.02460125	0.09208863	0.02144189	-0.01598801	-0.06032912
4.483315	0.09273513	-0.02503526	0.09073336	0.02888967	-0.02515902	-0.07467117
4.499982	0.09324381	-0.02559617	0.08937933	0.03438777	-0.03012666	-0.08282494
4.516649	0.09383191	-0.02618624	0.08804152	0.03788721	-0.03212178	-0.08699623
4.533315	0.09454726	-0.02670154	0.08658122	0.03985134	-0.03319304	-0.08962384
4.549982	0.09526508	-0.02721114	0.08500070	0.04078427	-0.03484380	-0.09106088
4.566648	0.09598657	-0.02775120	0.08337364	0.03980150	-0.03721354	-0.08831529
4.583315	0.09660073	-0.02842301	0.08184752	0.03618683	-0.03967104	-0.07882351
4.599982	0.09721910	-0.02918294	0.08051205	0.02907254	-0.04106615	-0.06162772
4.616648	0.09772056	-0.02990665	0.07957255	0.01882505	-0.03891844	-0.03686804
4.633315	0.09803005	-0.03058358	0.07908051	0.00573921	-0.03112475	-0.00655318
4.649981	0.09798027	-0.03112640	0.07922439	-0.01023826	-0.01755122	0.02526591
4.666648	0.09766559	-0.03138538	0.07999771	-0.02688661	0.00029254	0.05329705
4.683315	0.09703895	-0.03125518	0.08130669	-0.04096528	0.01895745	0.07366057
4.699981	0.09618047	-0.03064909	0.08288892	-0.04865502	0.03424486	0.08397091
4.716648	0.09516159	-0.02977283	0.08444153	-0.04936748	0.04258270	0.08527190
4.733315	0.09418681	-0.02886850	0.08587470	-0.04364441	0.04236395	0.08028509
4.749981	0.09353754	-0.02811981	0.08710019	-0.03334729	0.03559477	0.07258161
4.766648	0.09311178	-0.02764650	0.08824446	-0.02186244	0.02656130	0.06363633
4.783314	0.09295453	-0.02736984	0.08924881	-0.01285979	0.01835596	0.05349822
4.799981	0.09286234	-0.02718651	0.09013780	-0.00701657	0.01224878	0.04175501
4.816648	0.09278497	-0.02701274	0.09074869	-0.00257419	0.00768970	0.02750572
4.833314	0.09271827	-0.02686575	0.09109624	0.00207719	0.00319813	0.01050029
4.849981	0.09272312	-0.02682005	0.09114069	0.00800725	-0.00216467	-0.00822041
4.866647	0.09291746	-0.02691083	0.09086555	0.01484367	-0.00824219	-0.02672787
4.883314	0.09327546	-0.02713196	0.09022695	0.02159965	-0.01330661	-0.04373434
4.899981	0.09372839	-0.02744233	0.08929341	0.02638205	-0.01663984	-0.05825126
4.916647	0.09424385	-0.02778535	0.08813687	0.02912053	-0.01929094	-0.07001298
4.933314	0.09474947	-0.02807670	0.08687700	0.03160921	-0.02205788	-0.07964442
4.949980	0.09523813	-0.02840836	0.08549371	0.03449569	-0.02548332	-0.08820353
4.966647	0.09579720	-0.02885187	0.08398854	0.03640204	-0.03041062	-0.09397470
4.983314	0.09647865	-0.02941690	0.08229814	0.03686529	-0.03554520	-0.09309489
4.999980	0.09721802	-0.03009134	0.08051704	0.03577921	-0.03747253	-0.08339524
5.016647	0.09780320	-0.03083744	0.07901260	0.03189938	-0.03498561	-0.06636337
5.033313	0.09828125	-0.03149048	0.07807388	0.02249980	-0.02906007	-0.04248025
5.049980	0.09863551	-0.03190090	0.07771355	0.00820819	-0.01989881	-0.01463393
5.066647	0.09881602	-0.03210174	0.07769355	-0.00744435	-0.00777121	0.01176843
5.083313	0.09850581	-0.03216082	0.07814273	-0.02247108	0.00516946	0.03334353
5.099980	0.09784125	-0.03200861	0.07891577	-0.03591612	0.01694071	0.05121952
5.116646	0.09701626	-0.03159145	0.08001466	-0.04546154	0.02724916	0.06617413
5.133313	0.09620334	-0.03096530	0.08122706	-0.04893550	0.03478847	0.07633530
5.149980	0.09536887	-0.03025757	0.08262684	-0.04784290	0.03752378	0.08132282
5.166646	0.09453119	-0.02954207	0.08411054	-0.04456564	0.03614869	0.08330140
5.183313	0.09378231	-0.02895287	0.08553608	-0.04111698	0.03238693	0.08387022
5.199979	0.09316394	-0.02850243	0.08686268	-0.03711108	0.02827507	0.08222009
5.216646	0.09264137	-0.02809433	0.08821519	-0.03272953	0.02551427	0.07892469
5.233313	0.09209297	-0.02774202	0.08955876	-0.02743684	0.02482121	0.07364575
5.249979	0.09163519	-0.02731219	0.09083255	-0.02008893	0.02490532	0.06427053
5.266646	0.09125185	-0.02688070	0.09190546	-0.00776499	0.02424371	0.04611474
5.283312	0.09118388	-0.02641774	0.09264638	0.00953723	0.02186581	0.01979810
5.299979	0.09140029	-0.02604734	0.09291904	0.02843309	0.01605949	-0.00954028
5.316646	0.09216429	-0.02579770	0.09233195	0.04406164	0.00659593	-0.03749490
5.333312	0.09319175	-0.02570136	0.09127381	0.05361500	-0.00441454	-0.06199899
5.349979	0.09435090	-0.02590738	0.08990464	0.05642299	-0.01431541	-0.07971185
5.366645	0.09526882	-0.02633244	0.08849658	0.05294285	-0.02215701	-0.08852339
5.383312	0.09607027	-0.02684371	0.08691805	0.04685652	-0.02783265	-0.09163547
5.399979	0.09673487	-0.02733387	0.08527578	0.04047466	-0.03131473	-0.09192242
5.416645	0.09736783	-0.02779913	0.08373488	0.03324783	-0.03385732	-0.08850692
5.433312	0.09796510	-0.02839172	0.08226302	0.02370900	-0.03596207	-0.07951869
5.449978	0.09837390	-0.02903848	0.08092421	0.01423637	-0.03705358	-0.06698401
5.466645	0.09845486	-0.02976396	0.07988118	0.00603898	-0.03575268	-0.05224081
5.483312	0.09830060	-0.03037623	0.07915946	-0.00067231	-0.03150940	-0.03503743
5.499978	0.09820592	-0.03086935	0.07875367	-0.00656570	-0.02583054	-0.01675002
5.516645	0.09817093	-0.03120610	0.07860065	-0.01275742	-0.02016173	0.00079181
5.533311	0.09807680	-0.03143571	0.07877563	-0.02033484	-0.01433786	0.01734696
5.549978	0.09765019	-0.03166570	0.07922294	-0.02854854	-0.00650095	0.03314441
5.566645	0.09694788	-0.03182431	0.07992408	-0.03483164	0.00389388	0.04733865
5.583311	0.09615870	-0.03175934	0.08085496	-0.03745750	0.01659799	0.05732030
5.599978	0.09551061	-0.03133294	0.08197305	-0.03685076	0.02919564	0.06239145
5.616644	0.09502517	-0.03060443	0.08318251	-0.03413035	0.03812065	0.06312884
5.633311	0.09454554	-0.02973854	0.08423828	-0.02967086	0.03982196	0.06001743
5.649978	0.09397168	-0.02898639	0.08518750	-0.02397405	0.03417116	0.05388408
5.666644	0.09349490	-0.02843062	0.08600807	-0.01701917	0.02466317	0.04723002
5.683311	0.09326508	-0.02821404	0.08674465	-0.00955194	0.01586941	0.04214494
5.699977	0.09330679	-0.02813075	0.08737508	-0.00384399	0.01014646	0.03785078
5.716644	0.09343608	-0.02809015	0.08795046	-0.00201841	0.00773453	0.03315060
5.733311	0.09344120	-0.02791380	0.08851917	-0.00408554	0.00740104	0.02808917
5.749977	0.09328556	-0.02772680	0.08897772	-0.00757396	0.00718000	0.02293581
5.766644	0.09303989	-0.02757395	0.08929113	-0.00941597	0.00610719	0.01742117
5.783310	0.09281403	-0.02753042	0.08950599	-0.00834427	0.00448629	0.01173080
5.799977	0.09270538	-0.02751198	0.08963355	-0.00498152	0.00402366	0.00622074
5.816644	0.09267607	-0.02748434	0.08973491	0.00019204	0.00518177	-0.00009026
5.833310	0.09272353	-0.02738086	0.08971728	0.00754058	0.00693561	-0.00868603
5.849977	0.09282491	-0.02721052	0.08956432	0.01757007	0.00722383	-0.01979162
5.866643	0.09312151	-0.02701794	0.08915913	0.02916873	0.00421255	-0.03227128
5.883310	0.09372260	-0.02690830	0.08846872	0.03926051	-0.00272248	-0.04435620
5.899977	0.09462328	-0.02697027	0.08756568	0.04516858	-0.01206939	-0.05502734
5.916643	0.09559685	-0.02729299	0.08651671	0.04496648	-0.02081732	-0.06304025
5.933310	0.09638274	-0.02781320	0.08541159	0.03927340	-0.02686625	-0.06792323
5.949976	0.09693233	-0.02841318	0.08421152	0.03051014	-0.02907820	-0.06984605
5.966643	0.09726148	-0.02891227	0.08299383	0.02171019	-0.02808821	-0.06935255
5.983310	0.09754705	-0.02934480	0.08180086	0.01437074	-0.02574622	-0.06641299
5.999976	0.09775121	-0.02968105	0.08070952	0.00835493	-0.02399403	-0.06099696
6.016643	0.09788077	-0.03006926	0.07972807	0.00347225	-0.02360084	-0.05339413
6.033309	0.09786520	-0.03045947	0.07889380	-0.00039675	-0.02318868	-0.04436120
6.049976	0.09775248	-0.03089473	0.07820488	-0.00380171	-0.02174817	-0.03359517
6.066643	0.09766104	-0.03129605	0.07773408	-0.00817067	-0.01928602	-0.02075148
6.083309	0.09758101	-0.03156998	0.07743115	-0.01414480	-0.01654082	-0.00625918
6.099976	0.09739326	-0.03177952	0.07746191	-0.02165956	-0.01375629	0.00868134
6.116642	0.09694923	-0.03195453	0.07774411	-0.03076599	-0.01199975	0.02300082
6.133309	0.09626930	-0.03215707	0.07832406	-0.03894997	-0.01010988	0.03612522
6.149976	0.09549940	-0.03234665	0.07904620	-0.04317111	-0.00514949	0.04728347
6.166642	0.09464268	-0.03250927	0.07991885	-0.04224839	0.00400223	0.05561754
6.183309	0.09394234	-0.03244682	0.08094053	-0.03825866	0.01568850	0.06115271
6.199975	0.09333569	-0.03204005	0.08207114	-0.03282612	0.02759382	0.06508328
6.216642	0.09292743	-0.03133794	0.08319259	-0.02597145	0.03716265	0.06669001
6.233309	0.09251060	-0.03054651	0.08431879	-0.01778099	0.04100320	0.06481554
6.249975	0.09220017	-0.02977730	0.08542703	-0.00886503	0.03786906	0.05928663
6.266642	0.09209148	-0.02913465	0.08645464	0.00000678	0.03137313	0.05185375
6.283309	0.09224226	-0.02869363	0.08726501	0.00789273	0.02591843	0.04353883
6.299975	0.09254086	-0.02846287	0.08782487	0.01244945	0.02220719	0.03467104
6.316642	0.09286661	-0.02817724	0.08830170	0.01282943	0.01909022	0.02593632
6.333308	0.09307272	-0.02778645	0.08868616	0.00992727	0.01588175	0.01806263
6.349975	0.09318500	-0.02740728	0.08897764	0.00541823	0.01157726	0.01110018
6.366642	0.09319958	-0.02724252	0.08908617	0.00135620	0.00586413	0.00498185
6.383308	0.09319483	-0.02729441	0.08903877	-0.00110865	-0.00010750	-0.00029251
6.399975	0.09312493	-0.02744927	0.08896134	-0.00106257	-0.00394282	-0.00490734
6.416641	0.09308346	-0.02753969	0.08887957	0.00234322	-0.00421456	-0.00918880
6.433308	0.09305833	-0.02761660	0.08875302	0.00910878	-0.00188049	-0.01387874
6.449975	0.09323865	-0.02760087	0.08850052	0.01787882	0.00071663	-0.02000344
6.466641	0.09363358	-0.02757200	0.08808094	0.02530887	0.00142563	-0.02745058
6.483308	0.09425301	-0.02747689	0.08757048	0.02961908	0.00030062	-0.03527298
6.499974	0.09490337	-0.02743730	0.08690312	0.03061657	-0.00295089	-0.04290691
6.516641	0.09537690	-0.02753221	0.08614288	0.02979883	-0.00791005	-0.05012652
6.533308	0.09577131	-0.02769137	0.08523579	0.02853561	-0.01354663	-0.05656846
6.549974	0.09615326	-0.02801779	0.08420654	0.02752337	-0.01755158	-0.06161271
6.566641	0.09668415	-0.02836439	0.08311333	0.02557828	-0.01981579	-0.06421242
6.583307	0.09722792	-0.02876974	0.08197287	0.02087601	-0.02075310	-0.06277974
6.599974	0.09761140	-0.02907950	0.08087355	0.01334594	-0.02082342	-0.05761036
6.616641	0.09772994	-0.02941043	0.07990804	0.00448285	-0.02069861	-0.05042774
6.633307	0.09760263	-0.02973397	0.07916947	-0.00190464	-0.02033679	-0.04177401
6.649974	0.09742979	-0.03011077	0.07860857	-0.00474701	-0.01948712	-0.03118766
6.666640	0.09728823	-0.03046529	0.07811778	-0.00566772	-0.01730061	-0.01843326
6.683307	0.09732071	-0.03075835	0.07781921	-0.00800739	-0.01470859	-0.00440931
6.699974	0.09727640	-0.03094811	0.07782081	-0.01315703	-0.01215796	0.01057931
6.716640	0.09707936	-0.03106707	0.07822113	-0.02017260	-0.00918596	0.02555179
6.733306	0.09655026	-0.03122687	0.07884668	-0.02659980	-0.00523309	0.03955559
6.749973	0.09592959	-0.03136349	0.07964247	-0.02987374	-0.00092570	0.05212715
6.766640	0.09533388	-0.03136737	0.08052800	-0.02922010	0.00471025	0.06291758
6.783307	0.09491026	-0.03119666	0.08166519	-0.02603936	0.01188419	0.07091562
6.799973	0.09456665	-0.03093886	0.08301309	-0.02292001	0.01888254	0.07583261
6.816639	0.09425870	-0.03053457	0.08446563	-0.02065473	0.02354074	0.07740294
6.833306	0.09388573	-0.03008157	0.08575720	-0.01928620	0.02558726	0.07429726
6.849973	0.09353794	-0.02956012	0.08695626	-0.01779385	0.02619660	0.06727160
6.866640	0.09324311	-0.02914732	0.08801504	-0.01501197	0.02590572	0.05848137
6.883306	0.09302340	-0.02876530	0.08894282	-0.01093291	0.02478532	0.04998950
6.899972	0.09286816	-0.02836863	0.08969758	-0.00556471	0.02358779	0.04026649
6.916639	0.09280992	-0.02795092	0.09026776	0.00148573	0.02286372	0.02794821
6.933306	0.09282850	-0.02756322	0.09074283	0.01013309	0.02146322	0.01337243
6.949973	0.09307021	-0.02720566	0.09087363	0.02031085	0.01884857	-0.00259546
6.966639	0.09348750	-0.02691362	0.09068191	0.03065446	0.01475232	-0.01998194
6.983305	0.09413031	-0.02667576	0.09014636	0.03878158	0.00874935	-0.03728092
6.999972	0.09493365	-0.02654395	0.08935212	0.04283796	0.00022930	-0.05275528
7.016639	0.09575448	-0.02656455	0.08833150	0.04275190	-0.01021792	-0.06598275
7.033306	0.09650171	-0.02681142	0.08711777	0.03936739	-0.02118585	-0.07642672
7.049972	0.09708464	-0.02731957	0.08570804	0.03331697	-0.03087691	-0.08223660
7.066638	0.09756683	-0.02798560	0.08420492	0.02578340	-0.03780397	-0.08180204
7.083305	0.09798625	-0.02873082	0.08268317	0.01798145	-0.04107173	-0.07595130
7.099972	0.09821395	-0.02944979	0.08145893	0.01152289	-0.04085535	-0.06591253
7.116639	0.09833268	-0.03012953	0.08050498	0.00638797	-0.03780444	-0.05202873
7.133305	0.09828195	-0.03075222	0.07978113	0.00213821	-0.03255386	-0.03544091
7.149971	0.09832399	-0.03128410	0.07925057	-0.00301720	-0.02691860	-0.01777187
7.166638	0.09831374	-0.03167559	0.07903958	-0.00979819	-0.02152842	0.00039790
7.183305	0.09822129	-0.03191580	0.07922882	-0.01818478	-0.01626001	0.01751918
7.199972	0.09778109	-0.03215281	0.07978418	-0.02667169	-0.00919718	0.03235755
7.216638	0.09716207	-0.03231404	0.08054016	-0.03248231	0.00064155	0.04415630
7.233305	0.09641452	-0.03238565	0.08135007	-0.03494307	0.01275811	0.05262337
7.249971	0.09584472	-0.03203601	0.08225071	-0.03476276	0.02556991	0.05792112
7.266638	0.09536342	-0.03139050	0.08328675	-0.03392848	0.03592566	0.06120334
7.283304	0.09488411	-0.03053850	0.08441215	-0.03243009	0.04073736	0.06297573
7.299971	0.09428994	-0.02973450	0.08550735	-0.03024754	0.03857335	0.06260823
7.316638	0.09365162	-0.02912376	0.08653732	-0.02623297	0.03232724	0.05965890
7.333304	0.09322514	-0.02868567	0.08750069	-0.02050367	0.02543754	0.05513567
7.349971	0.09298805	-0.02842161	0.08840459	-0.01440147	0.02106660	0.04950357
7.366637	0.09292983	-0.02813911	0.08919194	-0.01013279	0.01980673	0.04216859
7.383304	0.09283487	-0.02783418	0.08988226	-0.00727064	0.02130347	0.03291940
7.399971	0.09266511	-0.02743202	0.09036674	-0.00404501	0.02332829	0.02200754
7.416637	0.09248997	-0.02700705	0.09064779	0.00197057	0.02332787	0.00922821
7.433304	0.09252407	-0.02653612	0.09069675	0.01241030	0.02075591	-0.00496129
7.449970	0.09279302	-0.02618550	0.09051808	0.02564176	0.01589138	-0.02002035
7.466637	0.09340959	-0.02596724	0.09005582	0.03676776	0.00946114	-0.03475605
7.483304	0.09422386	-0.02590139	0.08934423	0.04213328	0.00183389	-0.04873828
7.499970	0.09515086	-0.02593359	0.08834022	0.04163383	-0.00644457	-0.06137999
7.516637	0.09584515	-0.02606580	0.08723294	0.03722690	-0.01570317	-0.07202621
7.533303	0.09634040	-0.02637084	0.08589695	0.03123940	-0.02520252	-0.07874352
7.549970	0.09669459	-0.02687976	0.08450676	0.02496096	-0.03424698	-0.08008702
7.566637	0.09709571	-0.02761213	0.08299614	0.01930140	-0.04133477	-0.07630204
7.583303	0.09747475	-0.02840788	0.08170745	0.01308893	-0.04533073	-0.06774896
7.599970	0.09769127	-0.02924600	0.08065927	0.00603853	-0.04509512	-0.05451638
7.616636	0.09769807	-0.02999468	0.07988653	-0.00220002	-0.04093378	-0.03737867
7.633303	0.09749585	-0.03069913	0.07935281	-0.01050488	-0.03427036	-0.01846198
7.649970	0.09727309	-0.03120388	0.07916794	-0.01764960	-0.02585302	0.00144449
7.666636	0.09692931	-0.03156694	0.07935919	-0.02367592	-0.01616883	0.02096687
7.683303	0.09651356	-0.03174871	0.07995654	-0.02899599	-0.00550937	0.03890109
7.699969	0.09596360	-0.03176511	0.08081955	-0.03350562	0.00489734	0.05337520
7.716636	0.09530561	-0.03159907	0.08186840	-0.03699284	0.01509068	0.06372265
7.733303	0.09465364	-0.03122496	0.08304418	-0.03952847	0.02551985	0.07017581
7.749969	0.09399215	-0.03073419	0.08426829	-0.04080353	0.03550675	0.07381175
7.766636	0.09331305	-0.03006432	0.08556286	-0.04044161	0.04269586	0.07506076
7.783302	0.09261172	-0.02921453	0.08682855	-0.03746685	0.04559915	0.07334500
7.799969	0.09190419	-0.02830675	0.08809124	-0.03170548	0.04373436	0.06818840
7.816636	0.09138458	-0.02751571	0.08924924	-0.02341209	0.03816910	0.05981801
7.833302	0.09109220	-0.02696943	0.09019439	-0.01296846	0.03119664	0.04892715
7.849969	0.09099813	-0.02663772	0.09091385	-0.00141714	0.02515662	0.03544743
7.866635	0.09108190	-0.02631859	0.09137522	0.01014807	0.02114942	0.02048251
7.883302	0.09130307	-0.02598270	0.09163090	0.02112613	0.01822898	0.00474462
7.899969	0.09175161	-0.02559891	0.09157538	0.03096429	0.01432909	-0.01070366
7.916636	0.09240045	-0.02533587	0.09126107	0.03882282	0.00775382	-0.02606879
7.933302	0.09317806	-0.02525845	0.09064168	0.04337787	-0.00069504	-0.04147021
7.949968	0.09400607	-0.02537452	0.08986617	0.04359389	-0.00924260	-0.05556919
7.966635	0.09475934	-0.02568191	0.08879936	0.04043938	-0.01584010	-0.06689877
7.983302	0.09541190	-0.02601779	0.08753209	0.03525428	-0.02084325	-0.07497720
7.999968	0.09591462	-0.02641155	0.08611605	0.03003870	-0.02433078	-0.08048119
8.016635	0.09634929	-0.02677873	0.08472376	0.02536531	-0.02674325	-0.08168726
8.033301	0.09670439	-0.02728732	0.08336698	0.02065998	-0.02854670	-0.07764397
8.049968	0.09707801	-0.02779447	0.08200159	0.01581891	-0.02983027	-0.06955316
8.066635	0.09732103	-0.02834431	0.08085261	0.01087692	-0.03110191	-0.06048398
8.083302	0.09744594	-0.02882919	0.07996142	0.00672924	-0.03169910	-0.04972329
8.099968	0.09745388	-0.02932882	0.07932642	0.00218512	-0.03195122	-0.03530427
8.116634	0.09742773	-0.02990482	0.07873553	-0.00366466	-0.03142014	-0.01797065
8.133301	0.09746527	-0.03044817	0.07843825	-0.01197604	-0.02980274	0.00077464
8.149968	0.09726160	-0.03099374	0.07860930	-0.02243491	-0.02563722	0.02004918
8.166635	0.09683224	-0.03138249	0.07925048	-0.03294127	-0.01819104	0.03909965
8.183301	0.09601939	-0.03167416	0.08018076	-0.04016795	-0.00708827	0.05455620
8.199967	0.09512602	-0.03174322	0.08120788	-0.04289830	0.00721213	0.06416596
8.216634	0.09436032	-0.03154397	0.08238687	-0.04137287	0.02274025	0.06856685
8.233301	0.09379064	-0.03099680	0.08360238	-0.03602340	0.03646748	0.07036964
8.249968	0.09327003	-0.03014791	0.08481407	-0.02790712	0.04493824	0.06924068
8.266634	0.09279005	-0.02917000	0.08596297	-0.01762159	0.04619893	0.06400938
8.283300	0.09242924	-0.02830907	0.08706898	-0.00676493	0.04093149	0.05502518
8.299967	0.09246296	-0.02767758	0.08795718	0.00350872	0.03204528	0.04354204
8.316633	0.09276771	-0.02733529	0.08859945	0.01101882	0.02307976	0.02989412
8.333301	0.09314632	-0.02708558	0.08891554	0.01456967	0.01564442	0.01410475
8.349967	0.09342577	-0.02690082	0.08905745	0.01477937	0.01002033	-0.00252803
8.366633	0.09352776	-0.02669511	0.08890175	0.01431527	0.00563736	-0.01849908
8.383300	0.09370779	-0.02663773	0.08845247	0.01538644	0.00153341	-0.03358817
8.399966	0.09396586	-0.02667226	0.08769683	0.01851596	-0.00272077	-0.04742254
8.416634	0.09436928	-0.02679966	0.08675984	0.02131813	-0.00778273	-0.05877041
8.433300	0.09481344	-0.02693547	0.08565265	0.02181669	-0.01321031	-0.06741320
8.449966	0.09521781	-0.02713271	0.08446878	0.01963605	-0.01906565	-0.07284518
8.466633	0.09551276	-0.02750860	0.08316636	0.01469722	-0.02512930	-0.07413790
8.483299	0.09572483	-0.02801422	0.08183781	0.00773429	-0.03155684	-0.07117087
8.499967	0.09581002	-0.02864156	0.08058982	0.00066478	-0.03685620	-0.06501745
8.516633	0.09577060	-0.02928601	0.07958043	-0.00431193	-0.03917835	-0.05615465
8.533299	0.09554721	-0.03000879	0.07876944	-0.00732514	-0.03761496	-0.04468857
8.549966	0.09534371	-0.03069637	0.07810619	-0.00959143	-0.03287813	-0.03086047
8.566632	0.09522522	-0.03125456	0.07761077	-0.01141281	-0.02602844	-0.01535679
8.583300	0.09511201	-0.03158413	0.07743298	-0.01347838	-0.01779536	0.00169725
8.599966	0.09488124	-0.03176381	0.07764196	-0.01708555	-0.00976071	0.01985465
8.616632	0.09452654	-0.03183300	0.07818997	-0.02093618	-0.00240150	0.03728826
8.633299	0.09408429	-0.03183943	0.07899427	-0.02335688	0.00499303	0.05242529
8.649965	0.09363217	-0.03175221	0.08001219	-0.02386084	0.01358632	0.06412498
8.666633	0.09325098	-0.03148425	0.08118441	-0.02293935	0.02308141	0.07195628
8.683299	0.09289840	-0.03100364	0.08253592	-0.02190103	0.03228049	0.07693578
8.699965	0.09256928	-0.03030794	0.08388122	-0.02099198	0.03918203	0.07941174
8.716632	0.09222541	-0.02952902	0.08521440	-0.01948707	0.04195794	0.07893318
8.733298	0.09184148	-0.02874543	0.08654197	-0.01586362	0.04014846	0.07492758
8.749966	0.09156229	-0.02806932	0.08780738	-0.00984259	0.03549073	0.06779802
8.766632	0.09139351	-0.02754401	0.08897377	-0.00244332	0.03086852	0.05767071
8.783298	0.09149164	-0.02715066	0.08984409	0.00516901	0.02824669	0.04495769
8.799965	0.09169977	-0.02677382	0.09046910	0.01187966	0.02775999	0.03055067
8.816631	0.09196588	-0.02630827	0.09082958	0.01644119	0.02719556	0.01676369
8.833299	0.09227479	-0.02574851	0.09097007	0.01931917	0.02451321	0.00422237
8.849965	0.09260833	-0.02524001	0.09091353	0.02343828	0.01949433	-0.00918727
8.866632	0.09297883	-0.02497398	0.09072316	0.02984826	0.01299560	-0.02412888
8.883298	0.09346038	-0.02492522	0.09027449	0.03739238	0.00583804	-0.03909224
8.899964	0.09416638	-0.02494830	0.08945860	0.04433735	-0.00062733	-0.05266244
8.916632	0.09507741	-0.02495944	0.08831912	0.04917988	-0.00597189	-0.06477866
8.933298	0.09602157	-0.02504085	0.08708338	0.05046928	-0.01185320	-0.07492375
8.949965	0.09689691	-0.02525423	0.08581843	0.04623827	-0.01982478	-0.08074863
8.966631	0.09763969	-0.02565468	0.08444353	0.03710765	-0.02909412	-0.08118618
8.983297	0.09825503	-0.02624358	0.08291761	0.02529575	-0.03763877	-0.07740872
8.999965	0.09856589	-0.02699915	0.08154366	0.01320673	-0.04412942	-0.06986944
9.016631	0.09864411	-0.02783165	0.08044717	0.00190035	-0.04664817	-0.05743448
9.033298	0.09847775	-0.02867844	0.07966327	-0.00794324	-0.04496791	-0.03935584
9.049964	0.09827933	-0.02948138	0.07908776	-0.01637342	-0.04012313	-0.01804646
9.066630	0.09796930	-0.03007995	0.07884656	-0.02484957	-0.03267847	0.00438856
9.083298	0.09756201	-0.03056845	0.07914509	-0.03425932	-0.02312794	0.02648990
9.099964	0.09692038	-0.03087692	0.07987145	-0.04313631	-0.01203439	0.04669938
9.116631	0.09604324	-0.03102116	0.08096080	-0.04829884	0.00025495	0.06274513
9.133297	0.09502473	-0.03094967	0.08215041	-0.04922972	0.01369041	0.07289752
9.149963	0.09412842	-0.03058382	0.08345415	-0.04684500	0.02650439	0.07765116
9.166631	0.09346452	-0.02999652	0.08483990	-0.04177837	0.03632999	0.07842091
9.183297	0.09290531	-0.02918708	0.08618045	-0.03457012	0.04099657	0.07664305
9.199964	0.09232563	-0.02837523	0.08748274	-0.02594362	0.04045432	0.07192842
9.216630	0.09183842	-0.02767563	0.08862131	-0.01605722	0.03589582	0.06374466
9.233296	0.09159446	-0.02716370	0.08967471	-0.00474865	0.03008304	0.05280371
9.249964	0.09171002	-0.02677967	0.09051577	0.00615644	0.02583835	0.04109075
9.266630	0.09201579	-0.02645645	0.09105629	0.01375599	0.02329115	0.02870899
9.283297	0.09240860	-0.02605859	0.09137966	0.01648470	0.02137359	0.01503701
9.299963	0.09269559	-0.02564448	0.09155127	0.01630503	0.01824997	0.00029456
9.316629	0.09290866	-0.02529808	0.09149653	0.01721765	0.01393120	-0.01472360
9.333297	0.09307066	-0.02510993	0.09117254	0.02172624	0.00929166	-0.02981056
9.349963	0.09339757	-0.02511361	0.09043944	0.03003863	0.00604246	-0.04400543
9.366630	0.09398607	-0.02508614	0.08954287	0.03906977	0.00339021	-0.05703126
9.383296	0.09483191	-0.02503835	0.08844241	0.04574608	0.00037061	-0.06847622
9.399962	0.09579749	-0.02488246	0.08730392	0.04764017	-0.00449026	-0.07793808
9.416630	0.09663077	-0.02497255	0.08590445	0.04339340	-0.01236192	-0.08375764
9.433296	0.09733408	-0.02523888	0.08435433	0.03372373	-0.02321841	-0.08448422
9.449963	0.09782773	-0.02578750	0.08273906	0.02116745	-0.03483346	-0.07932468
9.466629	0.09807907	-0.02647180	0.08142595	0.00782988	-0.04502752	-0.06698706
9.483295	0.09808972	-0.02733891	0.08040419	-0.00496281	-0.05156295	-0.04711394
9.499962	0.09784158	-0.02828205	0.07977852	-0.01656178	-0.05244958	-0.02159474
9.516629	0.09744056	-0.02933375	0.07951548	-0.02663519	-0.04684389	0.00500893
9.533296	0.09692621	-0.03013442	0.07987257	-0.03382059	-0.03539015	0.02974582
9.549962	0.09626577	-0.03069219	0.08072843	-0.03751803	-0.01902892	0.05080247
9.566628	0.09554106	-0.03076591	0.08188922	-0.03870127	-0.00023038	0.06603741
9.583295	0.09484430	-0.03062312	0.08314855	-0.03873166	0.01766543	0.07339738
9.599962	0.09425294	-0.03009993	0.08445279	-0.03830318	0.03198063	0.07453684
9.616629	0.09369861	-0.02942937	0.08573624	-0.03633260	0.04087357	0.07172886
9.633295	0.09305765	-0.02854859	0.08692797	-0.03116993	0.04384461	0.06565735
9.649961	0.09241030	-0.02772451	0.08799749	-0.02262266	0.04063943	0.05669691
9.666628	0.09200279	-0.02701368	0.08890315	-0.01185239	0.03457144	0.04663311
9.683295	0.09198733	-0.02656110	0.08956515	-0.00166819	0.02783146	0.03639239
9.699962	0.09224913	-0.02627729	0.09003995	0.00525357	0.02196237	0.02622663
9.716628	0.09251618	-0.02596087	0.09038894	0.00823851	0.01675726	0.01685496
9.733294	0.09259167	-0.02565593	0.09060482	0.00965383	0.01245843	0.00802442
9.749961	0.09259954	-0.02540297	0.09068541	0.01221285	0.00851966	-0.00114877
9.766628	0.09272223	-0.02535614	0.09060473	0.01772094	0.00505642	-0.01080610
9.783295	0.09315106	-0.02539332	0.09033058	0.02606976	0.00351456	-0.02114502
9.799961	0.09372333	-0.02540737	0.08989361	0.03470535	0.00398014	-0.03215933
9.816628	0.09440749	-0.02531838	0.08928107	0.04147502	0.00479935	-0.04357333
9.833294	0.09513744	-0.02510609	0.08846748	0.04541341	0.00336540	-0.05471475
9.849961	0.09592169	-0.02498325	0.08745302	0.04740809	-0.00114573	-0.06572891
9.866628	0.09679151	-0.02502267	0.08622580	0.04598871	-0.00876855	-0.07487256
9.883294	0.09758982	-0.02529878	0.08488952	0.03858235	-0.01916259	-0.07947052
9.899961	0.09834342	-0.02570206	0.08338560	0.02401488	-0.03105316	-0.07862748
9.916627	0.09870616	-0.02625661	0.08200391	0.00485705	-0.04173416	-0.07339909
9.933294	0.09859912	-0.02706262	0.08081595	-0.01475198	-0.04864387	-0.06259642
9.949961	0.09799616	-0.02808574	0.07988690	-0.03101983	-0.05081163	-0.04533812
9.966627	0.09718124	-0.02909229	0.07914848	-0.04108542	-0.04700920	-0.02382735
9.983294	0.09638162	-0.02988472	0.07886203	-0.04445444	-0.03756321	-0.00077449
9.999960	0.09566059	-0.03038300	0.07908656	-0.04211364	-0.02445626	0.02221400
10.016627	0.09497575	-0.03062108	0.07980841	-0.03725473	-0.01007719	0.04355418
10.033294	0.09436034	-0.03068807	0.08076348	-0.03347921	0.00378329	0.05999545
10.049960	0.09386687	-0.03052823	0.08192369	-0.03154264	0.01667163	0.07066166
10.066627	0.09346736	-0.03013800	0.08321842	-0.03080317	0.02733486	0.07681769
10.083293	0.09295040	-0.02952817	0.08457760	-0.03010334	0.03501412	0.07998741
10.099960	0.09239811	-0.02875748	0.08597001	-0.02854131	0.03918185	0.07924756
10.116627	0.09180232	-0.02807727	0.08731383	-0.02537160	0.04042933	0.07469766
10.133293	0.09143058	-0.02739716	0.08859900	-0.02063823	0.03822114	0.06755539
10.149960	0.09118801	-0.02682251	0.08964946	-0.01547857	0.03400677	0.05911285
10.166626	0.09104028	-0.02619474	0.09052447	-0.01118132	0.02952093	0.04961302
10.183293	0.09087968	-0.02577531	0.09124272	-0.00840682	0.02512850	0.03961657
10.199960	0.09071977	-0.02540450	0.09186464	-0.00648859	0.01967061	0.03001128
10.216626	0.09061249	-0.02515262	0.09230415	-0.00416575	0.01319955	0.02110136
10.233293	0.09058347	-0.02490426	0.09255559	-0.00106052	0.00764803	0.01220820
10.249959	0.09057132	-0.02485639	0.09263615	0.00203707	0.00305126	0.00341793
10.266626	0.09067168	-0.02489423	0.09265117	0.00456443	-0.00096303	-0.00405809
10.283293	0.09075129	-0.02498626	0.09249795	0.00662315	-0.00399362	-0.00908896
10.299959	0.09090702	-0.02504376	0.09227636	0.00816158	-0.00564532	-0.01256814
10.316626	0.09103666	-0.02514688	0.09196779	0.00945103	-0.00772982	-0.01532900
10.333292	0.09120899	-0.02524790	0.09175193	0.01176589	-0.00990017	-0.01721434
10.349959	0.09139023	-0.02544839	0.09146410	0.01461434	-0.01053291	-0.01800515
10.366626	0.09163021	-0.02571799	0.09115472	0.01655600	-0.00928849	-0.01862478
10.383292	0.09200019	-0.02592373	0.09077718	0.01672707	-0.00697765	-0.01960446
10.399959	0.09235638	-0.02597458	0.09047238	0.01618250	-0.00360391	-0.01993605
10.416625	0.09260622	-0.02593686	0.09013821	0.01538242	-0.00030321	-0.01984895
10.433292	0.09275989	-0.02589658	0.08982410	0.01514828	0.00172253	-0.02110154
10.449959	0.09295165	-0.02587283	0.08947831	0.01630328	0.00186261	-0.02449385
10.466625	0.09325835	-0.02585209	0.08911178	0.01994294	0.00123631	-0.02886724
10.483292	0.09366139	-0.02580553	0.08856862	0.02474061	-0.00001378	-0.03335806
10.499958	0.09407859	-0.02581977	0.08793189	0.02865214	-0.00254883	-0.03796123
10.516625	0.09464033	-0.02582792	0.08721302	0.03041328	-0.00662049	-0.04237822
10.533292	0.09517311	-0.02597784	0.08652744	0.03032205	-0.01117659	-0.04597149
10.549958	0.09575836	-0.02620977	0.08574191	0.02852611	-0.01518962	-0.04885891
10.566625	0.09617927	-0.02656428	0.08489566	0.02580385	-0.01776817	-0.05160956
10.583291	0.09656920	-0.02690938	0.08396117	0.02285948	-0.01847379	-0.05380891
10.599958	0.09687794	-0.02723227	0.08304829	0.01956322	-0.01791612	-0.05356814
10.616625	0.09722673	-0.02748726	0.08211075	0.01504189	-0.01776991	-0.05078239
10.633291	0.09750237	-0.02774834	0.08125228	0.00948191	-0.01949234	-0.04605610
10.649958	0.09766573	-0.02802206	0.08052485	0.00453567	-0.02285189	-0.03986077
10.666624	0.09756595	-0.02845833	0.07992286	0.00074696	-0.02587846	-0.03121768
10.683291	0.09747452	-0.02897097	0.07945646	-0.00310445	-0.02764008	-0.01968973
10.699958	0.09741154	-0.02955072	0.07912622	-0.00845663	-0.02708984	-0.00388084
10.716624	0.09743963	-0.02996266	0.07911637	-0.01465520	-0.02271980	0.01585903
10.733291	0.09717676	-0.03034946	0.07949115	-0.02087575	-0.01504590	0.03686000
10.749957	0.09662358	-0.03054698	0.08040968	-0.02606894	-0.00505020	0.05574469
10.766624	0.09597427	-0.03057929	0.08164477	-0.03018920	0.00732159	0.07042064
10.783291	0.09545719	-0.03038233	0.08302715	-0.03398291	0.02221174	0.08013273
10.799957	0.09507567	-0.02990758	0.08439469	-0.03854964	0.03625827	0.08403063
10.816624	0.09451789	-0.02912666	0.08581319	-0.04232759	0.04616391	0.08390795
10.833290	0.09360703	-0.02809180	0.08729094	-0.04233843	0.05015118	0.08151367
10.849957	0.09259315	-0.02710017	0.08865733	-0.03725640	0.04846431	0.07742678
10.866624	0.09188216	-0.02632311	0.08993145	-0.02775107	0.04304909	0.07065306
10.883290	0.09172676	-0.02575817	0.09102358	-0.01707915	0.03745959	0.06194996
10.899957	0.09176969	-0.02529648	0.09201969	-0.00964090	0.03380841	0.05274004
10.916623	0.09175856	-0.02475800	0.09280807	-0.00757638	0.03078848	0.04197570
10.933290	0.09151631	-0.02415054	0.09344112	-0.00491945	0.02487840	0.02459331
10.949957	0.09123219	-0.02362861	0.09388161	0.00361884	0.01562550	0.00062481
10.966623	0.09112834	-0.02339127	0.09390426	0.01591011	0.00344374	-0.02446103
10.983290	0.09168420	-0.02360466	0.09307597	0.02740133	-0.00953972	-0.04594441
10.999956	0.09254076	-0.02391975	0.09182344	0.03639549	-0.02006753	-0.06238377
11.016623	0.09337279	-0.02443234	0.09043740	0.04245365	-0.02452199	-0.07188644
11.033290	0.09387852	-0.02486897	0.08936764	0.04384058	-0.02421338	-0.07312588
11.049956	0.09446479	-0.02534490	0.08820916	0.04410642	-0.02211407	-0.07029111
11.066623	0.09531154	-0.02561340	0.08699961	0.04624277	-0.02037871	-0.06792025
11.083289	0.09618727	-0.02589421	0.08582357	0.04914542	-0.01957317	-0.06662723
11.099956	0.09711292	-0.02614783	0.08472444	0.04725088	-0.02053624	-0.06312500
11.116623	0.09785150	-0.02657581	0.08374464	0.04036763	-0.02410412	-0.05773426
11.133289	0.09856767	-0.02694800	0.08277768	0.03121340	-0.02796988	-0.05156903
11.149956	0.09895727	-0.02749440	0.08195855	0.02165092	-0.03029798	-0.04600245
11.166622	0.09920381	-0.02803997	0.08126349	0.01128008	-0.03100080	-0.04007985
11.183289	0.09927847	-0.02862794	0.08068213	-0.00179966	-0.03174717	-0.03048663
11.199956	0.09926725	-0.02910613	0.08013797	-0.01574128	-0.03155934	-0.01657496
11.216622	0.09896917	-0.02957747	0.07979707	-0.02903350	-0.03032165	0.00027463
11.233289	0.09823235	-0.03013219	0.07996961	-0.04000892	-0.02798487	0.01844537
11.249955	0.09732373	-0.03063343	0.08056965	-0.04748140	-0.02505229	0.03637109
11.266622	0.09638304	-0.03105805	0.08145799	-0.04819547	-0.01845750	0.05149053
11.283289	0.09559692	-0.03131188	0.08242653	-0.04312644	-0.00643095	0.06214521
11.299955	0.09489752	-0.03145033	0.08349656	-0.03798757	0.00863947	0.06985246
11.316622	0.09441492	-0.03120034	0.08473928	-0.03554876	0.02340497	0.07584289
11.333288	0.09396577	-0.03055734	0.08607510	-0.03372955	0.03576717	0.07923680
11.349955	0.09335323	-0.02969864	0.08753917	-0.02924495	0.04397597	0.07783649
11.366622	0.09268718	-0.02883466	0.08891101	-0.03071462	0.04841623	0.07783925
11.383288	0.09222739	-0.02807475	0.09010849	-0.02262922	0.04642095	0.07051354
11.399955	0.09211545	-0.02735715	0.09109645	-0.01454381	0.04442567	0.06318783
