Time	thumb tip right X	thumb tip right Y	thumb tip right Z	thumb tip right v(X)	thumb tip right v(Y)	thumb tip right v(Z)
0.00000000	0.00000000	0.00000000	0.00000000	0.00000000	0.00000000	0.00000000
0.01666660	0.01666660	0.01666660	0.01666660	0.01666660	0.01666660	0.01666660
0.000000	0.07843202	-0.06157376	0.08769211	0.03689595	-0.04914516	-0.06193596
0.016667	0.07898393	-0.06234634	0.08663454	0.03358877	-0.04364330	-0.04863670
0.033333	0.07961556	-0.06312042	0.08578831	0.03028159	-0.03814143	-0.03533743
0.050000	0.08018783	-0.06382089	0.08525243	0.02311805	-0.02975271	-0.02679437
0.066666	0.08053887	-0.06428122	0.08498706	0.01058885	-0.01683283	-0.00951190
0.083333	0.08067516	-0.06444809	0.08489580	-0.00793397	-0.00138298	0.00783927
0.100000	0.08045182	-0.06431911	0.08514010	-0.02677221	0.01327364	0.02433422
0.116666	0.07976909	-0.06388898	0.08571807	-0.03984665	0.02426064	0.03909704
0.133333	0.07870568	-0.06330312	0.08660770	-0.04507903	0.03060927	0.05068059
0.149999	0.07770430	-0.06268100	0.08763728	-0.04245470	0.03296063	0.05656917
0.166666	0.07707647	-0.06212702	0.08867025	-0.03356396	0.03201611	0.05579722
0.183333	0.07674754	-0.06164821	0.08966039	-0.02252856	0.02939912	0.04973063
0.199999	0.07656164	-0.06115462	0.09045061	-0.01420854	0.02676820	0.04143240
0.216666	0.07637663	-0.06074795	0.09103416	-0.00990983	0.02466694	0.03272230
0.233332	0.07621671	-0.06034122	0.09143323	-0.00819418	0.02228644	0.02478327
0.249999	0.07609596	-0.05999583	0.09176454	-0.00684562	0.01934840	0.01667298
0.266666	0.07600852	-0.05967456	0.09203320	-0.00413531	0.01623056	0.00715534
0.283332	0.07592241	-0.05942748	0.09220212	-0.00101850	0.01176332	-0.00370832
0.299999	0.07590333	-0.05926019	0.09202683	0.00203685	0.00570812	-0.01556209
0.316665	0.07601313	-0.05915881	0.09159692	0.00583074	-0.00258020	-0.02929465
0.333332	0.07613236	-0.05926222	0.09095231	0.01057607	-0.01210985	-0.04330198
0.349999	0.07633001	-0.05951353	0.09020878	0.01500516	-0.02303912	-0.05388200
0.366665	0.07659406	-0.06005558	0.08914398	0.01869183	-0.03380201	-0.05953087
0.383332	0.07698841	-0.06068313	0.08795545	0.02251333	-0.04197678	-0.06102784
0.399998	0.07741278	-0.06156738	0.08681642	0.02637718	-0.04511109	-0.05817635
0.416665	0.07784843	-0.06241584	0.08592903	0.02911479	-0.04274501	-0.04966537
0.433332	0.07836325	-0.06322420	0.08518436	0.02993045	-0.03700981	-0.03731486
0.449998	0.07892644	-0.06372045	0.08461841	0.02789270	-0.02936627	-0.02429141
0.466665	0.07945436	-0.06404733	0.08430506	0.02107681	-0.02061573	-0.01162303
0.483331	0.07985342	-0.06431546	0.08427420	0.00975583	-0.01034853	0.00174724
0.499998	0.07993206	-0.06452732	0.08442093	-0.00405052	0.00031240	0.01647155
0.516665	0.07967446	-0.06451079	0.08477384	-0.01835395	0.01173453	0.03222676
0.533331	0.07917281	-0.06414343	0.08535317	-0.03158620	0.02329679	0.04629452
0.549998	0.07851800	-0.06355436	0.08633541	-0.04145353	0.03402701	0.05641431
0.566664	0.07776303	-0.06285130	0.08756889	-0.04541732	0.04070893	0.06092510
0.583331	0.07685219	-0.06213871	0.08873509	-0.04180974	0.04288881	0.05954808
0.599998	0.07600512	-0.06133106	0.08971150	-0.03164394	0.04173242	0.05163527
0.616664	0.07547202	-0.06065637	0.09040719	-0.01785755	0.03878645	0.04021031
0.633331	0.07542393	-0.05998425	0.09103812	-0.00478247	0.03453660	0.02987159
0.649997	0.07567796	-0.05951946	0.09138045	0.00362450	0.02900648	0.02275018
0.666664	0.07594293	-0.05904431	0.09164581	0.00533710	0.02249347	0.01737330
0.683331	0.07599653	-0.05870382	0.09185496	0.00209783	0.01640654	0.01251580
0.699997	0.07591414	-0.05847308	0.09210337	-0.00212525	0.01089920	0.00787891
0.716664	0.07574300	-0.05841124	0.09225465	-0.00427635	0.00508452	0.00208021
0.733330	0.07567812	-0.05834584	0.09225263	-0.00339200	-0.00113555	-0.00610503
0.749997	0.07563779	-0.05840744	0.09205477	0.00033040	-0.00745557	-0.01794059
0.766663	0.07566774	-0.05850283	0.09172747	0.00593132	-0.01364229	-0.03230995
0.783330	0.07575279	-0.05886646	0.09112107	0.01175848	-0.02029908	-0.04680131
0.799997	0.07600918	-0.05925942	0.09018237	0.01705486	-0.02729109	-0.05835412
0.816663	0.07641034	-0.05978225	0.08893874	0.02261756	-0.03497531	-0.06585301
0.833330	0.07685647	-0.06036383	0.08764393	0.02948103	-0.04098279	-0.06708206
0.849997	0.07729941	-0.06110504	0.08652776	0.03641531	-0.04390122	-0.06076774
0.866663	0.07791838	-0.06204931	0.08551505	0.04093697	-0.04262636	-0.04854900
0.883330	0.07875390	-0.06282331	0.08480587	0.04118202	-0.03760193	-0.03450710
0.899996	0.07966963	-0.06342433	0.08434251	0.03571368	-0.02885221	-0.02010663
0.916663	0.08030355	-0.06372165	0.08420847	0.02412977	-0.01731060	-0.00429923
0.933329	0.08056260	-0.06391454	0.08423122	0.00893649	-0.00560286	0.01221937
0.949996	0.08044901	-0.06397659	0.08449429	-0.00611598	0.00528125	0.02801970
0.966663	0.08014984	-0.06377083	0.08512681	-0.01824975	0.01571595	0.04204875
0.983329	0.07976276	-0.06342826	0.08603942	-0.02797190	0.02576950	0.05409636
0.999996	0.07925999	-0.06285159	0.08713481	-0.03605861	0.03275680	0.06252825
1.016662	0.07862956	-0.06218505	0.08825336	-0.04221170	0.03542265	0.06571607
1.033329	0.07776953	-0.06149177	0.08938795	-0.04504878	0.03386524	0.06354623
1.049996	0.07687738	-0.06091013	0.09051476	-0.04371136	0.02987671	0.05718258
1.066662	0.07609042	-0.06049568	0.09146062	-0.03778831	0.02559229	0.04802739
1.083329	0.07553771	-0.06020598	0.09218944	-0.02807200	0.02190381	0.03687997
1.099995	0.07518850	-0.05986373	0.09265016	-0.01766372	0.01949698	0.02569973
1.116662	0.07500946	-0.05953282	0.09294417	-0.00898890	0.01830222	0.01645948
1.133329	0.07497998	-0.05918615	0.09310400	-0.00322231	0.01724356	0.00960026
1.149995	0.07500137	-0.05894030	0.09320252	0.00068456	0.01556770	0.00446213
1.166662	0.07505620	-0.05870635	0.09325177	0.00334186	0.01295132	-0.00078082
1.183328	0.07508097	-0.05850470	0.09323123	0.00575403	0.00967050	-0.00721651
1.199995	0.07519750	-0.05832124	0.09310594	0.00852238	0.00551181	-0.01605305
1.216662	0.07534046	-0.05825919	0.09277932	0.01143132	-0.00009924	-0.02762407
1.233328	0.07560671	-0.05828092	0.09226163	0.01406411	-0.00680166	-0.04077887
1.249995	0.07587434	-0.05848429	0.09144763	0.01653838	-0.01417142	-0.05268577
1.266661	0.07616220	-0.05877334	0.09039377	0.01914438	-0.02254346	-0.06112425
1.283328	0.07645657	-0.05920732	0.08917958	0.02172572	-0.03238259	-0.06545414
1.299995	0.07684036	-0.05976273	0.08801543	0.02518239	-0.04221887	-0.06466095
1.316661	0.07730006	-0.06056830	0.08695266	0.02990765	-0.05004557	-0.05799213
1.333328	0.07782394	-0.06159121	0.08598778	0.03423906	-0.05400197	-0.04729931
1.349994	0.07843736	-0.06264741	0.08522990	0.03655117	-0.05250105	-0.03643788
1.366661	0.07915438	-0.06356818	0.08478327	0.03551159	-0.04483059	-0.02565793
1.383328	0.07979398	-0.06425489	0.08454595	0.02990567	-0.03251275	-0.01297867
1.399994	0.08034587	-0.06466366	0.08435506	0.01853023	-0.01789249	0.00061784
1.416661	0.08057118	-0.06484202	0.08435196	0.00245650	-0.00226588	0.01275403
1.433327	0.08052338	-0.06474795	0.08472328	-0.01495632	0.01368975	0.02422261
1.449994	0.08003558	-0.06441990	0.08536259	-0.02987114	0.02744190	0.03558900
1.466661	0.07928754	-0.06377741	0.08607293	-0.03888016	0.03764306	0.04444167
1.483327	0.07842668	-0.06291696	0.08685189	-0.04087118	0.04358293	0.04836236
1.499994	0.07766664	-0.06211068	0.08771699	-0.03625780	0.04513865	0.04834519
1.516660	0.07713506	-0.06132106	0.08864042	-0.02820772	0.04259822	0.04594867
1.533327	0.07678461	-0.06070211	0.08939939	-0.02057304	0.03831974	0.04141761
1.549994	0.07658806	-0.06007859	0.09002331	-0.01562948	0.03426011	0.03501761
1.566660	0.07641984	-0.05956596	0.09050024	-0.01291198	0.02998707	0.02805181
1.583327	0.07618105	-0.05907772	0.09092285	-0.01045179	0.02485390	0.02097716
1.599993	0.07596023	-0.05865151	0.09125198	-0.00708080	0.01878932	0.01299927
1.616660	0.07579798	-0.05839540	0.09145548	-0.00199617	0.01295244	0.00362197
1.633327	0.07585547	-0.05826482	0.09143922	0.00336436	0.00701959	-0.00685412
1.649993	0.07601156	-0.05824602	0.09121566	0.00714625	0.00212901	-0.01619051
1.666660	0.07626238	-0.05823766	0.09078700	0.00868119	-0.00211711	-0.02387768
1.683326	0.07640046	-0.05829770	0.09027117	0.00901435	-0.00634678	-0.03100933
1.699993	0.07649292	-0.05837774	0.08977756	0.00910494	-0.01082706	-0.03829279
1.716660	0.07657438	-0.05863348	0.08915438	0.00967581	-0.01502837	-0.04474137
1.733326	0.07678717	-0.05893973	0.08833431	0.01073398	-0.01969420	-0.04920089
1.749993	0.07701468	-0.05934507	0.08731079	0.01179804	-0.02626767	-0.05048374
1.766659	0.07727214	-0.05970987	0.08634588	0.01207491	-0.03410981	-0.04772418
1.783326	0.07740958	-0.06029293	0.08558942	0.01189941	-0.04047554	-0.04077932
1.799993	0.07760638	-0.06112356	0.08503734	0.01237483	-0.04366483	-0.03117481
1.816659	0.07775813	-0.06209686	0.08460700	0.01437383	-0.04338724	-0.02113433
1.833326	0.07804403	-0.06285063	0.08431251	0.01787480	-0.03830227	-0.01226877
1.849992	0.07834283	-0.06338333	0.08416286	0.01949102	-0.02900631	-0.00526602
1.866659	0.07876402	-0.06372434	0.08422213	0.01590810	-0.01748506	0.00185397
1.883326	0.07917890	-0.06396490	0.08431795	0.00667973	-0.00650427	0.01106133
1.899992	0.07930119	-0.06403057	0.08445225	-0.00555369	0.00332931	0.02223203
1.916659	0.07900768	-0.06383860	0.08482650	-0.01866952	0.01187825	0.03446217
1.933325	0.07840924	-0.06350868	0.08554293	-0.02925449	0.01912445	0.04632041
1.949992	0.07775185	-0.06307947	0.08657398	-0.03415781	0.02398901	0.05531792
1.966659	0.07714847	-0.06266980	0.08769519	-0.03189718	0.02553103	0.05820868
1.983325	0.07660578	-0.06220378	0.08871381	-0.02511005	0.02396018	0.05447216
1.999992	0.07619347	-0.06175473	0.08962590	-0.01692935	0.02090742	0.04714631
2.016658	0.07602995	-0.06141836	0.09027465	-0.00909965	0.01798071	0.03922065
2.033325	0.07598951	-0.06121772	0.09082181	-0.00314420	0.01517973	0.03152395
2.049992	0.07608126	-0.06104901	0.09128070	0.00011787	0.01290908	0.02467743
2.066658	0.07610758	-0.06082360	0.09166951	0.00074938	0.01155063	0.01901307
2.083325	0.07609731	-0.06059040	0.09194572	0.00101742	0.01127291	0.01293489
2.099991	0.07608080	-0.06040717	0.09209352	0.00286267	0.01111367	0.00478668
2.116658	0.07605249	-0.06027807	0.09215963	0.00656958	0.00979511	-0.00634218
2.133325	0.07622470	-0.06010793	0.09204478	0.01008593	0.00668134	-0.01907315
2.149991	0.07648431	-0.05994242	0.09162927	0.01212196	0.00134128	-0.03127159
2.166658	0.07681249	-0.05988773	0.09088799	0.01279762	-0.00633978	-0.04111731
2.183324	0.07701128	-0.06005616	0.08998563	0.01358727	-0.01511234	-0.04858912
2.199991	0.07710966	-0.06046471	0.08911377	0.01547127	-0.02169247	-0.05534541
2.216657	0.07730125	-0.06100109	0.08829766	0.01647501	-0.02415645	-0.06156697
2.233324	0.07769246	-0.06151224	0.08730362	0.01537680	-0.02331827	-0.06489661
2.249991	0.07816061	-0.06182979	0.08601362	0.01264428	-0.02121243	-0.06360635
2.266657	0.07835708	-0.06205381	0.08467754	0.00929695	-0.01932659	-0.05742819
2.283324	0.07828393	-0.06231657	0.08372877	0.00611326	-0.01831183	-0.04593537
2.299990	0.07821704	-0.06268743	0.08321664	0.00460764	-0.01891500	-0.02989252
2.316657	0.07833270	-0.06306956	0.08295538	0.00556747	-0.01827216	-0.01286516
2.333324	0.07858127	-0.06335696	0.08282200	0.00459561	-0.01451673	0.00140802
2.349990	0.07875426	-0.06364711	0.08291490	-0.00273378	-0.00691074	0.01435211
2.366657	0.07876132	-0.06368762	0.08328923	-0.01526723	0.00269965	0.02842598
2.383323	0.07835103	-0.06363867	0.08385824	-0.02633541	0.01230405	0.04266000
2.399990	0.07761937	-0.06321602	0.08472443	-0.03186336	0.02021550	0.05301255
2.416657	0.07678245	-0.06275932	0.08578388	-0.03154071	0.02586275	0.05812497
2.433323	0.07630237	-0.06223707	0.08696426	-0.02723861	0.02865805	0.05898850
2.449990	0.07605498	-0.06179093	0.08793914	-0.02210421	0.02753817	0.05655647
2.466656	0.07590579	-0.06130448	0.08877882	-0.01857914	0.02434603	0.05187630
2.483323	0.07555091	-0.06087269	0.08954380	-0.01685883	0.02052388	0.04518230
2.499990	0.07513161	-0.06057106	0.09032542	-0.01451185	0.01685701	0.03717464
2.516656	0.07481642	-0.06038820	0.09101380	-0.01027715	0.01240279	0.02767042
2.533323	0.07474457	-0.06022026	0.09138122	-0.00518220	0.00874055	0.01825873
2.549989	0.07484099	-0.06007962	0.09149663	-0.00147235	0.00698685	0.00988599
2.566656	0.07492216	-0.06000991	0.09143890	0.00036795	0.00629180	0.00410018
2.583323	0.07486451	-0.05993118	0.09150345	0.00137617	0.00577031	0.00108842
2.599989	0.07479261	-0.05983485	0.09154932	0.00331955	0.00545707	-0.00187018
2.616656	0.07480957	-0.05971726	0.09159502	0.00737324	0.00492798	-0.00790417
2.633322	0.07502855	-0.05961687	0.09146414	0.01231459	0.00256661	-0.01763589
2.649989	0.07533754	-0.05957334	0.09108411	0.01647721	-0.00292299	-0.02892733
2.666656	0.07570057	-0.05959596	0.09044855	0.01944911	-0.01148113	-0.04106315
2.683322	0.07599191	-0.05982304	0.08961818	0.02182392	-0.02030327	-0.05279816
2.699989	0.07632712	-0.06029138	0.08868334	0.02329396	-0.02716370	-0.06208717
2.716655	0.07673309	-0.06096517	0.08754633	0.02305491	-0.03160534	-0.06629516
2.733322	0.07724346	-0.06156086	0.08627204	0.02145236	-0.03317565	-0.06416135
2.749989	0.07763253	-0.06206937	0.08504900	0.01723908	-0.03127547	-0.05519703
2.766655	0.07785912	-0.06253751	0.08414129	0.00844761	-0.02616746	-0.03878073
2.783322	0.07796074	-0.06301351	0.08365532	-0.00468781	-0.01988902	-0.01644063
2.799989	0.07785474	-0.06337243	0.08357263	-0.01787823	-0.01279203	0.00668517
2.816655	0.07742406	-0.06347696	0.08393344	-0.02767477	-0.00464594	0.02603739
2.833322	0.07666706	-0.06344318	0.08467139	-0.03255500	0.00381579	0.04072832
2.849988	0.07593133	-0.06327045	0.08554203	-0.03252833	0.00981212	0.05119080
2.866655	0.07540584	-0.06305280	0.08647057	-0.02822195	0.01253804	0.05664118
2.883322	0.07511606	-0.06275848	0.08742487	-0.02254995	0.01349021	0.05701327
2.899988	0.07485174	-0.06253709	0.08847692	-0.01859911	0.01485480	0.05475946
2.916655	0.07457341	-0.06233951	0.08943591	-0.01639716	0.01805015	0.05184374
2.933321	0.07423034	-0.06211785	0.09020489	-0.01432577	0.02175314	0.04726548
2.949988	0.07396571	-0.06168869	0.09090560	-0.01049445	0.02512877	0.04082290
2.966654	0.07382057	-0.06109993	0.09158643	-0.00527414	0.02671776	0.03411322
2.983321	0.07380017	-0.06058114	0.09214696	-0.00008702	0.02558672	0.02702299
2.999988	0.07390970	-0.06015502	0.09255680	0.00338440	0.02125268	0.01885709
3.016654	0.07401334	-0.05992201	0.09275690	0.00499426	0.01571256	0.01049448
3.033321	0.07412654	-0.05970016	0.09283286	0.00603954	0.01069893	0.00313410
3.049987	0.07417803	-0.05958038	0.09279770	0.00811472	0.00649231	-0.00329649
3.066654	0.07426087	-0.05947299	0.09270758	0.01229567	0.00229494	-0.01047146
3.083321	0.07448194	-0.05946197	0.09253813	0.01839492	-0.00245747	-0.02030117
3.099987	0.07484698	-0.05953180	0.09220499	0.02569127	-0.00667774	-0.03245702
3.116654	0.07539237	-0.05971780	0.09157450	0.03208371	-0.01038340	-0.04474468
3.133320	0.07600642	-0.05996054	0.09061595	0.03633726	-0.01315197	-0.05407892
3.149987	0.07669169	-0.06019036	0.08947971	0.03719546	-0.01457772	-0.05854072
3.166654	0.07733934	-0.06044928	0.08838614	0.03344889	-0.01462715	-0.05791494
3.183320	0.07795269	-0.06070116	0.08747233	0.02602342	-0.01485266	-0.05238763
3.199987	0.07836615	-0.06094514	0.08668891	0.01710191	-0.01587725	-0.04324991
3.216653	0.07851037	-0.06117248	0.08598090	0.00842310	-0.01642109	-0.03222847
3.233320	0.07848170	-0.06146901	0.08548248	-0.00001621	-0.01530296	-0.01930547
3.249987	0.07839990	-0.06180365	0.08523320	-0.00857949	-0.01297300	-0.00477744
3.266653	0.07830078	-0.06204329	0.08530590	-0.01711920	-0.01005710	0.01013600
3.283320	0.07801360	-0.06212079	0.08567882	-0.02527419	-0.00616072	0.02361792
3.299986	0.07743473	-0.06213953	0.08620361	-0.03265707	-0.00145887	0.03553453
3.316653	0.07671569	-0.06215267	0.08691469	-0.03753901	0.00342417	0.04500296
3.333320	0.07597978	-0.06212580	0.08769180	-0.03814355	0.00879481	0.05099571
3.349986	0.07534723	-0.06195637	0.08870105	-0.03504280	0.01453957	0.05246978
3.366653	0.07482073	-0.06162491	0.08968807	-0.02992039	0.02004874	0.04975794
3.383319	0.07436870	-0.06116177	0.09057299	-0.02357601	0.02318280	0.04309217
3.399986	0.07400035	-0.06071883	0.09117445	-0.01587245	0.02296988	0.03290860
3.416652	0.07374580	-0.06027997	0.09161676	-0.00697653	0.01990883	0.02157727
3.433319	0.07368864	-0.06002510	0.09186704	0.00216075	0.01590527	0.01090758
3.449986	0.07386408	-0.05980168	0.09197289	0.01036998	0.01209957	0.00083927
3.466652	0.07416817	-0.05969593	0.09189523	0.01633751	0.00774193	-0.01048938
3.483319	0.07453515	-0.05953533	0.09168061	0.01969454	0.00198222	-0.02257405
3.499985	0.07488161	-0.05946279	0.09122328	0.02297739	-0.00457536	-0.03429364
3.516652	0.07521345	-0.05958568	0.09049436	0.02789233	-0.01082604	-0.04483398
3.533319	0.07561632	-0.05993092	0.08959292	0.03248020	-0.01684240	-0.05288362
3.549985	0.07627733	-0.06032402	0.08859425	0.03427445	-0.02125894	-0.05646889
3.566652	0.07706290	-0.06070060	0.08758008	0.03242849	-0.02293659	-0.05570453
3.583318	0.07769579	-0.06106106	0.08662641	0.02773576	-0.02207300	-0.05151438
3.599985	0.07801767	-0.06145997	0.08579695	0.02202650	-0.02046936	-0.04441931
3.616652	0.07814255	-0.06181476	0.08510228	0.01800127	-0.01928263	-0.03517840
3.633318	0.07834791	-0.06209628	0.08457901	0.01609209	-0.01834461	-0.02490125
3.649985	0.07870110	-0.06234616	0.08425049	0.01366144	-0.01676386	-0.01460685
3.666651	0.07910462	-0.06263281	0.08412246	0.00774122	-0.01324914	-0.00393731
3.683318	0.07927503	-0.06292657	0.08415565	-0.00188147	-0.00785445	0.00631026
3.699985	0.07907595	-0.06309333	0.08431605	-0.01267092	-0.00144385	0.01523710
3.716651	0.07861307	-0.06297700	0.08469692	-0.02168009	0.00549555	0.02281221
3.733318	0.07809231	-0.06274560	0.08515087	-0.02684962	0.01200858	0.02967172
3.749985	0.07764709	-0.06246119	0.08572658	-0.02857447	0.01620979	0.03610589
3.766651	0.07721637	-0.06219684	0.08633257	-0.02809901	0.01771718	0.04209193
3.783318	0.07675115	-0.06188009	0.08707095	-0.02689518	0.01806255	0.04670605
3.799984	0.07623577	-0.06155631	0.08794379	-0.02530064	0.01824073	0.04880095
3.816651	0.07581095	-0.06124714	0.08888040	-0.02287457	0.01834126	0.04810595
3.833318	0.07546013	-0.06095735	0.08971464	-0.01898822	0.01817821	0.04485990
3.849984	0.07521040	-0.06066389	0.09040315	-0.01374884	0.01820797	0.04041208
3.866651	0.07498232	-0.06036175	0.09095104	-0.00838253	0.01805365	0.03523893
3.883317	0.07487335	-0.06004228	0.09150437	-0.00384224	0.01738382	0.02981694
3.899984	0.07488625	-0.05973163	0.09203454	-0.00014715	0.01625235	0.02442273
3.916651	0.07496828	-0.05947697	0.09242572	0.00301459	0.01448583	0.01896505
3.933317	0.07503979	-0.05926032	0.09266051	0.00526103	0.01217789	0.01253897
3.949984	0.07511190	-0.05907347	0.09275926	0.00749680	0.00929860	0.00431115
3.966650	0.07522527	-0.05893206	0.09282985	0.01108673	0.00474939	-0.00693708
3.983317	0.07541274	-0.05883154	0.09274793	0.01686546	-0.00183317	-0.02166642
3.999984	0.07572637	-0.05887089	0.09235054	0.02386029	-0.00932649	-0.03823847
4.016650	0.07618324	-0.05912574	0.09149146	0.03038456	-0.01660065	-0.05328051
4.033317	0.07680975	-0.05953845	0.09027317	0.03483991	-0.02345303	-0.06336480
4.049983	0.07749099	-0.06001787	0.08898534	0.03565717	-0.02785787	-0.06731087
4.066650	0.07815398	-0.06049526	0.08784129	0.03162278	-0.02889470	-0.06577288
4.083316	0.07869297	-0.06105215	0.08685911	0.02338344	-0.02752645	-0.05989073
4.099983	0.07903245	-0.06150173	0.08591405	0.01346303	-0.02665348	-0.05114025
4.116650	0.07912187	-0.06191767	0.08500820	0.00490381	-0.02574134	-0.03965767
4.133316	0.07903122	-0.06222846	0.08435272	-0.00114546	-0.02319025	-0.02580761
4.149983	0.07888822	-0.06272151	0.08402617	-0.00524020	-0.01967207	-0.00999455
4.166649	0.07883919	-0.06307758	0.08412999	-0.00700078	-0.01489614	0.00727254
4.183316	0.07875146	-0.06331175	0.08439468	-0.00712550	-0.00795543	0.02232300
4.199983	0.07858969	-0.06334937	0.08489127	-0.00911042	0.00123710	0.03182886
4.216649	0.07843256	-0.06322314	0.08562201	-0.01499242	0.00979174	0.03671732
4.233316	0.07825375	-0.06300017	0.08633949	-0.02178682	0.01698519	0.04031894
4.249982	0.07786512	-0.06260385	0.08700200	-0.02698123	0.02253644	0.04203929
4.266649	0.07720099	-0.06218877	0.08759406	-0.03067514	0.02665384	0.04197298
4.283316	0.07654465	-0.06168552	0.08836091	-0.03231651	0.02839504	0.04182795
4.299982	0.07602428	-0.06117430	0.08911431	-0.02944940	0.02758583	0.04172264
4.316649	0.07561212	-0.06067061	0.08983424	-0.02231499	0.02365876	0.03862725
4.333315	0.07523598	-0.06027242	0.09046888	-0.01392191	0.01682786	0.03158158
4.349982	0.07503001	-0.06000564	0.09100544	-0.00623411	0.00927189	0.02353682
4.366649	0.07503448	-0.05999884	0.09129150	0.00032503	0.00329865	0.01561521
4.383315	0.07520059	-0.06007558	0.09141442	0.00595706	0.00043005	0.00806395
4.399982	0.07536824	-0.06018360	0.09145641	0.01028814	0.00036284	0.00069596
4.416648	0.07550701	-0.06013088	0.09145756	0.01389379	0.00164718	-0.00641270
4.433315	0.07571875	-0.06000328	0.09136603	0.01713048	0.00126336	-0.01446201
4.449982	0.07604008	-0.05990866	0.09104999	0.02090846	-0.00240351	-0.02404908
4.466648	0.07650208	-0.05993221	0.09056325	0.02580996	-0.00868356	-0.03457706
4.483315	0.07693525	-0.06019824	0.08985960	0.03102196	-0.01517375	-0.04420921
4.499981	0.07745030	-0.06058319	0.08902499	0.03453809	-0.02216438	-0.05137044
4.516648	0.07808101	-0.06101179	0.08806077	0.03481700	-0.02787056	-0.05342636
4.533315	0.07880227	-0.06143620	0.08705910	0.03083778	-0.02902952	-0.04816634
4.549981	0.07940825	-0.06205870	0.08613163	0.02110531	-0.02602914	-0.03670365
4.566648	0.07971361	-0.06260363	0.08557756	0.00683996	-0.02122394	-0.02119800
4.583314	0.07966271	-0.06290815	0.08544626	-0.00742137	-0.01490487	-0.00407090
4.599981	0.07927229	-0.06296840	0.08563313	-0.01886268	-0.00674338	0.01271778
4.616648	0.07874480	-0.06297292	0.08600012	-0.02865561	0.00100382	0.02674639
4.633314	0.07829273	-0.06296309	0.08650197	-0.03727205	0.00749809	0.03704943
4.649981	0.07773250	-0.06282981	0.08725574	-0.04365138	0.01391996	0.04398841
4.666647	0.07690624	-0.06254221	0.08812723	-0.04652370	0.02070463	0.04701976
4.683314	0.07588039	-0.06208968	0.08903084	-0.04469826	0.02507537	0.04487164
4.699981	0.07495921	-0.06153218	0.08982331	-0.03555230	0.02665490	0.03827416
4.716647	0.07445803	-0.06101273	0.09037891	-0.02030936	0.02579644	0.02939937
4.733314	0.07430605	-0.06067530	0.09073945	-0.00389820	0.02210291	0.01961526
4.749980	0.07456183	-0.06032391	0.09095713	0.00841479	0.01559344	0.01039010
4.766647	0.07487138	-0.06008524	0.09107520	0.01550960	0.00837467	0.00265506
4.783314	0.07522065	-0.05992394	0.09106060	0.01941439	0.00143322	-0.00507431
4.799980	0.07546720	-0.06004498	0.09090559	0.02224335	-0.00451116	-0.01486509
4.816647	0.07579471	-0.06024110	0.09065273	0.02547904	-0.00911385	-0.02820000
4.833313	0.07627577	-0.06049322	0.09014452	0.02781213	-0.01250613	-0.04247892
4.849980	0.07686604	-0.06063212	0.08932731	0.02872021	-0.01397228	-0.05368489
4.866647	0.07744890	-0.06086040	0.08808857	0.02767977	-0.01459357	-0.05915420
4.883313	0.07783501	-0.06114546	0.08687854	0.02440418	-0.01570924	-0.05764582
4.899980	0.07816058	-0.06144695	0.08588559	0.01903177	-0.01742722	-0.04862049
4.916646	0.07846296	-0.06172868	0.08524167	0.01225272	-0.01852606	-0.03465112
4.933313	0.07868994	-0.06202705	0.08481863	0.00420892	-0.01953163	-0.02123011
4.949980	0.07875659	-0.06235813	0.08462080	-0.00412496	-0.02061683	-0.01086329
4.966646	0.07853754	-0.06273153	0.08456656	-0.01045213	-0.02046193	-0.00297067
4.983313	0.07815569	-0.06311272	0.08458699	-0.01417170	-0.01713182	0.00393891
4.999979	0.07782978	-0.06346242	0.08466537	-0.01655190	-0.01004611	0.01017791
5.016646	0.07764590	-0.06362092	0.08486927	-0.01957369	-0.00095047	0.01692332
5.033312	0.07747290	-0.06352409	0.08521035	-0.02442456	0.00845201	0.02489052
5.049979	0.07704814	-0.06318495	0.08568534	-0.03042211	0.01678146	0.03329861
5.066646	0.07633980	-0.06280817	0.08631657	-0.03507733	0.02247572	0.04005311
5.083313	0.07555027	-0.06238805	0.08709132	-0.03596570	0.02507157	0.04372048
5.099979	0.07489195	-0.06196709	0.08794928	-0.03287869	0.02543220	0.04373419
5.116645	0.07447653	-0.06151252	0.08872409	-0.02764348	0.02535611	0.04108300
5.133312	0.07415257	-0.06107697	0.08936278	-0.02188528	0.02454831	0.03675397
5.149979	0.07381587	-0.06069659	0.08985458	-0.01518684	0.02258344	0.03114963
5.166646	0.07348888	-0.06029478	0.09035165	-0.00683489	0.02022794	0.02428035
5.183312	0.07333340	-0.05999714	0.09077725	0.00293047	0.01822213	0.01548650
5.199978	0.07354610	-0.05972985	0.09105022	0.01249199	0.01539281	0.00466684
5.216645	0.07397787	-0.05948513	0.09103162	0.02038633	0.01108727	-0.00847488
5.233312	0.07447355	-0.05927278	0.09071083	0.02570241	0.00586700	-0.02271341
5.249978	0.07486976	-0.05919004	0.09021460	0.02932251	-0.00061935	-0.03566295
5.266645	0.07528578	-0.05928180	0.08947630	0.03333146	-0.00810964	-0.04433069
5.283311	0.07583460	-0.05950032	0.08860308	0.03816386	-0.01568540	-0.04804989
5.299978	0.07658084	-0.05984265	0.08764528	0.04184893	-0.02104986	-0.04741640
5.316645	0.07743897	-0.06026477	0.08684055	0.04107589	-0.02357865	-0.04299613
5.333311	0.07822856	-0.06075678	0.08619630	0.03556687	-0.02394368	-0.03673472
5.349978	0.07878883	-0.06115003	0.08569211	0.02661336	-0.02324857	-0.03097502
5.366644	0.07905324	-0.06150354	0.08527172	0.01638456	-0.02176791	-0.02534940
5.383311	0.07919816	-0.06179766	0.08485064	0.00697187	-0.01927479	-0.01731094
5.399978	0.07922099	-0.06216044	0.08447717	-0.00155591	-0.01528035	-0.00574386
5.416644	0.07919182	-0.06245973	0.08439658	-0.01146064	-0.00922395	0.00772584
5.433311	0.07900370	-0.06261761	0.08469449	-0.02360030	-0.00083596	0.02176711
5.449977	0.07854621	-0.06252708	0.08536413	-0.03534928	0.00880860	0.03387763
5.466644	0.07774611	-0.06225226	0.08605778	-0.04338040	0.01706188	0.04193196
5.483311	0.07675355	-0.06181578	0.08684601	-0.04663010	0.02280010	0.04560951
5.499977	0.07586285	-0.06136976	0.08756874	-0.04534416	0.02593379	0.04650981
5.516644	0.07523002	-0.06092929	0.08839657	-0.03897605	0.02669591	0.04507918
5.533310	0.07467542	-0.06048582	0.08918320	-0.02882567	0.02571551	0.04149547
5.549977	0.07419365	-0.06003531	0.08992450	-0.01815267	0.02408295	0.03679689
5.566644	0.07390796	-0.05963041	0.09043514	-0.00888314	0.02192335	0.03117652
5.583310	0.07392331	-0.05929068	0.09086173	-0.00092540	0.01904311	0.02463533
5.599977	0.07411237	-0.05901046	0.09120950	0.00471050	0.01588418	0.01650940
5.616643	0.07427319	-0.05876867	0.09153891	0.00669180	0.01304202	0.00765599
5.633310	0.07437710	-0.05858596	0.09163539	0.00675823	0.01026948	-0.00191753
5.649977	0.07441981	-0.05842677	0.09145316	0.00889193	0.00679967	-0.01219889
5.666643	0.07448204	-0.05832103	0.09109947	0.01545454	0.00155833	-0.02326260
5.683310	0.07473115	-0.05828899	0.09063293	0.02540811	-0.00615277	-0.03346200
5.699976	0.07524585	-0.05840379	0.09006640	0.03600940	-0.01464706	-0.04168107
5.716643	0.07606658	-0.05875066	0.08925306	0.04428811	-0.02126419	-0.04814138
5.733310	0.07698148	-0.05930535	0.08830877	0.04766107	-0.02445633	-0.05267791
5.749976	0.07785916	-0.05983602	0.08734696	0.04450623	-0.02526119	-0.05450662
5.766643	0.07860389	-0.06023232	0.08641791	0.03567677	-0.02407849	-0.05209609
5.783309	0.07914559	-0.06046931	0.08557919	0.02420581	-0.02163410	-0.04557330
5.799976	0.07943594	-0.06084143	0.08476757	0.01353132	-0.01942702	-0.03610339
5.816643	0.07948625	-0.06119524	0.08422133	0.00475166	-0.01877994	-0.02524211
5.833309	0.07940187	-0.06155670	0.08391950	-0.00290648	-0.01780096	-0.01295307
5.849976	0.07936125	-0.06178140	0.08387215	-0.01033243	-0.01465401	0.00047758
5.866642	0.07921001	-0.06204071	0.08395687	-0.01837637	-0.00964860	0.01420839
5.883309	0.07889420	-0.06218404	0.08426055	-0.02646438	-0.00278111	0.02700876
5.899976	0.07829414	-0.06224339	0.08481476	-0.03348312	0.00549613	0.03780459
5.916642	0.07753252	-0.06206683	0.08566894	-0.03843133	0.01416531	0.04616756
5.933309	0.07684895	-0.06169811	0.08657094	-0.04168211	0.02150177	0.05199532
5.949975	0.07619490	-0.06119925	0.08749259	-0.04253211	0.02744960	0.05511757
5.966642	0.07555445	-0.06069666	0.08834843	-0.04039781	0.03038980	0.05407423
5.983309	0.07475358	-0.06019001	0.08931363	-0.03453340	0.02993089	0.04887940
5.999975	0.07406766	-0.05962466	0.09024546	-0.02462606	0.02636309	0.03987716
6.016642	0.07368275	-0.05916626	0.09089327	-0.01072098	0.02144217	0.02754621
6.033309	0.07371571	-0.05882424	0.09121146	0.00598120	0.01501155	0.01147186
6.049975	0.07403493	-0.05872158	0.09118135	0.02173761	0.00677097	-0.00620696
6.066642	0.07455466	-0.05863418	0.09097675	0.03313778	-0.00264085	-0.02281299
6.083308	0.07523844	-0.05872530	0.09045257	0.03926710	-0.01167567	-0.03590729
6.099975	0.07602409	-0.05896637	0.08968030	0.04197782	-0.01955836	-0.04454266
6.116642	0.07676201	-0.05945620	0.08871423	0.04352640	-0.02576745	-0.04804556
6.133308	0.07744018	-0.06000466	0.08781539	0.04444439	-0.02949337	-0.04739691
6.149975	0.07810710	-0.06056371	0.08705475	0.04429236	-0.03048084	-0.04498422
6.166641	0.07891800	-0.06102350	0.08647704	0.04117815	-0.02902400	-0.04215235
6.183308	0.07971676	-0.06151022	0.08580879	0.03369543	-0.02643093	-0.03960909
6.199975	0.08037128	-0.06192794	0.08510347	0.02281183	-0.02289098	-0.03642187
6.216641	0.08058228	-0.06233491	0.08439923	0.01195946	-0.01794608	-0.03081822
6.233307	0.08049607	-0.06261002	0.08389039	0.00445621	-0.01217273	-0.02234096
6.249974	0.08033105	-0.06275716	0.08363317	0.00031706	-0.00744590	-0.01243772
6.266641	0.08037714	-0.06274889	0.08358905	-0.00285120	-0.00413509	-0.00186101
6.283308	0.08053685	-0.06274197	0.08364101	-0.00791829	-0.00185483	0.00892702
6.299974	0.08049458	-0.06279740	0.08380862	-0.01577179	0.00101239	0.01935535
6.316640	0.08006365	-0.06286105	0.08417620	-0.02515006	0.00502570	0.02809685
6.333307	0.07937583	-0.06280262	0.08482308	-0.03265156	0.00978438	0.03496717
6.349974	0.07866935	-0.06250679	0.08558228	-0.03612127	0.01474036	0.04053453
6.366641	0.07810009	-0.06212674	0.08628172	-0.03671769	0.01954999	0.04550368
6.383307	0.07758832	-0.06177625	0.08695976	-0.03769316	0.02279125	0.04902755
6.399973	0.07702157	-0.06143291	0.08775892	-0.04039613	0.02369346	0.05075889
6.416640	0.07629520	-0.06101315	0.08878508	-0.04239163	0.02373709	0.05013766
6.433307	0.07543427	-0.06055459	0.08974095	-0.04063485	0.02424492	0.04619666
6.449973	0.07462522	-0.06015438	0.09051643	-0.03385025	0.02438492	0.03884812
6.466640	0.07409520	-0.05978734	0.09099270	-0.02294047	0.02278302	0.02929509
6.483306	0.07387232	-0.05939319	0.09133637	-0.01097970	0.02015971	0.02024055
6.499973	0.07390835	-0.05902995	0.09162638	-0.00175361	0.01736579	0.01316359
6.516640	0.07402491	-0.05876814	0.09179132	0.00420047	0.01411703	0.00751659
6.533306	0.07414160	-0.05858953	0.09188579	0.01028762	0.01008930	0.00060890
6.549973	0.07421061	-0.05847100	0.09184881	0.01910661	0.00541877	-0.00939764
6.566639	0.07445783	-0.05837701	0.09170087	0.02923385	-0.00028247	-0.02254674
6.583306	0.07509821	-0.05838403	0.09128516	0.03777065	-0.00726032	-0.03638119
6.599973	0.07604944	-0.05853892	0.09048924	0.04332281	-0.01516432	-0.04723520
6.616639	0.07695012	-0.05889875	0.08941571	0.04538219	-0.02300708	-0.05300916
6.633306	0.07761834	-0.05939446	0.08833214	0.04416279	-0.02842336	-0.05370095
6.649972	0.07817652	-0.05997439	0.08747713	0.03965916	-0.02966634	-0.05134663
6.666639	0.07885190	-0.06055649	0.08680735	0.03217792	-0.02762493	-0.04717615
6.683306	0.07956632	-0.06099767	0.08610390	0.02268666	-0.02390450	-0.04140871
6.699972	0.07996282	-0.06129667	0.08529770	0.01206768	-0.01961118	-0.03415472
6.716639	0.07991298	-0.06155253	0.08463274	0.00158005	-0.01538596	-0.02579208
6.733305	0.07963328	-0.06178278	0.08431631	-0.00676989	-0.01244235	-0.01496455
6.749972	0.07941220	-0.06201926	0.08431228	-0.01214926	-0.00972377	-0.00078518
6.766639	0.07932322	-0.06212676	0.08436674	-0.01736972	-0.00578749	0.01519586
6.783305	0.07914620	-0.06224550	0.08462463	-0.02643909	0.00030942	0.03034545
6.799972	0.07870468	-0.06219268	0.08522046	-0.04044222	0.00791989	0.04296656
6.816638	0.07785141	-0.06205273	0.08624124	-0.05626098	0.01736102	0.05245662
6.833305	0.07666743	-0.06165374	0.08737823	-0.06928591	0.02747741	0.05660442
6.849972	0.07528432	-0.06112701	0.08837014	-0.07527404	0.03563806	0.05393177
6.866638	0.07388435	-0.06033856	0.08921888	-0.07229794	0.03983317	0.04560076
6.883305	0.07260472	-0.05957243	0.08988179	-0.06120006	0.03889899	0.03597476
6.899971	0.07164309	-0.05883938	0.09042284	-0.04430558	0.03355016	0.02710950
6.916638	0.07104504	-0.05836339	0.09075274	-0.02394947	0.02470749	0.01800075
6.933305	0.07086704	-0.05805447	0.09100109	-0.00207671	0.01513571	0.00841465
6.949971	0.07101458	-0.05791052	0.09110092	0.01876608	0.00580198	-0.00125859
6.966638	0.07152324	-0.05790862	0.09098891	0.03633860	-0.00266454	-0.01068429
6.983305	0.07235116	-0.05797630	0.09071544	0.04904272	-0.01062453	-0.02053910
6.999971	0.07337753	-0.05823892	0.09025394	0.05804712	-0.01781145	-0.03079706
7.016638	0.07446633	-0.05860734	0.08970945	0.06559630	-0.02432839	-0.04110305
7.033304	0.07549050	-0.05910781	0.08895998	0.07235214	-0.02977344	-0.05050281
7.049971	0.07667493	-0.05965961	0.08799852	0.07579235	-0.03358769	-0.05692010
7.066638	0.07809818	-0.06024981	0.08688445	0.07360966	-0.03595628	-0.05897330
7.083304	0.07959653	-0.06088477	0.08574812	0.06373879	-0.03686114	-0.05657391
7.099971	0.08072516	-0.06151855	0.08484493	0.04624922	-0.03562359	-0.04972620
7.116637	0.08129589	-0.06214612	0.08411848	0.02506747	-0.03102310	-0.03791232
7.133304	0.08129600	-0.06270424	0.08353525	0.00485087	-0.02445419	-0.02327929
7.149971	0.08108635	-0.06305803	0.08318926	-0.01136635	-0.01723498	-0.00669449
7.166637	0.08080649	-0.06319280	0.08320638	-0.02344767	-0.00958551	0.01134024
7.183304	0.08042344	-0.06326450	0.08356196	-0.03177295	-0.00214876	0.02862897
7.199970	0.07981475	-0.06326163	0.08431983	-0.03695283	0.00449272	0.04199284
7.216637	0.07897240	-0.06319163	0.08519996	-0.03937111	0.01090067	0.05025482
7.233304	0.07820237	-0.06294673	0.08619457	-0.03975873	0.01786927	0.05429842
7.249970	0.07760737	-0.06256127	0.08706632	-0.03855419	0.02422419	0.05495660
7.266637	0.07711800	-0.06207034	0.08796142	-0.03628772	0.02923718	0.05292709
7.283303	0.07653785	-0.06149368	0.08887585	-0.03340608	0.03269347	0.04929429
7.299970	0.07585410	-0.06095756	0.08972994	-0.02880298	0.03439830	0.04523676
7.316637	0.07529537	-0.06035111	0.09044063	-0.02142423	0.03348014	0.03949524
7.333303	0.07499456	-0.05975847	0.09101570	-0.01086430	0.03048783	0.03118662
7.349970	0.07500368	-0.05920846	0.09150556	-0.00007357	0.02551644	0.02065090
7.366636	0.07515777	-0.05883447	0.09184769	0.00809971	0.01776628	0.00899114
7.383303	0.07543027	-0.05859280	0.09189706	0.01404880	0.00860886	-0.00298509
7.399970	0.07564668	-0.05853293	0.09168281	0.02059327	-0.00047837	-0.01610524
7.416636	0.07594049	-0.05865356	0.09125791	0.02838180	-0.00831645	-0.02983694
7.433302	0.07640838	-0.05887783	0.09073828	0.03623180	-0.01439037	-0.04338644
7.449969	0.07721207	-0.05921254	0.08991531	0.04229232	-0.01786412	-0.05612944
7.466636	0.07810421	-0.05955144	0.08886221	0.04365429	-0.01892891	-0.06556359
7.483303	0.07895806	-0.05990425	0.08751637	0.03843990	-0.01835592	-0.06756877
7.499969	0.07955169	-0.06019492	0.08616731	0.02716843	-0.01626839	-0.05912276
7.516635	0.07990047	-0.06044385	0.08510275	0.01327531	-0.01291753	-0.04181574
7.533302	0.07996976	-0.06066404	0.08456200	-0.00000060	-0.00871325	-0.01878545
7.549969	0.07980161	-0.06077677	0.08459955	-0.01105596	-0.00385998	0.00540210
7.566636	0.07948343	-0.06080757	0.08496285	-0.02080136	0.00141064	0.02637349
7.583302	0.07907841	-0.06072633	0.08562274	-0.02985777	0.00546111	0.04087327
7.599968	0.07856822	-0.06054864	0.08646411	-0.03694252	0.00771941	0.04934860
7.616635	0.07786129	-0.06035432	0.08743087	-0.04017425	0.00880554	0.05380474
7.633302	0.07699089	-0.06022147	0.08838199	-0.03904780	0.00925500	0.05424328
7.649968	0.07623918	-0.06010880	0.08928739	-0.03386750	0.00907511	0.05080382
7.666635	0.07574442	-0.05997684	0.09015428	-0.02501148	0.00872219	0.04494466
7.683301	0.07550515	-0.05977164	0.09087010	-0.01509445	0.00913871	0.03865858
7.699968	0.07537372	-0.05962245	0.09142623	-0.00729597	0.00962977	0.03118342
7.716635	0.07533773	-0.05948392	0.09185622	-0.00193060	0.00927102	0.02221944
7.733301	0.07532846	-0.05932215	0.09222423	0.00255068	0.00823337	0.01285897
7.749968	0.07537938	-0.05917798	0.09237830	0.00769037	0.00793764	0.00432802
7.766634	0.07552421	-0.05904015	0.09233864	0.01369210	0.00794468	-0.00387484
7.783301	0.07579293	-0.05896737	0.09211785	0.01989406	0.00734526	-0.01239949
7.799968	0.07622009	-0.05881015	0.09189434	0.02458720	0.00498008	-0.02071337
7.816634	0.07673012	-0.05868932	0.09153567	0.02725687	0.00089392	-0.02770946
7.833301	0.07725618	-0.05863143	0.09100818	0.02960966	-0.00482317	-0.03334987
7.849967	0.07769723	-0.05880357	0.09028928	0.03301049	-0.01176789	-0.03849354
7.866634	0.07815304	-0.05909835	0.08958361	0.03750779	-0.01793520	-0.04266723
7.883301	0.07881836	-0.05951133	0.08888858	0.04123805	-0.02128394	-0.04491686
7.899967	0.07965608	-0.05992786	0.08815478	0.04121309	-0.02142477	-0.04466619
7.916634	0.08055537	-0.06031054	0.08732961	0.03434560	-0.02014584	-0.04295277
7.933300	0.08116734	-0.06059067	0.08654614	0.02054320	-0.01810482	-0.03906382
7.949967	0.08137433	-0.06083934	0.08592892	0.00415819	-0.01531615	-0.03140790
7.966634	0.08114579	-0.06110421	0.08544809	-0.01050581	-0.01195059	-0.01984318
7.983300	0.08068144	-0.06133199	0.08518422	-0.02161452	-0.00844046	-0.00494464
7.999967	0.08026085	-0.06144377	0.08517069	-0.03035964	-0.00471048	0.01227175
8.016634	0.07979779	-0.06144332	0.08548816	-0.03781200	-0.00037573	0.03016860
8.033300	0.07920613	-0.06138580	0.08622425	-0.04519943	0.00547914	0.04606810
8.049967	0.07829016	-0.06132431	0.08721314	-0.05216344	0.01315784	0.05774239
8.066633	0.07724356	-0.06113476	0.08839314	-0.05595972	0.02194935	0.06343279
8.083300	0.07618635	-0.06068154	0.08952494	-0.05386028	0.03007475	0.06283876
8.099966	0.07526625	-0.05998622	0.09059758	-0.04557546	0.03511173	0.05711028
8.116633	0.07456514	-0.05920556	0.09151874	-0.03324400	0.03553345	0.04841303
8.133300	0.07411617	-0.05857429	0.09225351	-0.01971018	0.03118228	0.03911038
8.149966	0.07393041	-0.05815469	0.09278918	-0.00765163	0.02413089	0.02999143
8.166633	0.07399275	-0.05786298	0.09317537	0.00070609	0.01728586	0.02204923
8.183299	0.07413673	-0.05767934	0.09346975	0.00567446	0.01241207	0.01424326
8.199966	0.07432668	-0.05748967	0.09367049	0.00918098	0.00876536	0.00531705
8.216633	0.07438534	-0.05736422	0.09377897	0.01361763	0.00471609	-0.00549714
8.233299	0.07456870	-0.05726568	0.09360855	0.02110643	-0.00000868	-0.01777410
8.249966	0.07490920	-0.05729738	0.09319433	0.03294064	-0.00433197	-0.03091866
8.266632	0.07556958	-0.05747256	0.09249563	0.04630212	-0.00762570	-0.04339400
8.283299	0.07651580	-0.05768818	0.09166206	0.05508136	-0.01050611	-0.05269851
8.299966	0.07771624	-0.05786339	0.09065623	0.05545047	-0.01294613	-0.05737451
8.316632	0.07883523	-0.05802420	0.08958326	0.04602410	-0.01462726	-0.05716738
8.333299	0.07960022	-0.05827691	0.08856024	0.02781615	-0.01668013	-0.05246232
8.349965	0.07986026	-0.05863382	0.08770057	0.00668134	-0.01852226	-0.04229217
8.366632	0.07967100	-0.05896942	0.08705761	-0.00954814	-0.01906626	-0.02810784
8.383299	0.07912280	-0.05935416	0.08666070	-0.01741677	-0.01785071	-0.01146489
8.399965	0.07866083	-0.05958692	0.08664027	-0.02031145	-0.01596984	0.00613841
8.416632	0.07838894	-0.05984792	0.08688718	-0.02236670	-0.01262720	0.02401120
8.433298	0.07830221	-0.06001299	0.08749178	-0.02478818	-0.00582660	0.04024280
8.449965	0.07787668	-0.06020739	0.08829261	-0.02953348	0.00406073	0.05200269
8.466632	0.07717871	-0.06013325	0.08937876	-0.03687747	0.01510757	0.05766780
8.483298	0.07641671	-0.05970004	0.09050964	-0.04328556	0.02469293	0.05690430
8.499965	0.07565369	-0.05902869	0.09152155	-0.04310931	0.03123684	0.05119725
8.516631	0.07492404	-0.05835172	0.09229721	-0.03597364	0.03249824	0.04192861
8.533298	0.07420444	-0.05783829	0.09283467	-0.02453844	0.02894277	0.03114609
8.549965	0.07384643	-0.05743255	0.09327279	-0.01131033	0.02314763	0.02038986
8.566631	0.07387241	-0.05710938	0.09355962	0.00288670	0.01800114	0.01023423
8.583298	0.07416342	-0.05685662	0.09365921	0.01611366	0.01432935	0.00022039
8.599964	0.07455272	-0.05665610	0.09357046	0.02553134	0.01030446	-0.00992060
8.616632	0.07502782	-0.05650264	0.09327157	0.03151385	0.00513572	-0.01953520
8.633298	0.07561417	-0.05638681	0.09287244	0.03516711	-0.00070887	-0.02798286
8.649964	0.07626802	-0.05646455	0.09232149	0.03665484	-0.00639981	-0.03480475
8.666631	0.07695253	-0.05666267	0.09167311	0.03602620	-0.01170620	-0.03985347
8.683297	0.07756418	-0.05696606	0.09093661	0.03404106	-0.01689286	-0.04346884
8.699965	0.07806928	-0.05725050	0.09015273	0.03191182	-0.02184985	-0.04440371
8.716631	0.07854088	-0.05758570	0.08939419	0.03002261	-0.02702426	-0.04147852
8.733297	0.07900746	-0.05807567	0.08862913	0.02752114	-0.03083372	-0.03498479
8.749964	0.07953307	-0.05869192	0.08806621	0.02218047	-0.03085559	-0.02690229
8.766630	0.07996563	-0.05939987	0.08772358	0.01323847	-0.02623161	-0.01772705
8.783297	0.08018117	-0.05985685	0.08758397	0.00158132	-0.01915090	-0.00703796
8.799964	0.08003294	-0.06000406	0.08751313	-0.00996448	-0.01086994	0.00491833
8.816630	0.07965358	-0.05995904	0.08759557	-0.01952418	-0.00239356	0.01730684
8.833297	0.07915013	-0.05996629	0.08795981	-0.02733450	0.00392243	0.02982856
8.849963	0.07873485	-0.05993503	0.08866300	-0.03429855	0.00850137	0.04167186
8.866630	0.07820370	-0.05977020	0.08953027	-0.04022525	0.01444266	0.05021153
8.883297	0.07748216	-0.05947582	0.09051280	-0.04389106	0.02237771	0.05273751
8.899963	0.07652079	-0.05904214	0.09144969	-0.04444703	0.02797924	0.04935635
8.916630	0.07564110	-0.05843833	0.09231833	-0.03993006	0.02887570	0.04280689
8.933296	0.07501800	-0.05779191	0.09294038	-0.03025924	0.02642672	0.03546588
8.949963	0.07464601	-0.05736708	0.09339014	-0.01836233	0.02156749	0.02782609
8.966630	0.07451615	-0.05715930	0.09375872	-0.00848356	0.01426714	0.02045975
8.983296	0.07450145	-0.05702332	0.09410597	-0.00018727	0.00739050	0.01447147
8.999963	0.07456030	-0.05692065	0.09430818	0.00799804	0.00377442	0.00875801
9.016629	0.07464551	-0.05692042	0.09439125	0.01500147	0.00299503	0.00238259
9.033296	0.07497594	-0.05692860	0.09435893	0.01981751	0.00274682	-0.00464691
9.049963	0.07548639	-0.05689747	0.09423505	0.02328025	0.00209096	-0.01098656
9.066629	0.07597736	-0.05676701	0.09401294	0.02674077	0.00087416	-0.01705352
9.083296	0.07635189	-0.05672724	0.09363985	0.03060804	-0.00122488	-0.02438585
9.099962	0.07673025	-0.05678101	0.09323250	0.03406252	-0.00438070	-0.03221655
9.116629	0.07735434	-0.05694627	0.09264872	0.03599480	-0.00880312	-0.03790897
9.133296	0.07819625	-0.05711295	0.09187383	0.03531836	-0.01385698	-0.04074758
9.149962	0.07890253	-0.05731368	0.09105764	0.03152145	-0.01876351	-0.04133633
9.166629	0.07935624	-0.05766413	0.09035090	0.02585168	-0.02205524	-0.03995014
9.183295	0.07953256	-0.05814733	0.08979269	0.02063387	-0.02309151	-0.03796131
9.199962	0.07975776	-0.05866523	0.08925034	0.01749523	-0.02154350	-0.03639676
9.216629	0.08011060	-0.05900936	0.08863170	0.01481301	-0.01849804	-0.03596477
9.233295	0.08047293	-0.05919958	0.08796349	0.01065158	-0.01560521	-0.03484245
9.249962	0.08071256	-0.05932993	0.08735652	0.00476236	-0.01487654	-0.03143156
9.266628	0.08061023	-0.05956936	0.08681224	-0.00171204	-0.01620976	-0.02468607
9.283295	0.08041204	-0.05989609	0.08648515	-0.01024399	-0.01809748	-0.01393447
9.299961	0.08022651	-0.06030866	0.08624870	-0.01935866	-0.01761343	0.00031766
9.316628	0.08002435	-0.06061221	0.08633824	-0.02643529	-0.01315122	0.01581467
9.333295	0.07944162	-0.06087279	0.08675009	-0.03175819	-0.00547441	0.03101406
9.349961	0.07870160	-0.06086115	0.08750794	-0.03589183	0.00321080	0.04460290
9.366628	0.07796246	-0.06071262	0.08841753	-0.03650934	0.01183127	0.05400784
9.383294	0.07742541	-0.06037292	0.08943710	-0.03250009	0.02014347	0.05857063
9.399961	0.07693595	-0.06001171	0.09047406	-0.02779287	0.02674212	0.05830144
9.416628	0.07655613	-0.05951323	0.09148477	-0.02471733	0.03123512	0.05446333
9.433294	0.07619479	-0.05890769	0.09240578	-0.02203645	0.03371862	0.04856778
9.449961	0.07580483	-0.05826543	0.09313894	-0.01867995	0.03446718	0.04218718
9.466627	0.07545256	-0.05766994	0.09373575	-0.01617744	0.03178237	0.03608484
9.483294	0.07524681	-0.05714909	0.09425344	-0.01346318	0.02598291	0.03051431
9.499961	0.07511639	-0.05671955	0.09474202	-0.00921261	0.01929526	0.02560272
9.516627	0.07494538	-0.05648340	0.09517649	-0.00361887	0.01385212	0.02118734
9.533294	0.07484737	-0.05638434	0.09547064	0.00191522	0.00951603	0.01599937
9.549960	0.07490741	-0.05630868	0.09568123	0.00695045	0.00579553	0.00905290
9.566628	0.07519033	-0.05617216	0.09582045	0.01210545	0.00527252	0.00563568
9.583294	0.07548127	-0.05608544	0.09581058	0.01506447	0.00370046	-0.00036188
9.599960	0.07573425	-0.05608350	0.09568067	0.01802348	0.00212840	-0.00635943
