Time	thumb tip right X	thumb tip right Y	thumb tip right Z	thumb tip right v(X)	thumb tip right v(Y)	thumb tip right v(Z)
0.00000000	0.00000000	0.00000000	0.00000000	0.00000000	0.00000000	0.00000000
0.01666660	0.01666660	0.01666660	0.01666660	0.01666660	0.01666660	0.01666660
0.000000	0.10367794	-0.05429801	0.09766879	0.01466757	-0.00896925	-0.03536782
0.016667	0.10394528	-0.05438956	0.09710362	0.00837322	-0.00802677	-0.03162583
0.033333	0.10408960	-0.05457312	0.09653772	0.00207887	-0.00708428	-0.02788384
0.050000	0.10409520	-0.05476353	0.09604864	0.00065044	-0.00508072	-0.02526610
0.066666	0.10397725	-0.05480362	0.09571422	-0.00184414	-0.00502532	-0.02171656
0.083333	0.10386156	-0.05473456	0.09544431	-0.00182957	-0.00411402	-0.01759998
0.100000	0.10386736	-0.05483676	0.09513569	-0.00079375	-0.00369887	-0.01353754
0.116666	0.10391558	-0.05495187	0.09490079	0.00023276	-0.00488592	-0.00884469
0.133333	0.10399261	-0.05508323	0.09475564	0.00050016	-0.00482338	-0.00153069
0.149999	0.10394878	-0.05513148	0.09477246	0.00031982	-0.00170723	0.00777516
0.166666	0.10391164	-0.05518980	0.09497537	-0.00010073	0.00293370	0.01668296
0.183333	0.10388813	-0.05511282	0.09539851	-0.00096158	0.00710829	0.02507164
0.199999	0.10394020	-0.05491970	0.09593040	-0.00185189	0.01229677	0.03396692
0.216666	0.10394060	-0.05462801	0.09649634	-0.00328512	0.01885461	0.04278051
0.233332	0.10383679	-0.05437758	0.09721894	-0.00571510	0.02422985	0.04997773
0.249999	0.10370046	-0.05386654	0.09818459	-0.00824797	0.02637723	0.05598765
0.266666	0.10352954	-0.05332454	0.09928063	-0.00817485	0.02656079	0.06056676
0.283332	0.10334910	-0.05274756	0.10034280	-0.00573790	0.02577609	0.06207979
0.299999	0.10321934	-0.05245828	0.10137115	-0.00226290	0.02414875	0.06064521
0.316665	0.10325655	-0.05214977	0.10235994	0.00195064	0.02342001	0.05874765
0.333332	0.10335612	-0.05181662	0.10331669	0.00679958	0.02494876	0.05725913
0.349999	0.10351688	-0.05132615	0.10423784	0.00865724	0.02890885	0.05531098
0.366665	0.10369320	-0.05078569	0.10518178	0.00591985	0.03211709	0.05290310
0.383332	0.10393340	-0.05020642	0.10606492	0.00222870	0.03264265	0.05033722
0.399998	0.10387683	-0.04960085	0.10687263	0.00073053	0.02982097	0.04640687
0.416665	0.10369509	-0.04908159	0.10761162	0.00099790	0.02462820	0.03987664
0.433332	0.10359757	-0.04870732	0.10829467	0.00254990	0.01773772	0.03151031
0.449998	0.10378184	-0.04850015	0.10879445	0.00601357	0.01060442	0.02253217
0.466665	0.10404909	-0.04843161	0.10904961	0.00891939	0.00493862	0.01361588
0.483331	0.10422854	-0.04842538	0.10912099	0.00831782	0.00137579	0.00541052
0.499998	0.10432874	-0.04845295	0.10912023	0.00452047	-0.00018569	-0.00086129
0.516665	0.10436592	-0.04845778	0.10907653	0.00157554	-0.00019983	-0.00503553
0.533331	0.10432482	-0.04846693	0.10896371	0.00191410	-0.00030510	-0.00859059
0.549998	0.10427730	-0.04845679	0.10878881	0.00365080	-0.00110815	-0.01301499
0.566664	0.10433815	-0.04843304	0.10855941	0.00470242	-0.00369448	-0.01885891
0.583331	0.10457517	-0.04851621	0.10822945	0.00501109	-0.00773204	-0.02621382
0.599998	0.10471576	-0.04862388	0.10776130	0.00428935	-0.01314169	-0.03428145
0.616664	0.10473832	-0.04895658	0.10709786	0.00255902	-0.01857644	-0.04069337
0.633331	0.10467198	-0.04928916	0.10627129	0.00089672	-0.02180864	-0.04416528
0.649997	0.10463405	-0.04978890	0.10540507	0.00023533	-0.02259193	-0.04603795
0.666664	0.10470652	-0.05020248	0.10467349	-0.00100371	-0.02197356	-0.04774798
0.683331	0.10475313	-0.05050990	0.10399999	-0.00364938	-0.02128077	-0.04891274
0.699997	0.10472670	-0.05079820	0.10319652	-0.00621698	-0.02083466	-0.05024349
0.716664	0.10448549	-0.05110478	0.10222672	-0.00752862	-0.02243217	-0.05298613
0.733330	0.10421360	-0.05153023	0.10129234	-0.00841517	-0.02450700	-0.05472846
0.749997	0.10411905	-0.05197902	0.10038598	-0.00852506	-0.02566998	-0.05235365
0.766664	0.10410115	-0.05248501	0.09948634	-0.00669132	-0.02559955	-0.04742973
0.783330	0.10399961	-0.05288643	0.09868663	-0.00499269	-0.02515976	-0.04273797
0.799997	0.10383490	-0.05326472	0.09807714	-0.00502514	-0.02387718	-0.03735706
0.816663	0.10374703	-0.05362243	0.09754287	-0.00490630	-0.02126972	-0.03039443
0.833330	0.10371744	-0.05405646	0.09703222	-0.00352753	-0.01767961	-0.02289934
0.849997	0.10366720	-0.05435292	0.09665138	-0.00231327	-0.01280965	-0.01555501
0.866663	0.10364191	-0.05453440	0.09647172	-0.00223831	-0.00641991	-0.00750776
0.883330	0.10360119	-0.05452877	0.09647597	-0.00281145	-0.00058113	0.00014510
0.899996	0.10356881	-0.05445917	0.09656458	-0.00361276	0.00282712	0.00553185
0.916663	0.10350475	-0.05430424	0.09674583	-0.00502048	0.00446612	0.00913955
0.933330	0.10340299	-0.05426053	0.09690739	-0.00549989	0.00480497	0.01237934
0.949996	0.10329319	-0.05420438	0.09709217	-0.00451220	0.00416875	0.01560121
0.966663	0.10313594	-0.05415110	0.09736542	-0.00196338	0.00246867	0.01914084
0.983329	0.10315542	-0.05406355	0.09773809	0.00012416	0.00211288	0.02509772
0.999996	0.10320257	-0.05402605	0.09818678	0.00173167	0.00550660	0.03415352
1.016663	0.10337134	-0.05409011	0.09871817	0.00285038	0.01257814	0.04438072
1.033329	0.10333293	-0.05392845	0.09954027	0.00319024	0.02024759	0.05314792
1.049996	0.10337055	-0.05341802	0.10063913	0.00285090	0.02753056	0.05971821
1.066662	0.10337605	-0.05267758	0.10182668	0.00312359	0.03395966	0.06295468
1.083329	0.10349884	-0.05204651	0.10289414	0.00457751	0.03683994	0.06052101
1.099996	0.10356413	-0.05151207	0.10386852	0.00515873	0.03390365	0.05349438
1.116662	0.10368484	-0.05094185	0.10473794	0.00478866	0.02882552	0.04650403
1.133329	0.10376401	-0.05040463	0.10541380	0.00526196	0.02640619	0.04252417
1.149995	0.10382318	-0.05009564	0.10596243	0.00843424	0.02632465	0.03993367
1.166662	0.10387248	-0.04976915	0.10657568	0.01195398	0.02498015	0.03690705
1.183329	0.10412788	-0.04933572	0.10731104	0.01407260	0.02235759	0.03386667
1.199995	0.10453746	-0.04875402	0.10794657	0.01471253	0.02041316	0.03143267
1.216662	0.10487092	-0.04845726	0.10835694	0.01405617	0.01874348	0.02869279
1.233328	0.10502227	-0.04830575	0.10867556	0.01199336	0.01562196	0.02524200
1.249995	0.10508926	-0.04815373	0.10909458	0.00984565	0.01166332	0.02214411
1.266662	0.10521948	-0.04785901	0.10955944	0.00845108	0.00991065	0.01965668
1.283328	0.10544059	-0.04764247	0.10991209	0.00716022	0.00956198	0.01651972
1.299995	0.10562409	-0.04757677	0.11009373	0.00495853	0.00828210	0.01201944
1.316661	0.10567918	-0.04750142	0.11019899	0.00211705	0.00609348	0.00756297
1.333328	0.10560547	-0.04738218	0.11029375	0.00068277	0.00456512	0.00348819
1.349995	0.10551804	-0.04727020	0.11036145	0.00125498	0.00240655	-0.00086002
1.366661	0.10552875	-0.04720632	0.11037759	0.00230276	-0.00079623	-0.00541600
1.383328	0.10569787	-0.04726708	0.11020403	0.00360945	-0.00413509	-0.01010858
1.399994	0.10583140	-0.04743446	0.10993954	0.00504149	-0.00759571	-0.01571427
1.416661	0.10584446	-0.04758821	0.10964440	0.00502916	-0.01136417	-0.02167837
1.433328	0.10587981	-0.04775712	0.10930561	0.00345168	-0.01410224	-0.02585451
1.449994	0.10597259	-0.04798894	0.10880933	0.00249178	-0.01502133	-0.02885800
1.466661	0.10605659	-0.04835214	0.10819894	0.00227445	-0.01545160	-0.03347809
1.483327	0.10605794	-0.04865726	0.10766003	0.00071388	-0.01768509	-0.04112040
1.499994	0.10604602	-0.04885852	0.10707485	-0.00262798	-0.02125736	-0.04954049
1.516661	0.10602584	-0.04910259	0.10622520	-0.00599912	-0.02510461	-0.05621482
1.533327	0.10590431	-0.04962498	0.10501680	-0.00790115	-0.02841380	-0.06016919
1.549994	0.10568544	-0.05026731	0.10377786	-0.00873383	-0.03096222	-0.06064640
1.566660	0.10546389	-0.05091298	0.10278584	-0.00744454	-0.03147358	-0.05708363
1.583327	0.10535657	-0.05131422	0.10201562	-0.00442656	-0.02935166	-0.05074253
1.599994	0.10531329	-0.05175362	0.10128126	-0.00155669	-0.02602513	-0.04542164
1.616660	0.10541811	-0.05215422	0.10051510	-0.00129570	-0.02397722	-0.04314645
1.633327	0.10542806	-0.05259995	0.09980114	-0.00377817	-0.02310921	-0.04187727
1.649993	0.10539804	-0.05294367	0.09912304	-0.00767364	-0.02071192	-0.03871442
1.666660	0.10513672	-0.05330346	0.09846266	-0.01108450	-0.01706154	-0.03452523
1.683327	0.10486653	-0.05358343	0.09789408	-0.01311807	-0.01390740	-0.03126239
1.699993	0.10459591	-0.05374783	0.09747369	-0.01341404	-0.01276027	-0.02926481
1.716660	0.10443866	-0.05386263	0.09706831	-0.01181842	-0.01267656	-0.02759162
1.733326	0.10424776	-0.05404620	0.09661563	-0.00970796	-0.01356151	-0.02508561
1.749993	0.10409881	-0.05435869	0.09608479	-0.00730398	-0.01440924	-0.02100294
1.766660	0.10395258	-0.05466476	0.09569495	-0.00455195	-0.01400242	-0.01493642
1.783326	0.10390148	-0.05492478	0.09553382	-0.00094664	-0.01138971	-0.00757615
1.799993	0.10392599	-0.05505384	0.09555879	0.00111375	-0.00699627	0.00051085
1.816659	0.10401616	-0.05513272	0.09567183	0.00105888	-0.00188996	0.00917505
1.833326	0.10413543	-0.05512353	0.09578776	-0.00070669	0.00362262	0.01863640
1.849993	0.10404757	-0.05504353	0.09609457	-0.00245684	0.01003217	0.02902978
1.866659	0.10394058	-0.05484726	0.09668493	-0.00266408	0.01629916	0.03957709
1.883326	0.10376903	-0.05450777	0.09753621	-0.00065387	0.02113818	0.04904379
1.899992	0.10380254	-0.05401139	0.09853534	0.00211925	0.02509716	0.05689104
1.916659	0.10395873	-0.05356139	0.09949331	0.00431763	0.02942946	0.06422538
1.933326	0.10413656	-0.05310425	0.10052370	0.00625464	0.03451627	0.07129634
1.949992	0.10419419	-0.05259649	0.10172070	0.00692728	0.03979634	0.07759025
1.966659	0.10422476	-0.05183657	0.10319404	0.00755522	0.04427922	0.08188113
1.983325	0.10436150	-0.05092640	0.10473597	0.00920802	0.04739264	0.08361977
1.999992	0.10455366	-0.05003508	0.10617069	0.01388198	0.04720301	0.08216339
2.016659	0.10483063	-0.04929272	0.10742220	0.01909524	0.04323217	0.07679400
2.033325	0.10510293	-0.04859566	0.10867024	0.02188866	0.03669595	0.06762297
2.049992	0.10564175	-0.04806876	0.10983308	0.02089442	0.02854075	0.05588964
2.066658	0.10606591	-0.04756052	0.11079460	0.01646827	0.01919639	0.04276662
2.083325	0.10639966	-0.04733207	0.11131128	0.01055837	0.00839801	0.02846454
2.099992	0.10637804	-0.04727398	0.11155502	0.00453467	-0.00256418	0.01429742
2.116658	0.10625799	-0.04744981	0.11163626	0.00041306	-0.01158937	0.00250281
2.133325	0.10624482	-0.04781590	0.11161814	-0.00085812	-0.01619413	-0.00529269
2.149991	0.10626755	-0.04818636	0.11145518	0.00126396	-0.01648509	-0.01051002
2.166658	0.10634277	-0.04852472	0.11116768	0.00425121	-0.01382911	-0.01476704
2.183325	0.10637522	-0.04866688	0.11088639	0.00626280	-0.01137230	-0.01900949
2.199991	0.10649697	-0.04872866	0.11058272	0.00636010	-0.01027404	-0.02258448
2.216658	0.10669125	-0.04884056	0.11021655	0.00512121	-0.01028831	-0.02551130
2.233324	0.10681731	-0.04908901	0.10970498	0.00249271	-0.01124519	-0.02888356
2.249991	0.10681450	-0.04936469	0.10916813	-0.00140548	-0.01262463	-0.03301697
2.266658	0.10671931	-0.04956653	0.10862428	-0.00555048	-0.01389775	-0.03746070
2.283324	0.10653660	-0.04971521	0.10801250	-0.00826172	-0.01550180	-0.04249620
2.299991	0.10641272	-0.04995891	0.10727319	-0.00892665	-0.01872189	-0.04846957
2.316657	0.10620667	-0.05029894	0.10638885	-0.00768784	-0.02365448	-0.05374300
2.333324	0.10610124	-0.05077833	0.10538272	-0.00617257	-0.02783736	-0.05616229
2.349991	0.10599226	-0.05131148	0.10435303	-0.00550242	-0.02941402	-0.05475804
2.366657	0.10599169	-0.05189351	0.10340118	-0.00549117	-0.02804615	-0.05027217
2.383324	0.10591003	-0.05235366	0.10262333	-0.00644429	-0.02390990	-0.04430640
2.399990	0.10577313	-0.05272813	0.10199390	-0.00805206	-0.01906268	-0.03901769
2.416657	0.10559516	-0.05295366	0.10143812	-0.00948519	-0.01579712	-0.03577541
2.433324	0.10540868	-0.05310230	0.10089800	-0.00872530	-0.01486885	-0.03354924
2.449990	0.10524166	-0.05331755	0.10030527	-0.00556371	-0.01521226	-0.03125285
2.466657	0.10513314	-0.05361982	0.09972930	-0.00216857	-0.01486222	-0.02895397
2.483323	0.10515333	-0.05397166	0.09929435	-0.00077252	-0.01234121	-0.02691343
2.499990	0.10529392	-0.05422851	0.09892794	-0.00098724	-0.00847611	-0.02492196
2.516657	0.10530221	-0.05425268	0.09857684	-0.00233346	-0.00429900	-0.02281351
2.533323	0.10517612	-0.05418854	0.09813931	-0.00446891	-0.00093813	-0.02098978
2.549990	0.10500297	-0.05415332	0.09774331	-0.00598429	0.00057385	-0.01884513
2.566656	0.10487663	-0.05417665	0.09747372	-0.00475431	-0.00008909	-0.01532769
2.583323	0.10484479	-0.05422791	0.09726074	-0.00120990	-0.00160486	-0.01025815
2.599990	0.10482071	-0.05421180	0.09713769	0.00267082	-0.00245505	-0.00543753
2.616656	0.10492275	-0.05426688	0.09706040	0.00434765	-0.00183747	-0.00092484
2.633323	0.10506243	-0.05432705	0.09711163	0.00391112	-0.00073338	0.00487654
2.649989	0.10521071	-0.05437718	0.09719690	0.00275330	0.00176825	0.01325046
2.666656	0.10518210	-0.05431433	0.09741800	0.00171971	0.00635787	0.02361024
2.683323	0.10511351	-0.05420946	0.09785765	0.00062377	0.01228531	0.03475341
2.699989	0.10508823	-0.05392164	0.09860131	-0.00147865	0.01887001	0.04645787
2.716656	0.10517954	-0.05357586	0.09952980	-0.00338258	0.02552479	0.05672694
2.733322	0.10517645	-0.05306249	0.10058043	-0.00496054	0.03123493	0.06308875
2.749989	0.10497286	-0.05248382	0.10173598	-0.00557872	0.03423483	0.06474309
2.766656	0.10477012	-0.05181412	0.10289212	-0.00309178	0.03465948	0.06271850
2.783322	0.10463623	-0.05118001	0.10395798	0.00338705	0.03257541	0.05774204
2.799989	0.10478190	-0.05068239	0.10486129	0.00970237	0.02860967	0.05046052
2.816655	0.10515140	-0.05024687	0.10562045	0.01173244	0.02359130	0.04342018
2.833322	0.10555787	-0.04992094	0.10626209	0.01000438	0.01989792	0.03924650
2.849988	0.10570058	-0.04963325	0.10678227	0.00784162	0.01807362	0.03729112
2.866655	0.10556758	-0.04939898	0.10737158	0.00576640	0.01662321	0.03462127
2.883322	0.10549749	-0.04910314	0.10804152	0.00462292	0.01410978	0.02984741
2.899988	0.10574549	-0.04880372	0.10864088	0.00623445	0.01021631	0.02371563
2.916655	0.10595278	-0.04861867	0.10896162	0.00960697	0.00568310	0.01697946
2.933321	0.10614177	-0.04861779	0.10902067	0.01076818	0.00150934	0.01034923
2.949988	0.10620363	-0.04872779	0.10906953	0.00753197	-0.00049183	0.00584679
2.966655	0.10640853	-0.04881489	0.10918070	0.00327186	-0.00022631	0.00504555
2.983321	0.10652693	-0.04878613	0.10928314	0.00030581	0.00194835	0.00639646
2.999988	0.10639595	-0.04865843	0.10938449	-0.00136473	0.00388149	0.00621519
3.016654	0.10627082	-0.04856935	0.10949064	-0.00347660	0.00333394	0.00325558
3.033321	0.10615572	-0.04845827	0.10963187	-0.00417417	0.00018122	-0.00086330
3.049988	0.10622807	-0.04849808	0.10958784	-0.00251968	-0.00368468	-0.00515888
3.066654	0.10616432	-0.04861191	0.10938455	-0.00013273	-0.00710444	-0.01099304
3.083321	0.10611887	-0.04882450	0.10912631	0.00136979	-0.01046893	-0.01882151
3.099988	0.10614780	-0.04901028	0.10884950	0.00163381	-0.01306638	-0.02662301
3.116654	0.10623701	-0.04919684	0.10839408	0.00188161	-0.01448514	-0.03343182
3.133321	0.10634581	-0.04948397	0.10768628	0.00086401	-0.01478151	-0.03968959
3.149987	0.10631114	-0.04977329	0.10687146	-0.00102479	-0.01535744	-0.04523862
3.166654	0.10625570	-0.05005056	0.10608473	-0.00251890	-0.01628286	-0.04858025
3.183321	0.10613419	-0.05025128	0.10530011	-0.00274849	-0.01724107	-0.04989275
3.199987	0.10608903	-0.05052340	0.10445923	-0.00252885	-0.01841206	-0.05059624
3.216654	0.10610306	-0.05087348	0.10357656	-0.00249465	-0.01968258	-0.05023034
3.233320	0.10610866	-0.05126201	0.10268887	-0.00210498	-0.02013915	-0.04778289
3.249987	0.10603539	-0.05163051	0.10186595	-0.00163012	-0.01909333	-0.04470854
3.266654	0.10594629	-0.05193033	0.10119643	-0.00116967	-0.01759501	-0.04297929
3.283320	0.10592885	-0.05216529	0.10061478	-0.00048429	-0.01669656	-0.04197164
3.299987	0.10599224	-0.05240124	0.09994137	0.00044484	-0.01565107	-0.04035791
3.316653	0.10602979	-0.05267720	0.09914371	0.00072524	-0.01387557	-0.03860914
3.333320	0.10603733	-0.05299426	0.09842703	0.00014633	-0.01188128	-0.03655962
3.349987	0.10600314	-0.05315878	0.09791467	0.00020862	-0.01049702	-0.03304234
3.366653	0.10597489	-0.05324453	0.09747290	0.00171692	-0.00946004	-0.02891574
3.383320	0.10598554	-0.05331579	0.09702357	0.00278560	-0.00925411	-0.02638887
3.399986	0.10610197	-0.05352394	0.09656730	0.00212275	-0.01050359	-0.02434718
3.416653	0.10624083	-0.05374701	0.09615166	0.00031140	-0.01154394	-0.01969677
3.433320	0.10622264	-0.05398067	0.09578563	-0.00200149	-0.01040740	-0.01199444
3.449986	0.10607818	-0.05416622	0.09560723	-0.00467720	-0.00696334	-0.00306347
3.466653	0.10591884	-0.05426458	0.09568285	-0.00691219	-0.00272707	0.00682614
3.483319	0.10582742	-0.05425154	0.09594797	-0.00711094	0.00246328	0.01879998
3.499986	0.10575034	-0.05415287	0.09629158	-0.00529414	0.00848569	0.03183072
3.516653	0.10561133	-0.05400301	0.09683426	-0.00392528	0.01559422	0.04471406
3.533319	0.10555232	-0.05370909	0.09772003	-0.00235447	0.02367610	0.05681873
3.549986	0.10556020	-0.05327852	0.09887280	0.00120055	0.03268810	0.06737076
3.566652	0.10554168	-0.05261261	0.10018788	0.00639441	0.03984225	0.07413220
3.583319	0.10569062	-0.05182923	0.10147373	0.00975296	0.04329135	0.07618935
3.599986	0.10590602	-0.05092703	0.10278012	0.01085435	0.04352023	0.07431570
3.616652	0.10628247	-0.05023890	0.10400563	0.01091425	0.04118198	0.06989012
3.633319	0.10639959	-0.04962129	0.10517904	0.01051594	0.03674956	0.06405148
3.649985	0.10648081	-0.04908786	0.10619597	0.00971001	0.03152366	0.05759542
3.666652	0.10655586	-0.04854555	0.10707292	0.00894043	0.02736764	0.05037346
3.683319	0.10678311	-0.04810705	0.10783511	0.00849757	0.02251103	0.04131266
3.699985	0.10702364	-0.04778739	0.10852589	0.00689733	0.01611362	0.03162419
3.716652	0.10715226	-0.04752821	0.10901119	0.00511827	0.00965322	0.02330838
3.733318	0.10712018	-0.04746336	0.10923450	0.00414816	0.00504369	0.01612074
3.749985	0.10706159	-0.04748478	0.10933509	0.00404509	0.00140448	0.00834051
3.766652	0.10714925	-0.04751685	0.10948391	0.00370962	-0.00138809	0.00073124
3.783318	0.10736904	-0.04750838	0.10955580	0.00362413	-0.00296531	-0.00505390
3.799985	0.10747905	-0.04754820	0.10937902	0.00294240	-0.00408830	-0.01018200
3.816651	0.10741457	-0.04764503	0.10902938	0.00090316	-0.00628541	-0.01685432
3.833318	0.10735522	-0.04778738	0.10871274	-0.00177295	-0.01002651	-0.02414225
3.849985	0.10731431	-0.04792143	0.10837747	-0.00255519	-0.01436671	-0.02968301
3.866651	0.10734284	-0.04818879	0.10784137	-0.00106007	-0.01832314	-0.03368521
3.883318	0.10725448	-0.04855501	0.10710935	0.00057951	-0.02147422	-0.03787063
3.899984	0.10726693	-0.04902440	0.10638885	0.00049267	-0.02461987	-0.04264782
3.916651	0.10733100	-0.04944358	0.10573843	-0.00084769	-0.02743184	-0.04702282
3.933318	0.10739578	-0.04984056	0.10502870	-0.00243285	-0.02927781	-0.05076250
3.949984	0.10731146	-0.05036260	0.10409103	-0.00357659	-0.03028714	-0.05448214
3.966651	0.10713708	-0.05092945	0.10303757	-0.00320000	-0.03228232	-0.05747062
3.983317	0.10699193	-0.05151139	0.10200552	-0.00138309	-0.03425429	-0.05797338
3.999984	0.10704795	-0.05202224	0.10106534	0.00152439	-0.03453939	-0.05557451
4.016651	0.10718316	-0.05263847	0.10018729	0.00313224	-0.03202391	-0.05186437
4.033317	0.10731692	-0.05322950	0.09934320	0.00219834	-0.02819168	-0.04835439
4.049984	0.10735331	-0.05375044	0.09855948	-0.00140936	-0.02375297	-0.04493992
4.066650	0.10723225	-0.05398927	0.09783987	-0.00619552	-0.01859091	-0.04119428
4.083317	0.10710624	-0.05422355	0.09717101	-0.01039979	-0.01387065	-0.03709126
4.099984	0.10685890	-0.05438013	0.09659989	-0.01229403	-0.01099805	-0.03216883
4.116650	0.10662433	-0.05459931	0.09607626	-0.01100381	-0.01032630	-0.02601142
4.133317	0.10637254	-0.05473861	0.09566719	-0.00836767	-0.00860251	-0.01835294
4.149983	0.10624248	-0.05488312	0.09540398	-0.00635101	-0.00504380	-0.01001369
4.166650	0.10629863	-0.05503010	0.09530944	-0.00517549	-0.00218480	-0.00177421
4.183317	0.10626133	-0.05496854	0.09542128	-0.00360636	-0.00168363	0.00571328
4.199983	0.10614502	-0.05486764	0.09558383	-0.00280657	-0.00105011	0.01221982
4.216650	0.10599255	-0.05488548	0.09584501	-0.00393083	0.00095899	0.01831639
4.233316	0.10600034	-0.05501633	0.09615459	-0.00532927	0.00418486	0.02567745
4.249983	0.10602970	-0.05503875	0.09658778	-0.00454767	0.00922702	0.03499284
4.266650	0.10587060	-0.05476456	0.09722652	-0.00103105	0.01612999	0.04416904
4.283316	0.10570046	-0.05432620	0.09810219	0.00248362	0.02333064	0.05112277
4.299983	0.10574403	-0.05384380	0.09915430	0.00669106	0.02786454	0.05500119
4.316649	0.10608706	-0.05336529	0.10015003	0.01102757	0.03088189	0.05655423
4.333316	0.10637245	-0.05286126	0.10103344	0.01382137	0.03408125	0.05601309
4.349983	0.10664224	-0.05233726	0.10188238	0.01293836	0.03722871	0.05424581
4.366649	0.10672366	-0.05160835	0.10281646	0.01043383	0.03898090	0.05326188
4.383316	0.10693737	-0.05088713	0.10374509	0.00954893	0.03931249	0.05389105
4.399982	0.10700968	-0.05015211	0.10461681	0.01071316	0.03757067	0.05382947
4.416649	0.10722273	-0.04961877	0.10547677	0.01024247	0.03308405	0.05041161
4.433316	0.10742544	-0.04908488	0.10640065	0.00599078	0.02661596	0.04482652
4.449982	0.10768639	-0.04866962	0.10719030	0.00104856	0.02023824	0.03941123
4.466649	0.10759551	-0.04836220	0.10771731	-0.00199825	0.01483526	0.03328504
4.483315	0.10733018	-0.04824280	0.10810959	-0.00330576	0.00956247	0.02511951
4.499982	0.10711968	-0.04813376	0.10853159	-0.00383356	0.00555875	0.01763850
4.516649	0.10724087	-0.04808763	0.10885035	-0.00126724	0.00382481	0.01304606
4.533315	0.10735076	-0.04803808	0.10894409	0.00220072	0.00451306	0.00884369
4.549982	0.10736262	-0.04800812	0.10896707	0.00193824	0.00577657	0.00298758
4.566648	0.10736869	-0.04789961	0.10904636	-0.00186645	0.00579367	-0.00214321
4.583315	0.10736212	-0.04770910	0.10903777	-0.00443486	0.00388527	-0.00568444
4.599981	0.10723972	-0.04757973	0.10885731	-0.00465376	0.00025729	-0.01043361
4.616648	0.10706330	-0.04763010	0.10861164	-0.00395814	-0.00483161	-0.01712337
4.633315	0.10696645	-0.04781539	0.10832549	-0.00217252	-0.01062049	-0.02348723
4.649981	0.10701904	-0.04808770	0.10790545	0.00101429	-0.01510445	-0.02955747
4.666648	0.10708225	-0.04834175	0.10732644	0.00301381	-0.01768967	-0.03705010
4.683314	0.10718673	-0.04868620	0.10665680	0.00214812	-0.01969558	-0.04443347
4.699981	0.10725529	-0.04899535	0.10585723	-0.00126556	-0.02177940	-0.04961440
4.716648	0.10720497	-0.04938031	0.10490986	-0.00611162	-0.02316482	-0.05370411
4.733315	0.10707198	-0.04980294	0.10396552	-0.01042348	-0.02462432	-0.05833351
4.749981	0.10678241	-0.05024206	0.10302533	-0.01117230	-0.02768418	-0.06314176
4.766647	0.10648531	-0.05065090	0.10199931	-0.00892654	-0.03146309	-0.06734141
4.783314	0.10630552	-0.05117058	0.10079046	-0.00544461	-0.03428525	-0.06906060
4.799981	0.10637008	-0.05183516	0.09947436	-0.00247837	-0.03419692	-0.06558031
4.816648	0.10645317	-0.05256466	0.09824872	-0.00079919	-0.03093954	-0.05657286
4.833314	0.10648290	-0.05311995	0.09736693	-0.00129406	-0.02503232	-0.04498209
4.849980	0.10633656	-0.05338815	0.09686866	-0.00412812	-0.01723622	-0.03348435
4.866647	0.10626456	-0.05351811	0.09656404	-0.00655780	-0.00941511	-0.02331680
4.883314	0.10614065	-0.05361146	0.09620613	-0.00653240	-0.00386445	-0.01614845
4.899981	0.10600365	-0.05366190	0.09589898	-0.00405201	-0.00222030	-0.01273835
4.916647	0.10589916	-0.05365117	0.09575179	-0.00177623	-0.00245119	-0.01063835
4.933313	0.10589051	-0.05359624	0.09569955	0.00037838	-0.00250048	-0.00791493
4.949980	0.10603778	-0.05373150	0.09557248	0.00183412	-0.00298281	-0.00490958
4.966647	0.10606639	-0.05381041	0.09543464	0.00092738	-0.00373056	-0.00022899
4.983314	0.10611837	-0.05388938	0.09536467	-0.00243445	-0.00285736	0.00845216
4.999980	0.10603074	-0.05392231	0.09551749	-0.00557932	0.00061527	0.02186099
5.016646	0.10585517	-0.05390475	0.09600043	-0.00699124	0.00655631	0.03825076
5.033313	0.10566952	-0.05383108	0.09680177	-0.00778939	0.01563619	0.05523178
5.049980	0.10554382	-0.05353850	0.09792794	-0.00761322	0.02605920	0.06988218
5.066647	0.10549671	-0.05298996	0.09926116	-0.00639184	0.03590623	0.08047091
5.083313	0.10538013	-0.05217975	0.10076622	-0.00523659	0.04347051	0.08674962
5.099979	0.10526131	-0.05131882	0.10229209	-0.00655136	0.04898305	0.08936050
5.116646	0.10519334	-0.05049008	0.10380583	-0.00762689	0.05027782	0.08841908
5.133313	0.10509613	-0.04969833	0.10527863	-0.00547620	0.04679076	0.08350071
5.149979	0.10485999	-0.04877782	0.10670342	-0.00237935	0.04006311	0.07486645
5.166646	0.10481683	-0.04813734	0.10795234	-0.00102759	0.03086356	0.06307776
5.183312	0.10493625	-0.04765475	0.10892119	-0.00001803	0.01933512	0.04951013
5.199979	0.10508760	-0.04754738	0.10956992	0.00255437	0.00715922	0.03565676
5.216646	0.10502291	-0.04755618	0.10997864	0.00462646	-0.00278334	0.02249913
5.233312	0.10496019	-0.04771149	0.11024538	0.00451537	-0.00990743	0.01091269
5.249979	0.10512961	-0.04795583	0.11037194	0.00408580	-0.01306519	0.00207760
5.266645	0.10534628	-0.04822132	0.11029538	0.00496796	-0.01200634	-0.00423794
5.283312	0.10542071	-0.04852582	0.11008556	0.00565509	-0.00822732	-0.00945285
5.299979	0.10539635	-0.04864534	0.10987499	0.00494359	-0.00473129	-0.01379399
5.316645	0.10540990	-0.04855307	0.10967748	0.00356176	-0.00250098	-0.01610118
5.333312	0.10559056	-0.04848631	0.10939336	0.00273456	-0.00103185	-0.01667625
5.349978	0.10569263	-0.04850916	0.10902625	0.00224990	-0.00159886	-0.01749668
5.366645	0.10567831	-0.04868119	0.10871302	0.00099544	-0.00493992	-0.02010141
5.383312	0.10560096	-0.04871640	0.10846297	-0.00043269	-0.00993831	-0.02400434
5.399978	0.10556465	-0.04881848	0.10813105	-0.00081677	-0.01470285	-0.02913874
5.416645	0.10559894	-0.04908736	0.10755315	-0.00067123	-0.01904324	-0.03529406
5.433311	0.10563496	-0.04956330	0.10683300	-0.00134480	-0.02222614	-0.03996172
5.449978	0.10561174	-0.05006394	0.10602932	-0.00221224	-0.02193473	-0.04126833
5.466645	0.10553992	-0.05047085	0.10530305	-0.00149664	-0.01847675	-0.04023866
5.483311	0.10540011	-0.05068156	0.10471300	0.00041112	-0.01447683	-0.03916067
5.499978	0.10543106	-0.05080117	0.10415290	0.00182700	-0.01217150	-0.03891491
5.516644	0.10558135	-0.05091249	0.10353303	0.00184961	-0.01114855	-0.03915877
5.533311	0.10572289	-0.05116511	0.10278453	0.00093460	-0.01101424	-0.03913269
5.549978	0.10569986	-0.05143268	0.10205039	-0.00017442	-0.01135970	-0.03848046
5.566644	0.10552406	-0.05160199	0.10144519	-0.00079651	-0.01102254	-0.03760435
5.583311	0.10545711	-0.05172743	0.10091299	-0.00107278	-0.00952130	-0.03759593
5.599977	0.10553673	-0.05186338	0.10036375	-0.00143484	-0.00801406	-0.03798701
5.616644	0.10564325	-0.05202496	0.09966788	-0.00153620	-0.00745482	-0.03744051
5.633311	0.10560038	-0.05215906	0.09889317	-0.00243896	-0.00752726	-0.03561090
5.649977	0.10538767	-0.05223344	0.09829367	-0.00363847	-0.00889871	-0.03338887
5.666644	0.10532067	-0.05235836	0.09785555	-0.00352261	-0.01098140	-0.03101156
5.683311	0.10526251	-0.05251895	0.09749846	-0.00128460	-0.01323556	-0.02939515
5.699977	0.10534386	-0.05287170	0.09697079	0.00053954	-0.01455261	-0.02912164
5.716644	0.10535996	-0.05314567	0.09640267	0.00039090	-0.01484445	-0.02820872
5.733310	0.10540563	-0.05343009	0.09585761	-0.00059467	-0.01397820	-0.02285039
5.749977	0.10534760	-0.05355880	0.09546208	-0.00136316	-0.01144905	-0.01186275
5.766644	0.10527793	-0.05375933	0.09530392	-0.00208867	-0.00720828	0.00235294
5.783310	0.10523122	-0.05391633	0.09549949	-0.00279837	-0.00130723	0.01749027
5.799977	0.10524683	-0.05396223	0.09598559	-0.00298442	0.00613912	0.03240315
5.816643	0.10517289	-0.05376906	0.09669614	-0.00245643	0.01540101	0.04534583
5.833310	0.10512767	-0.05339446	0.09753054	-0.00084550	0.02444057	0.05393352
5.849977	0.10502055	-0.05285806	0.09857974	0.00164662	0.03129566	0.05786330
5.866643	0.10510712	-0.05225727	0.09966807	0.00447297	0.03487571	0.05825908
5.883310	0.10525294	-0.05160503	0.10068227	0.00682092	0.03510661	0.05548041
5.899976	0.10544963	-0.05099678	0.10154353	0.00836286	0.03302470	0.05059955
5.916643	0.10558490	-0.05044257	0.10230748	0.00915367	0.03014634	0.04583206
5.933310	0.10567951	-0.05002153	0.10299478	0.00980824	0.02644333	0.04192123
5.949976	0.10582270	-0.04961700	0.10368427	0.00937343	0.02198316	0.03848438
5.966643	0.10605426	-0.04924397	0.10432430	0.00756583	0.01710811	0.03596428
5.983309	0.10625512	-0.04897020	0.10490397	0.00553208	0.01353107	0.03526508
5.999976	0.10630868	-0.04881253	0.10538750	0.00422453	0.01141732	0.03523222
6.016643	0.10620969	-0.04876935	0.10595183	0.00302513	0.01031531	0.03358281
6.033309	0.10622917	-0.04857620	0.10661911	0.00144516	0.00967192	0.02958392
6.049976	0.10635517	-0.04835436	0.10722219	0.00040308	0.00935303	0.02416162
6.066642	0.10645268	-0.04812677	0.10754421	0.00092972	0.00848170	0.01757193
6.083309	0.10636698	-0.04803730	0.10763718	0.00183687	0.00627751	0.01079038
6.099976	0.10625452	-0.04800024	0.10769935	0.00207380	0.00380048	0.00558658
6.116642	0.10635038	-0.04796226	0.10779753	0.00300580	0.00181653	0.00273367
6.133309	0.10652915	-0.04792989	0.10788183	0.00395337	0.00122665	0.00076074
6.149975	0.10663701	-0.04790450	0.10787250	0.00335952	0.00096878	-0.00197244
6.166642	0.10668068	-0.04792476	0.10778785	0.00051979	0.00073394	-0.00578469
6.183309	0.10656096	-0.04789753	0.10765907	-0.00179582	-0.00038633	-0.01055059
6.199975	0.10655341	-0.04790443	0.10748117	-0.00238241	-0.00259175	-0.01642453
6.216642	0.10642252	-0.04788757	0.10720670	-0.00154187	-0.00576266	-0.02400773
6.233308	0.10648590	-0.04804004	0.10675678	-0.00091665	-0.00999105	-0.03391011
6.249975	0.10646944	-0.04824885	0.10611903	-0.00078388	-0.01613303	-0.04550840
6.266642	0.10651345	-0.04856549	0.10526713	-0.00133958	-0.02395207	-0.05699497
6.283308	0.10643506	-0.04895057	0.10417919	-0.00356817	-0.03164431	-0.06629390
6.299975	0.10638948	-0.04957117	0.10292832	-0.00584482	-0.03832655	-0.07197398
6.316641	0.10625747	-0.05034732	0.10159460	-0.00812612	-0.04299187	-0.07274172
6.333308	0.10609727	-0.05118693	0.10033184	-0.01038835	-0.04330461	-0.06735694
6.349975	0.10591079	-0.05195522	0.09919354	-0.01270169	-0.03832003	-0.05720199
6.366641	0.10568442	-0.05261147	0.09828942	-0.01283755	-0.03125729	-0.04651625
6.383308	0.10541445	-0.05299570	0.09771343	-0.01076583	-0.02490493	-0.03898476
6.399974	0.10516877	-0.05325119	0.09729236	-0.00732484	-0.01995015	-0.03578316
6.416641	0.10510369	-0.05350478	0.09680358	-0.00350846	-0.01687515	-0.03667138
6.433308	0.10514729	-0.05382532	0.09611109	0.00028461	-0.01644519	-0.03996649
6.449974	0.10523913	-0.05411833	0.09530128	0.00265380	-0.01704458	-0.04198013
6.466641	0.10527137	-0.05436647	0.09453036	0.00288793	-0.01720469	-0.03973578
6.483307	0.10532234	-0.05464960	0.09384732	0.00161637	-0.01603615	-0.03239064
6.499974	0.10533815	-0.05493728	0.09336158	-0.00050176	-0.01351964	-0.02090135
6.516641	0.10535298	-0.05522648	0.09306499	-0.00289896	-0.00910936	-0.00564984
6.533307	0.10527886	-0.05535093	0.09306508	-0.00547914	-0.00196776	0.01299163
6.549973	0.10513876	-0.05533408	0.09338696	-0.00765621	0.00706132	0.03310191
6.566640	0.10496826	-0.05513021	0.09413761	-0.00886980	0.01728571	0.05257166
6.583307	0.10479065	-0.05473295	0.09527567	-0.00763691	0.02661963	0.06849428
6.599974	0.10465381	-0.05422511	0.09664737	-0.00393556	0.03437224	0.07844654
6.616640	0.10456242	-0.05349179	0.09814838	0.00125822	0.03965180	0.08187576
6.633307	0.10464682	-0.05280039	0.09956130	0.00687859	0.04232433	0.08035669
6.649973	0.10484515	-0.05200132	0.10086467	0.01263653	0.04189869	0.07495195
6.666640	0.10513710	-0.05132633	0.10205612	0.01619867	0.03827623	0.06614883
6.683307	0.10545089	-0.05066190	0.10315030	0.01515376	0.03251316	0.05600370
6.699973	0.10581152	-0.05015613	0.10404856	0.01214502	0.02621577	0.04739326
6.716640	0.10598750	-0.04981360	0.10465112	0.01037661	0.02136891	0.04108971
6.733306	0.10597817	-0.04958359	0.10514331	0.00966434	0.01742552	0.03537181
6.749973	0.10605048	-0.04934324	0.10573153	0.00809267	0.01410937	0.03036139
6.766640	0.10629013	-0.04905839	0.10634524	0.00720437	0.01161198	0.02743669
6.783306	0.10657012	-0.04883640	0.10677270	0.00770196	0.01004013	0.02596191
6.799973	0.10659449	-0.04875938	0.10703785	0.00909757	0.00901844	0.02364354
6.816639	0.10660563	-0.04867869	0.10736348	0.01013521	0.00768875	0.01941644
6.833306	0.10672894	-0.04856113	0.10781924	0.01098652	0.00589192	0.01402268
6.849973	0.10712274	-0.04834371	0.10815161	0.01235084	0.00344449	0.00738188
6.866639	0.10742275	-0.04828219	0.10816771	0.01201195	0.00063287	-0.00121464
6.883306	0.10757754	-0.04834812	0.10794335	0.00867288	-0.00253028	-0.01142268
6.899972	0.10763658	-0.04852702	0.10763776	0.00235082	-0.00670656	-0.02189049
6.916639	0.10762323	-0.04861917	0.10730129	-0.00292589	-0.01151315	-0.03224825
6.933306	0.10760438	-0.04873241	0.10675529	-0.00654838	-0.01727387	-0.04287875
6.949972	0.10735081	-0.04903075	0.10591611	-0.00986520	-0.02430568	-0.05334473
6.966639	0.10720036	-0.04954435	0.10481600	-0.01246446	-0.03126090	-0.06137686
6.983305	0.10693695	-0.05023875	0.10362960	-0.01154260	-0.03572515	-0.06561115
6.999972	0.10670595	-0.05095240	0.10248303	-0.00815574	-0.03664674	-0.06666806
7.016638	0.10652854	-0.05154529	0.10144199	-0.00586721	-0.03492306	-0.06551828
7.033305	0.10656288	-0.05208119	0.10038026	-0.00378521	-0.03156168	-0.06321713
7.049972	0.10661332	-0.05252952	0.09930123	-0.00024997	-0.02752103	-0.06096198
7.066638	0.10654347	-0.05302859	0.09825656	0.00303095	-0.02399166	-0.05909076
7.083305	0.10649765	-0.05340431	0.09732234	0.00452811	-0.02134848	-0.05642258
7.099971	0.10668827	-0.05369091	0.09643741	0.00495399	-0.01836669	-0.05183882
7.116638	0.10686627	-0.05395300	0.09555811	0.00427903	-0.01428306	-0.04631981
7.133305	0.10703254	-0.05420792	0.09476539	0.00070390	-0.00974052	-0.04095452
7.149971	0.10691432	-0.05438600	0.09417775	-0.00424279	-0.00567319	-0.03579053
7.166638	0.10677125	-0.05441662	0.09368043	-0.00716648	-0.00356061	-0.03084720
7.183304	0.10650104	-0.05431734	0.09324798	-0.00616639	-0.00502806	-0.02787441
7.199971	0.10639600	-0.05432625	0.09277200	-0.00440242	-0.01000969	-0.02486291
7.216638	0.10639910	-0.05452050	0.09236880	-0.00451246	-0.01635927	-0.01844566
7.233305	0.10654213	-0.05499986	0.09193540	-0.00580615	-0.01955657	-0.00666431
7.249971	0.10636894	-0.05550042	0.09186818	-0.00902589	-0.01689770	0.00985168
7.266637	0.10611548	-0.05587869	0.09212489	-0.01396483	-0.00724682	0.02992150
7.283304	0.10576506	-0.05586902	0.09291227	-0.01649759	0.00850299	0.05178994
7.299971	0.10549168	-0.05560916	0.09396574	-0.01338089	0.02664450	0.07140922
7.316638	0.10518485	-0.05496117	0.09536734	-0.00757220	0.04203342	0.08563475
7.333304	0.10511143	-0.05406080	0.09700871	-0.00194860	0.05214429	0.09368993
7.349970	0.10521644	-0.05294467	0.09874537	0.00358378	0.05622329	0.09615684
7.366637	0.10540717	-0.05193664	0.10039841	0.00937190	0.05339295	0.09259026
7.383304	0.10552326	-0.05101727	0.10193723	0.01286136	0.04389959	0.08448489
7.399971	0.10574866	-0.05036914	0.10326080	0.01379499	0.03071691	0.07315888
7.416637	0.10605310	-0.04992868	0.10442090	0.01289969	0.01733630	0.05965298
7.433303	0.10635148	-0.04986030	0.10532350	0.01029820	0.00559576	0.04507757
7.449970	0.10651954	-0.04991272	0.10595296	0.00757112	-0.00290436	0.03066850
7.466637	0.10651835	-0.05010802	0.10629542	0.00625132	-0.00675828	0.01734994
7.483304	0.10646601	-0.05025763	0.10641911	0.00577970	-0.00642692	0.00608972
7.499970	0.10662974	-0.05040297	0.10640408	0.00659182	-0.00478763	-0.00268125
7.516636	0.10684285	-0.05040456	0.10628689	0.00945453	-0.00232707	-0.00918433
7.533303	0.10702696	-0.05039598	0.10607074	0.01128544	0.00037609	-0.01441611
7.549970	0.10715356	-0.05039952	0.10579059	0.00975196	0.00234152	-0.01949996
7.566636	0.10738114	-0.05034910	0.10542785	0.00786017	0.00108948	-0.02520810
7.583303	0.10752061	-0.05027362	0.10499803	0.00766806	-0.00332983	-0.03213221
7.599969	0.10756434	-0.05022420	0.10442661	0.00666312	-0.00977609	-0.04037068
7.616636	0.10764658	-0.05047807	0.10369813	0.00257054	-0.01783834	-0.04939665
7.633303	0.10779030	-0.05093055	0.10277429	-0.00203301	-0.02732357	-0.05787843
7.649969	0.10778579	-0.05149166	0.10169771	-0.00564488	-0.03419026	-0.06284370
7.666636	0.10752778	-0.05213071	0.10051593	-0.00854537	-0.03540768	-0.06303842
7.683302	0.10723991	-0.05285237	0.09935364	-0.00960276	-0.03288735	-0.05947040
7.699969	0.10705391	-0.05340879	0.09842074	-0.00790253	-0.02753047	-0.05372136
7.716636	0.10700836	-0.05379562	0.09764687	-0.00550529	-0.01939683	-0.04679982
7.733302	0.10703342	-0.05402658	0.09697525	-0.00423433	-0.01007561	-0.04075257
7.749969	0.10698283	-0.05411286	0.09631426	-0.00415416	-0.00307666	-0.03721017
7.766635	0.10684273	-0.05407649	0.09573312	-0.00423552	0.00003316	-0.03589391
7.783302	0.10671665	-0.05392111	0.09518734	-0.00408577	0.00073841	-0.03472714
7.799969	0.10664710	-0.05389293	0.09462340	-0.00307192	-0.00061462	-0.03306369
7.816635	0.10669530	-0.05399306	0.09400763	-0.00170686	-0.00379571	-0.03142671
7.833302	0.10665961	-0.05408016	0.09350356	-0.00153002	-0.00590839	-0.02933283
7.849968	0.10666002	-0.05425394	0.09303527	-0.00324359	-0.00590757	-0.02674915
7.866635	0.10658512	-0.05435323	0.09265869	-0.00566924	-0.00542373	-0.02399376
7.883302	0.10647814	-0.05439706	0.09227511	-0.00741794	-0.00622223	-0.02233320
7.899968	0.10630490	-0.05446103	0.09189974	-0.00856552	-0.00828404	-0.02149300
7.916635	0.10611893	-0.05454528	0.09158790	-0.00906210	-0.01101381	-0.01971029
7.933301	0.10598050	-0.05485786	0.09121218	-0.00963748	-0.01340346	-0.01455961
7.949968	0.10585217	-0.05514647	0.09092857	-0.01145136	-0.01417330	-0.00435928
7.966635	0.10569724	-0.05542841	0.09081118	-0.01466280	-0.01114161	0.01206455
7.983301	0.10544924	-0.05561547	0.09107435	-0.01774229	-0.00218219	0.03423030
7.999968	0.10503341	-0.05564893	0.09185196	-0.01960505	0.01117433	0.05840601
8.016635	0.10462480	-0.05545976	0.09310585	-0.02012514	0.02724128	0.08060122
8.033301	0.10428204	-0.05478920	0.09479354	-0.01692332	0.04227571	0.09722167
8.049968	0.10404382	-0.05385496	0.09662765	-0.00963297	0.05428412	0.10689290
8.066634	0.10384469	-0.05267266	0.09854492	0.00013907	0.05972359	0.10863429
8.083301	0.10392272	-0.05163340	0.10039529	0.00976958	0.05760352	0.10342431
8.099968	0.10419469	-0.05060040	0.10216546	0.01749578	0.05012709	0.09326417
8.116634	0.10473407	-0.04989170	0.10365096	0.02187905	0.04054721	0.07995835
8.133301	0.10516903	-0.04929574	0.10486981	0.02203544	0.03151012	0.06504435
8.149967	0.10554601	-0.04893824	0.10575840	0.01998533	0.02361851	0.05002034
8.166634	0.10576072	-0.04860237	0.10646323	0.01662213	0.01778109	0.03647778
8.183301	0.10596528	-0.04834854	0.10693514	0.01257633	0.01311931	0.02539995
8.199967	0.10625692	-0.04815602	0.10725670	0.00916771	0.00976354	0.01736227
8.216634	0.10639974	-0.04803246	0.10740971	0.00790823	0.00797958	0.01141158
8.233300	0.10642849	-0.04797830	0.10753039	0.00677622	0.00719457	0.00607724
8.249967	0.10645404	-0.04789482	0.10764047	0.00508798	0.00542013	0.00005912
8.266633	0.10659745	-0.04770285	0.10767776	0.00391496	0.00296180	-0.00673267
8.283300	0.10674474	-0.04762275	0.10751224	0.00303270	-0.00013428	-0.01466235
8.299967	0.10677003	-0.04768197	0.10714235	0.00114084	-0.00550472	-0.02370594
8.316633	0.10671498	-0.04785785	0.10664571	-0.00235983	-0.01262539	-0.03322171
8.333300	0.10664839	-0.04809321	0.10605323	-0.00462128	-0.01937773	-0.04154885
8.349966	0.10656029	-0.04846460	0.10530432	-0.00425139	-0.02497990	-0.04821961
8.366633	0.10641766	-0.04895948	0.10437787	-0.00383680	-0.03004800	-0.05308422
8.383300	0.10638540	-0.04954758	0.10339659	-0.00623754	-0.03337145	-0.05549707
8.399966	0.10639142	-0.05013467	0.10240670	-0.01001742	-0.03288979	-0.05456805
8.416633	0.10626963	-0.05077342	0.10151322	-0.01289034	-0.02918166	-0.05118316
8.433299	0.10586540	-0.05125027	0.10068103	-0.01415337	-0.02455837	-0.04736264
8.449966	0.10546300	-0.05157259	0.09997047	-0.01329837	-0.02025523	-0.04396121
8.466633	0.10523521	-0.05176947	0.09928953	-0.00901949	-0.01701600	-0.04099877
8.483299	0.10524281	-0.05201257	0.09861185	-0.00304860	-0.01581308	-0.03848888
8.499966	0.10528570	-0.05230041	0.09796949	0.00082285	-0.01533937	-0.03663357
8.516632	0.10538585	-0.05260765	0.09737894	0.00174858	-0.01401691	-0.03438993
8.533299	0.10538669	-0.05286956	0.09684321	0.00143849	-0.01126949	-0.03231777
8.549966	0.10537708	-0.05300984	0.09631670	0.00147571	-0.00882117	-0.03134088
8.566632	0.10535847	-0.05307718	0.09584678	0.00255206	-0.00804303	-0.03160951
8.583299	0.10541590	-0.05312166	0.09532081	0.00440868	-0.00923449	-0.03223078
8.599965	0.10552604	-0.05329880	0.09477327	0.00530483	-0.01199701	-0.03310325
8.616632	0.10568805	-0.05357041	0.09416869	0.00413531	-0.01547673	-0.03397881
8.633299	0.10578579	-0.05388968	0.09361342	0.00056856	-0.01891647	-0.03302643
8.649965	0.10577988	-0.05421657	0.09303857	-0.00515690	-0.02097567	-0.02806414
8.666632	0.10562045	-0.05455863	0.09251800	-0.01067851	-0.02055703	-0.01823753
8.683298	0.10536405	-0.05497687	0.09217799	-0.01353735	-0.01649613	-0.00386366
8.699965	0.10499613	-0.05532010	0.09221651	-0.01443280	-0.00962885	0.01398126
8.716632	0.10476070	-0.05547165	0.09264834	-0.01432540	0.00040487	0.03272923
8.733298	0.10460147	-0.05530315	0.09345033	-0.01290867	0.01309547	0.04964427
8.749965	0.10442507	-0.05499249	0.09446061	-0.01083449	0.02607499	0.06273597
8.766631	0.10420531	-0.05440905	0.09564255	-0.00901051	0.03593793	0.07150250
8.783298	0.10402133	-0.05370069	0.09692595	-0.00629696	0.04180882	0.07658982
8.799965	0.10392990	-0.05282248	0.09827963	-0.00168820	0.04485746	0.07882731
8.816631	0.10395484	-0.05206565	0.09963492	0.00390334	0.04524676	0.07854370
8.833298	0.10406795	-0.05134278	0.10096011	0.00929005	0.04318061	0.07597388
8.849964	0.10430688	-0.05065621	0.10221042	0.01429411	0.03970501	0.07155752
8.866632	0.10456757	-0.04997743	0.10338587	0.01780972	0.03667494	0.06577291
8.883298	0.10491821	-0.04938595	0.10443073	0.01763053	0.03362770	0.05859756
8.899964	0.10530489	-0.04888045	0.10537025	0.01524663	0.02943913	0.04991604
8.916631	0.10559628	-0.04841884	0.10614803	0.01223670	0.02397335	0.04029707
8.933297	0.10565734	-0.04800355	0.10674946	0.00943977	0.01846852	0.03089213
8.949965	0.10573830	-0.04775390	0.10714214	0.00756572	0.01392653	0.02227714
8.966631	0.10579204	-0.04761563	0.10739453	0.00752627	0.01029088	0.01454646
8.983297	0.10602995	-0.04754959	0.10757490	0.00870935	0.00801999	0.00731821
8.999964	0.10617749	-0.04740245	0.10767876	0.00980649	0.00700698	0.00007890
9.016630	0.10636149	-0.04726946	0.10765605	0.01018491	0.00549812	-0.00852160
9.033298	0.10648466	-0.04712227	0.10745227	0.00755302	0.00213192	-0.01914032
9.049964	0.10665509	-0.04709201	0.10706263	0.00070703	-0.00329911	-0.03076554
9.066630	0.10678536	-0.04720389	0.10643710	-0.00867970	-0.01020316	-0.04132578
9.083297	0.10657594	-0.04744683	0.10560255	-0.01548993	-0.01823861	-0.04989000
9.099963	0.10602283	-0.04781577	0.10463025	-0.01692112	-0.02570544	-0.05685829
9.116631	0.10544046	-0.04830365	0.10364113	-0.01271782	-0.03209580	-0.06168889
9.133297	0.10525601	-0.04893825	0.10260584	-0.00489665	-0.03700409	-0.06378520
9.149963	0.10551076	-0.04961241	0.10147709	0.00320395	-0.03901447	-0.06337120
9.166630	0.10582546	-0.05034321	0.10035396	0.00805947	-0.03707552	-0.06128872
9.183296	0.10596423	-0.05100796	0.09931552	0.00689241	-0.03188440	-0.05752635
9.199963	0.10594799	-0.05151113	0.09844279	0.00239463	-0.02550052	-0.05263782
9.216630	0.10594513	-0.05182516	0.09763417	-0.00060480	-0.01949916	-0.04765280
9.233296	0.10588641	-0.05200555	0.09689049	-0.00045505	-0.01606065	-0.04353150
9.249963	0.10587864	-0.05221200	0.09617071	0.00029028	-0.01591553	-0.04036722
9.266629	0.10588198	-0.05245431	0.09553605	0.00027619	-0.01793381	-0.03765091
9.283296	0.10597350	-0.05282497	0.09494313	-0.00122257	-0.01903450	-0.03456349
9.299963	0.10594983	-0.05321718	0.09439472	-0.00413524	-0.01833301	-0.03075869
9.316629	0.10589013	-0.05358464	0.09386312	-0.00741678	-0.01670578	-0.02702251
9.333296	0.10563613	-0.05376218	0.09345359	-0.00900056	-0.01449278	-0.02333427
9.349962	0.10542831	-0.05393270	0.09312754	-0.00874445	-0.01149927	-0.01877230
9.366629	0.10523148	-0.05411292	0.09284967	-0.00738680	-0.00828627	-0.01332989
9.383296	0.10523887	-0.05432571	0.09262041	-0.00557902	-0.00626224	-0.00765587
9.399962	0.10517358	-0.05438888	0.09253135	-0.00542710	-0.00467749	-0.00054032
9.416629	0.10512984	-0.05436440	0.09257647	-0.00706385	-0.00202007	0.00949010
9.433295	0.10496593	-0.05438303	0.09276959	-0.00875927	0.00267283	0.02213200
9.449962	0.10474676	-0.05441442	0.09319202	-0.00924405	0.00910873	0.03616117
9.466629	0.10454293	-0.05430890	0.09392824	-0.00992473	0.01745065	0.05056968
9.483295	0.10443512	-0.05391116	0.09495063	-0.00870682	0.02725081	0.06369292
9.499962	0.10433310	-0.05327388	0.09619205	-0.00393299	0.03653813	0.07326990
9.516628	0.10415955	-0.05253075	0.09754446	0.00257981	0.04219096	0.07752174
9.533295	0.10418792	-0.05174317	0.09893633	0.00756021	0.04250490	0.07628099
9.549962	0.10448977	-0.05098557	0.10025420	0.01228527	0.03871082	0.07075606
9.566628	0.10489025	-0.05033942	0.10139833	0.01650597	0.03315483	0.06291251
9.583295	0.10512616	-0.04987047	0.10234239	0.01672226	0.02769569	0.05515020
9.599961	0.10538990	-0.04953269	0.10312408	0.01322644	0.02362605	0.04935180
9.616628	0.10561123	-0.04921519	0.10384206	0.01100939	0.02187931	0.04615400
9.633295	0.10576682	-0.04886141	0.10458915	0.01145300	0.02178642	0.04433307
9.649961	0.10584040	-0.04846807	0.10535334	0.01088713	0.02087113	0.04178191
9.666628	0.10606685	-0.04805578	0.10611452	0.00854745	0.01825735	0.03774353
9.683294	0.10633947	-0.04773349	0.10672541	0.00726081	0.01503444	0.03274417
9.699961	0.10643958	-0.04757556	0.10716812	0.00747296	0.01190615	0.02713918
9.716628	0.10638437	-0.04747548	0.10752711	0.00655434	0.00964757	0.02148059
9.733294	0.10646447	-0.04734555	0.10785691	0.00543783	0.00886064	0.01715280
9.749961	0.10666870	-0.04717055	0.10813510	0.00681709	0.01004270	0.01442975
9.766627	0.10683016	-0.04697133	0.10831758	0.00898629	0.01152535	0.01217866
9.783294	0.10690908	-0.04681383	0.10847379	0.00838123	0.01211089	0.00917975
9.799961	0.10706636	-0.04655397	0.10863910	0.00539175	0.01144686	0.00561318
9.816628	0.10721712	-0.04636775	0.10875878	0.00251104	0.00978569	0.00162952
9.833294	0.10725520	-0.04616232	0.10874752	0.00086241	0.00666688	-0.00362301
9.849960	0.10714088	-0.04610151	0.10862568	0.00004806	0.00191307	-0.01094998
9.866627	0.10704539	-0.04609211	0.10840245	0.00020813	-0.00370746	-0.01967270
9.883294	0.10709808	-0.04620694	0.10805430	0.00143480	-0.01061740	-0.02894268
9.899961	0.10722005	-0.04642322	0.10748102	0.00291658	-0.01778137	-0.03807173
9.916627	0.10731339	-0.04675605	0.10673101	0.00375526	-0.02484160	-0.04604023
9.933293	0.10732872	-0.04728541	0.10582340	0.00406170	-0.02943606	-0.05171219
9.949960	0.10732952	-0.04786275	0.10489157	0.00455411	-0.03084279	-0.05524180
9.966627	0.10742702	-0.04851360	0.10395067	0.00458946	-0.02934898	-0.05771500
9.983294	0.10756875	-0.04893886	0.10302189	0.00363098	-0.02675086	-0.05972886
9.999960	0.10771126	-0.04930568	0.10201416	0.00205894	-0.02351707	-0.06100489
10.016626	0.10767151	-0.04959302	0.10093702	0.00032276	-0.02109825	-0.06154212
10.033293	0.10757577	-0.04999891	0.09984303	-0.00057120	-0.02114520	-0.06155121
10.049960	0.10752126	-0.05031960	0.09885182	-0.00011738	-0.02306039	-0.06033430
10.066627	0.10755022	-0.05070938	0.09788116	0.00273754	-0.02520949	-0.05813518
10.083293	0.10767213	-0.05110698	0.09692737	0.00551416	-0.02687443	-0.05543392
10.099959	0.10774505	-0.05164482	0.09599445	0.00474433	-0.02881999	-0.05222692
10.116626	0.10795291	-0.05213997	0.09511244	0.00035167	-0.02974433	-0.04733533
10.133293	0.10797764	-0.05265884	0.09436140	-0.00435909	-0.02844772	-0.04049519
10.149960	0.10779695	-0.05314535	0.09371027	-0.00690444	-0.02526865	-0.03355259
10.166626	0.10747277	-0.05357239	0.09325530	-0.00746991	-0.02113436	-0.02854373
10.183292	0.10726870	-0.05387079	0.09291925	-0.00522277	-0.01581010	-0.02600185
10.199959	0.10733507	-0.05409601	0.09254761	-0.00092913	-0.01117349	-0.02514227
10.216625	0.10742233	-0.05419896	0.09210608	0.00287981	-0.00881022	-0.02466648
10.233293	0.10753153	-0.05425826	0.09158829	0.00298561	-0.00839311	-0.02208920
10.249959	0.10756827	-0.05437757	0.09118054	-0.00026029	-0.00855533	-0.01538078
10.266625	0.10756374	-0.05458402	0.09093942	-0.00376535	-0.00945512	-0.00429140
10.283292	0.10745461	-0.05480193	0.09095369	-0.00731795	-0.00991773	0.01057987
10.299958	0.10724333	-0.05493459	0.09125400	-0.01085967	-0.00713888	0.02802227
10.316626	0.10708059	-0.05508052	0.09182718	-0.01286363	0.00097648	0.04626919
10.333292	0.10680444	-0.05512175	0.09277353	-0.01253919	0.01277741	0.06227343
10.349958	0.10655720	-0.05489555	0.09403481	-0.01172499	0.02540552	0.07393032
10.366625	0.10637258	-0.05423081	0.09551113	-0.01180743	0.03720623	0.08092265
10.383291	0.10625090	-0.05334986	0.09696155	-0.01068328	0.04597902	0.08302554
10.399959	0.10610527	-0.05245528	0.09831335	-0.00905935	0.04971299	0.08084352
10.416625	0.10583722	-0.05162850	0.09964222	-0.00698573	0.04854311	0.07608500
10.433291	0.10575940	-0.05085706	0.10088900	-0.00358386	0.04444744	0.07073367
10.449958	0.10567614	-0.05011273	0.10205999	0.00155189	0.03887751	0.06500095
10.466624	0.10581736	-0.04945983	0.10307094	0.00563139	0.03291711	0.05912637
10.483292	0.10597886	-0.04897995	0.10398189	0.00734880	0.02736855	0.05395900
10.499958	0.10619790	-0.04863630	0.10480512	0.00807568	0.02323937	0.05008040
10.516624	0.10628075	-0.04835158	0.10559896	0.00672343	0.02043814	0.04717347
10.533291	0.10634544	-0.04802123	0.10637552	0.00401078	0.01895463	0.04450119
10.549957	0.10644265	-0.04764155	0.10712738	0.00282102	0.01855848	0.04169839
10.566625	0.10644412	-0.04735621	0.10779518	0.00523163	0.01889216	0.03818587
10.583291	0.10643924	-0.04707172	0.10840436	0.00807896	0.01851778	0.03312869
10.599957	0.10659096	-0.04680625	0.10892907	0.00870838	0.01697001	0.02639729
10.616624	0.10692008	-0.04643415	0.10936937	0.00748753	0.01476046	0.01829009
10.633290	0.10716405	-0.04617133	0.10961023	0.00584545	0.01193517	0.00915047
10.649958	0.10712744	-0.04601810	0.10967394	0.00418564	0.00757457	-0.00084155
10.666624	0.10698908	-0.04597033	0.10954486	0.00261196	0.00077442	-0.01140539
10.683290	0.10701408	-0.04596020	0.10929051	0.00268352	-0.00626155	-0.02136381
10.699957	0.10720209	-0.04607523	0.10885365	0.00698152	-0.01302881	-0.03273739
10.716623	0.10736496	-0.04641255	0.10823175	0.01325706	-0.01921805	-0.04579413
10.733291	0.10747327	-0.04681454	0.10745842	0.01623339	-0.02499872	-0.05852224
10.749957	0.10785056	-0.04733108	0.10626622	0.01382766	-0.03037064	-0.06861264
10.766623	0.10828270	-0.04779055	0.10494705	0.00965242	-0.03498509	-0.07632387
10.783290	0.10851011	-0.04839855	0.10350848	0.00538508	-0.03832985	-0.08043198
10.799956	0.10830688	-0.04912880	0.10221205	-0.00060864	-0.03864876	-0.07858498
10.816624	0.10812648	-0.04989069	0.10085994	-0.00727954	-0.03744544	-0.07324397
10.833290	0.10805608	-0.05056960	0.09960794	-0.01062487	-0.03476326	-0.06785412
10.849957	0.10796704	-0.05094723	0.09860094	-0.00944298	-0.03025793	-0.06254147
10.866623	0.10769443	-0.05144038	0.09766062	-0.00694166	-0.02465746	-0.05528841
10.883289	0.10746127	-0.05183467	0.09675609	-0.00518790	-0.02098209	-0.04823600
10.899957	0.10743795	-0.05220489	0.09593305	-0.00390710	-0.02003322	-0.04257875
10.916623	0.10757563	-0.05241030	0.09531721	-0.00233316	-0.01962122	-0.03713492
10.933290	0.10757157	-0.05266821	0.09482190	-0.00190967	-0.01863685	-0.03145935
10.949956	0.10743963	-0.05307621	0.09433500	-0.00383483	-0.01733014	-0.02699583
10.966622	0.10729674	-0.05345842	0.09389259	-0.00588002	-0.01643698	-0.02428832
10.983290	0.10723133	-0.05367977	0.09352277	-0.00515217	-0.01428764	-0.02218352
10.999956	0.10714231	-0.05382822	0.09318532	-0.00142314	-0.01208295	-0.02057635
11.016623	0.10709138	-0.05396385	0.09288593	0.00211471	-0.01048115	-0.01968518
11.033289	0.10713159	-0.05415918	0.09255869	0.00317810	-0.00947485	-0.01907334
11.049955	0.10736486	-0.05440324	0.09222215	0.00176803	-0.00822477	-0.01746229
11.066623	0.10745528	-0.05449587	0.09190778	-0.00223559	-0.00781906	-0.01393141
11.083289	0.10738009	-0.05459063	0.09164833	-0.00900488	-0.00871528	-0.00758468
11.099956	0.10707720	-0.05459367	0.09156560	-0.01653160	-0.01042115	0.00241191
11.116622	0.10670450	-0.05486412	0.09163483	-0.02182135	-0.01040051	0.01665763
11.133288	0.10627359	-0.05516535	0.09198145	-0.02407311	-0.00538433	0.03376594
11.149955	0.10584582	-0.05542003	0.09266078	-0.02298048	0.00608111	0.05120447
11.166622	0.10543393	-0.05526847	0.09374638	-0.01918394	0.02318321	0.06731556
11.183289	0.10510047	-0.05464524	0.09510632	-0.01284698	0.03981025	0.07908935
11.199955	0.10492682	-0.05366176	0.09658723	-0.00571879	0.05131515	0.08419525
11.216621	0.10491920	-0.05251339	0.09813086	0.00078380	0.05465803	0.08278795
11.233288	0.10508159	-0.05157148	0.09951746	0.00526233	0.05031397	0.07649665
11.249955	0.10522832	-0.05077725	0.10074773	0.00731147	0.03977816	0.06692831
11.266622	0.10538469	-0.05023376	0.10176805	0.00793002	0.02739137	0.05571783
11.283288	0.10545769	-0.04984924	0.10258409	0.00842437	0.01672265	0.04478376
11.299954	0.10556871	-0.04975034	0.10324319	0.00977699	0.00861255	0.03404471
11.316621	0.10574865	-0.04973187	0.10369228	0.01134747	0.00323627	0.02386259
11.333288	0.10598334	-0.04976232	0.10404356	0.01282399	0.00081785	0.01609839
11.349955	0.10626525	-0.04973777	0.10416672	0.01272989	0.00159918	0.01192027
11.366621	0.10646255	-0.04972490	0.10422631	0.01148981	0.00295053	0.00884268
11.383287	0.10666411	-0.04965916	0.10437118	0.01017873	0.00331671	0.00582638
11.399954	0.10674612	-0.04953717	0.10458644	0.00997916	0.00329295	0.00518671
11.416621	0.10689899	-0.04948469	0.10463574	0.01073268	0.00350786	0.00591809
11.433288	0.10707194	-0.04947303	0.10460036	0.01143918	0.00283725	0.00445118
11.449954	0.10734256	-0.04943962	0.10468642	0.01265508	0.00169427	0.00066690
11.466620	0.10757627	-0.04937959	0.10484819	0.01398439	0.00082696	-0.00339863
11.483287	0.10775197	-0.04935582	0.10479437	0.01523926	-0.00038164	-0.00924572
11.499954	0.10800562	-0.04938083	0.10451956	0.01546024	-0.00304208	-0.01897551
11.516621	0.10829173	-0.04945042	0.10409898	0.01489917	-0.00720509	-0.03051956
11.533287	0.10863721	-0.04956246	0.10355402	0.01224176	-0.01242322	-0.04010906
11.549953	0.10883193	-0.04980342	0.10277350	0.00708482	-0.01876373	-0.04866232
11.566620	0.10892455	-0.05016319	0.10182127	0.00046253	-0.02524867	-0.05703558
11.583287	0.10880987	-0.05067125	0.10083625	-0.00539368	-0.02990224	-0.06300177
11.599954	0.10863241	-0.05128780	0.09968740	-0.00829327	-0.03171697	-0.06464474
11.616620	0.10839411	-0.05188584	0.09852491	-0.00889215	-0.03095319	-0.06441079
11.633286	0.10824756	-0.05238975	0.09740745	-0.00911359	-0.02760868	-0.06350770
11.649953	0.10818511	-0.05279178	0.09646879	-0.01046215	-0.02332831	-0.06082872
11.666620	0.10807958	-0.05313559	0.09548016	-0.01234026	-0.01966274	-0.05658903
11.683287	0.10782018	-0.05339908	0.09450396	-0.01413228	-0.01794979	-0.05268394
11.699953	0.10744917	-0.05367819	0.09360823	-0.01480425	-0.01797372	-0.04883372
11.716619	0.10713971	-0.05392251	0.09289119	-0.01329826	-0.01823496	-0.04249474
11.733286	0.10696803	-0.05429353	0.09221032	-0.01035728	-0.01704672	-0.03442078
11.749953	0.10688259	-0.05463524	0.09165743	-0.00866856	-0.01383903	-0.02724234
11.766620	0.10683402	-0.05490252	0.09128540	-0.00858053	-0.00879766	-0.02162469
11.783286	0.10668252	-0.05496330	0.09107202	-0.00850457	-0.00270681	-0.01620057
11.799953	0.10642418	-0.05489603	0.09085104	-0.00878393	0.00260490	-0.01113073
11.816619	0.10624719	-0.05476148	0.09063653	-0.01001176	0.00438891	-0.00674824
11.833286	0.10617500	-0.05464291	0.09052064	-0.01149588	0.00155597	-0.00226629
11.849953	0.10605484	-0.05455146	0.09055215	-0.01442181	-0.00302858	0.00408327
11.866619	0.10577997	-0.05469632	0.09068635	-0.02014291	-0.00647728	0.01192094
11.883286	0.10537133	-0.05495096	0.09090357	-0.02598881	-0.00717356	0.02040171
11.899952	0.10483380	-0.05518420	0.09130370	-0.02701189	-0.00362807	0.02946742
11.916619	0.10423556	-0.05522491	0.09186088	-0.02266904	0.00469189	0.03992942
11.933286	0.10378097	-0.05505238	0.09263092	-0.01526369	0.01463086	0.05051924
11.949952	0.10368894	-0.05468053	0.09355050	-0.00695596	0.02416417	0.05956160
11.966619	0.10376810	-0.05413680	0.09469628	-0.00055153	0.03294669	0.06732681
11.983285	0.10391651	-0.05356530	0.09589402	0.00257653	0.03973470	0.07328092
11.999952	0.10394680	-0.05284007	0.09715940	0.00384250	0.04221145	0.07543807
12.016619	0.10389802	-0.05200462	0.09849855	0.00628872	0.04004008	0.07311962
12.033285	0.10395533	-0.05121772	0.09979639	0.00985470	0.03601599	0.06935922
12.049952	0.10416394	-0.05068199	0.10091189	0.01271827	0.03195611	0.06535951
12.066618	0.10459252	-0.05040100	0.10181889	0.01325832	0.02784623	0.05939224
12.083285	0.10489435	-0.05000914	0.10277741	0.01154267	0.02444545	0.05121006
12.099952	0.10501217	-0.04950870	0.10372420	0.00854939	0.02372479	0.04350181
12.116618	0.10499298	-0.04905019	0.10441809	0.00703282	0.02356859	0.03756329
12.133285	0.10502046	-0.04871501	0.10483339	0.00785168	0.02117367	0.03147112
12.149951	0.10519484	-0.04840081	0.10518552	0.00938129	0.01709368	0.02459320
12.166617	0.10551967	-0.04813115	0.10567124	0.01061489	0.01396235	0.01884759
12.183285	0.10571654	-0.04789680	0.10606281	0.01126402	0.01212915	0.01554711
12.199951	0.10584664	-0.04779477	0.10620721	0.01107306	0.00971969	0.01229835
12.216618	0.10592014	-0.04761525	0.10624038	0.00941966	0.00688042	0.00691305
12.233284	0.10614876	-0.04748859	0.10637195	0.00758319	0.00475559	0.00108548
12.249950	0.10637721	-0.04743175	0.10648885	0.00693164	0.00298773	-0.00329168
12.266618	0.10642409	-0.04743477	0.10638597	0.00669884	0.00032611	-0.00776860
12.283284	0.10642859	-0.04745736	0.10609306	0.00623650	-0.00277809	-0.01483841
12.299951	0.10650574	-0.04747410	0.10580023	0.00774063	-0.00629716	-0.02276944
12.316617	0.10668243	-0.04758834	0.10546023	0.01166937	-0.00995843	-0.02856612
12.333283	0.10693128	-0.04780556	0.10490822	0.01540626	-0.01293363	-0.03289493
12.349951	0.10721623	-0.04811290	0.10421789	0.01697625	-0.01572384	-0.03853143
12.366617	0.10757805	-0.04842395	0.10353331	0.01727260	-0.01789977	-0.04497918
12.383284	0.10787369	-0.04865491	0.10285253	0.01620467	-0.01817683	-0.04960467
12.399950	0.10810588	-0.04900848	0.10197105	0.01263530	-0.01674653	-0.05283828
12.416616	0.10834536	-0.04932190	0.10094100	0.00691204	-0.01659542	-0.05707652
12.433284	0.10843889	-0.04958788	0.09994958	0.00111003	-0.01799585	-0.06163171
12.449950	0.10840758	-0.04976624	0.09897824	-0.00406815	-0.01877872	-0.06347596
12.466617	0.10818962	-0.05011299	0.09789415	-0.00859868	-0.01941499	-0.06306230
12.483283	0.10798937	-0.05054079	0.09672115	-0.01246785	-0.02065451	-0.06208989
12.499949	0.10780170	-0.05091651	0.09566946	-0.01498836	-0.02156613	-0.06012423
12.516617	0.10757001	-0.05123956	0.09473354	-0.01583530	-0.01945194	-0.05553886
12.533283	0.10723487	-0.05154310	0.09387710	-0.01490051	-0.01673761	-0.05041500
12.549950	0.10690957	-0.05186355	0.09303502	-0.01283461	-0.01532032	-0.04672967
12.566616	0.10667695	-0.05201491	0.09233897	-0.01014743	-0.01506584	-0.04327717
12.583282	0.10666214	-0.05226046	0.09162021	-0.00761613	-0.01493002	-0.03912330
12.599950	0.10658664	-0.05247794	0.09098789	-0.00637772	-0.01594028	-0.03490023
12.616616	0.10652136	-0.05282522	0.09042437	-0.00771224	-0.01772025	-0.03023793
12.633283	0.10631818	-0.05309724	0.08997236	-0.01071148	-0.01935227	-0.02394324
12.649949	0.10614188	-0.05345731	0.08959986	-0.01379011	-0.02111937	-0.01624200
12.666615	0.10586821	-0.05377081	0.08936038	-0.01714743	-0.02229724	-0.00738594
12.683283	0.10558725	-0.05419336	0.08929586	-0.02099277	-0.02159356	0.00318763
12.699949	0.10521468	-0.05461111	0.08944385	-0.02396169	-0.01814224	0.01525080
12.716616	0.10475945	-0.05497687	0.08976644	-0.02333621	-0.01186752	0.02685826
12.733282	0.10423040	-0.05510349	0.09037277	-0.01918197	-0.00310217	0.03778961
12.749949	0.10387638	-0.05507216	0.09112222	-0.01200938	0.00682141	0.04853402
12.766616	0.10378429	-0.05480435	0.09199411	-0.00387272	0.01703906	0.05805366
12.783282	0.10389858	-0.05448399	0.09303325	0.00314833	0.02626310	0.06435890
12.799949	0.10410026	-0.05396039	0.09422881	0.00735070	0.03299540	0.06717187
12.816615	0.10421555	-0.05330834	0.09550276	0.00953149	0.03625938	0.06720033
12.833282	0.10434680	-0.05255678	0.09662594	0.01054343	0.03699053	0.06526645
12.849949	0.10448416	-0.05191024	0.09760924	0.01120404	0.03497650	0.06207376
12.866615	0.10475460	-0.05140806	0.09856346	0.01167470	0.03068759	0.05870105
12.883282	0.10498951	-0.05094486	0.09954258	0.01238552	0.02582382	0.05638171
12.899948	0.10518882	-0.05055271	0.10052931	0.01342917	0.02320128	0.05412701
12.916615	0.10532457	-0.05021092	0.10140450	0.01417523	0.02198541	0.05151046
12.933282	0.10557758	-0.04990270	0.10223048	0.01506484	0.02046899	0.04818232
12.949948	0.10589414	-0.04951352	0.10295375	0.01557394	0.01878718	0.04378683
12.966615	0.10621354	-0.04917739	0.10371781	0.01502796	0.01745002	0.03833603
12.983281	0.10646475	-0.04891161	0.10435675	0.01408005	0.01595964	0.03346110
12.999948	0.10661977	-0.04871427	0.10485099	0.01392825	0.01460063	0.03001881
13.016615	0.10677788	-0.04849283	0.10518637	0.01462089	0.01391107	0.02665065
13.033281	0.10705855	-0.04825904	0.10560692	0.01548248	0.01347031	0.02322247
13.049948	0.10739071	-0.04798318	0.10607341	0.01539434	0.01270093	0.02052561
13.066614	0.10772728	-0.04778121	0.10644414	0.01354532	0.01133910	0.01764971
13.083281	0.10791263	-0.04760757	0.10664835	0.01026806	0.00954473	0.01229146
13.099947	0.10800632	-0.04749764	0.10680096	0.00656052	0.00714478	0.00565870
13.116614	0.10805120	-0.04737714	0.10687718	0.00432258	0.00462079	0.00011612
13.133281	0.10810016	-0.04728924	0.10682047	0.00363594	0.00173473	-0.00496818
13.149947	0.10814565	-0.04729010	0.10665993	0.00399915	-0.00187310	-0.01169630
13.166614	0.10825457	-0.04733901	0.10645950	0.00412008	-0.00603926	-0.01916867
13.183280	0.10829661	-0.04749472	0.10612632	0.00309256	-0.00899237	-0.02567220
13.199947	0.10842241	-0.04770257	0.10558490	0.00146196	-0.01055049	-0.03171855
13.216614	0.10838962	-0.04794248	0.10493692	0.00108693	-0.01287490	-0.03933531
13.233280	0.10835982	-0.04810447	0.10427233	0.00301601	-0.01505483	-0.04824941
13.249947	0.10831591	-0.04829441	0.10352522	0.00649090	-0.01585309	-0.05656492
13.266613	0.10847362	-0.04867946	0.10247491	0.01076278	-0.01546013	-0.06342395
13.283280	0.10878970	-0.04899435	0.10120817	0.01419818	-0.01647973	-0.06882043
13.299947	0.10912268	-0.04926791	0.09992388	0.01432909	-0.01904419	-0.07116268
13.316613	0.10939457	-0.04938726	0.09876023	0.00978891	-0.02333976	-0.06937442
13.333280	0.10956046	-0.04980013	0.09764939	0.00187279	-0.02928721	-0.06581020
13.349946	0.10949743	-0.05039395	0.09659246	-0.00844415	-0.03508899	-0.06377879
13.366613	0.10930428	-0.05120885	0.09557470	-0.01919322	-0.03750011	-0.06211596
13.383280	0.10885750	-0.05192518	0.09456245	-0.02754539	-0.03387699	-0.05787794
13.399946	0.10824358	-0.05248792	0.09348837	-0.03102900	-0.02723038	-0.05164856
13.416613	0.10757713	-0.05280239	0.09262816	-0.02979857	-0.02079361	-0.04517872
13.433279	0.10701555	-0.05295713	0.09201773	-0.02377691	-0.01827327	-0.03884719
13.449946	0.10674410	-0.05318949	0.09155246	-0.01528310	-0.01781227	-0.03239652
13.466613	0.10657526	-0.05349961	0.09105330	-0.00789795	-0.01835309	-0.02716954
13.483279	0.10662661	-0.05401663	0.09052192	-0.00442529	-0.01882430	-0.02249008
13.499946	0.10661959	-0.05427045	0.09016851	-0.00481708	-0.01892306	-0.01580785
13.516612	0.10655925	-0.05454792	0.08994076	-0.00748309	-0.01614493	-0.00585849
13.533279	0.10636224	-0.05471973	0.08993196	-0.01122230	-0.01135536	0.00612857
13.549946	0.10609100	-0.05505465	0.09012070	-0.01378452	-0.00633367	0.01932521
13.566612	0.10583706	-0.05509999	0.09053501	-0.01392307	-0.00016416	0.03314739
13.583279	0.10556775	-0.05506411	0.09121113	-0.01168367	0.00843558	0.04655689
13.599945	0.10537588	-0.05477674	0.09213503	-0.00727493	0.01832565	0.05902966
13.616612	0.10528981	-0.05446009	0.09325203	-0.00090048	0.02581685	0.06921028
13.633279	0.10527514	-0.05388104	0.09453133	0.00469277	0.03081263	0.07574291
13.649945	0.10548616	-0.05327398	0.09589910	0.00696535	0.03428538	0.07822049
13.666612	0.10574774	-0.05265198	0.09728465	0.00614035	0.03585206	0.07737049
13.683278	0.10589577	-0.05210005	0.09857741	0.00269023	0.03463696	0.07454351
13.699945	0.10584734	-0.05147673	0.09975637	-0.00207753	0.03239928	0.07024913
13.716612	0.10567185	-0.05095802	0.10086448	-0.00570992	0.02889051	0.06494258
13.733278	0.10550529	-0.05045799	0.10194876	-0.00652822	0.02540608	0.05973471
13.749945	0.10541072	-0.05009904	0.10291696	-0.00470242	0.02236889	0.05507316
13.766611	0.10535144	-0.04983973	0.10376909	-0.00271936	0.02048916	0.05045080
13.783278	0.10536874	-0.04949043	0.10453194	-0.00110131	0.01845241	0.04528224
13.799945	0.10537710	-0.04919053	0.10526866	-0.00001263	0.01639281	0.04041759
13.816611	0.10533893	-0.04881058	0.10594262	0.00084658	0.01482895	0.03635458
13.833278	0.10538082	-0.04867026	0.10647724	0.00179739	0.01314850	0.03214909
13.849944	0.10537353	-0.04852629	0.10696209	0.00397650	0.01077021	0.02676922
13.866611	0.10549270	-0.04833513	0.10739388	0.00735304	0.00908157	0.02100059
13.883278	0.10558268	-0.04816721	0.10773849	0.01119979	0.00889277	0.01540697
13.899944	0.10582626	-0.04802221	0.10792287	0.01441958	0.00782579	0.00920087
13.916611	0.10613075	-0.04791393	0.10799677	0.01648466	0.00556870	0.00057489
13.933277	0.10647538	-0.04781831	0.10799034	0.01863040	0.00336203	-0.00963274
13.949944	0.10676774	-0.04776600	0.10784129	0.02014809	0.00167359	-0.01924928
13.966611	0.10705150	-0.04780944	0.10734800	0.02102953	-0.00043765	-0.02782505
13.983277	0.10744657	-0.04781052	0.10671842	0.02072190	-0.00397103	-0.03614556
13.999944	0.10784929	-0.04785882	0.10601768	0.01913578	-0.00889398	-0.04300969
14.016610	0.10823039	-0.04798205	0.10534538	0.01654457	-0.01476823	-0.04713040
14.033277	0.10843246	-0.04830031	0.10450226	0.01354879	-0.02003413	-0.05021410
14.049944	0.10854911	-0.04877987	0.10358471	0.00973109	-0.02359584	-0.05356497
14.066610	0.10869214	-0.04928601	0.10265678	0.00565337	-0.02502109	-0.05578075
14.083277	0.10884245	-0.04967773	0.10171235	0.00287206	-0.02416933	-0.05563855
14.099943	0.10885502	-0.05003841	0.10075376	0.00141413	-0.02213677	-0.05562019
14.116610	0.10878032	-0.05035596	0.09985051	-0.00058230	-0.02139879	-0.05611785
14.133277	0.10871003	-0.05072407	0.09896692	-0.00358065	-0.02229301	-0.05484450
14.149943	0.10875675	-0.05105934	0.09799947	-0.00612787	-0.02288783	-0.05175045
14.166610	0.10865945	-0.05150792	0.09705830	-0.00863228	-0.02275808	-0.04907971
14.183276	0.10844791	-0.05192010	0.09630965	-0.01217012	-0.02259707	-0.04690886
14.199943	0.10816573	-0.05227289	0.09566499	-0.01429176	-0.02231991	-0.04395074
14.216610	0.10786893	-0.05259637	0.09496351	-0.01318292	-0.01993858	-0.04085565
14.233276	0.10760651	-0.05294418	0.09420028	-0.01067225	-0.01632267	-0.03885240
14.249943	0.10750491	-0.05329400	0.09353445	-0.00735040	-0.01253666	-0.03670469
14.266609	0.10744710	-0.05342457	0.09300248	-0.00356683	-0.00931364	-0.03261732
14.283276	0.10741121	-0.05348339	0.09250218	-0.00051767	-0.00791141	-0.02862778
14.299943	0.10740818	-0.05349234	0.09204958	0.00000596	-0.00896908	-0.02691771
14.316609	0.10745090	-0.05364851	0.09167464	-0.00160047	-0.01236541	-0.02664625
14.333276	0.10751151	-0.05397208	0.09123731	-0.00514878	-0.01430091	-0.02377549
14.349942	0.10738244	-0.05429399	0.09078453	-0.01071260	-0.01350179	-0.01778621
14.366609	0.10715462	-0.05464255	0.09033950	-0.01794595	-0.01056424	-0.01001261
14.383276	0.10675312	-0.05464903	0.09032865	-0.02398709	-0.00783150	-0.00101664
14.399942	0.10628274	-0.05468914	0.09048296	-0.02704344	-0.00605075	0.00978574
14.416609	0.10571830	-0.05469247	0.09079780	-0.02695415	-0.00483720	0.02131910
14.433275	0.10525396	-0.05490022	0.09109941	-0.02477477	-0.00295029	0.03230507
14.449942	0.10485794	-0.05505685	0.09167529	-0.02209069	0.00098810	0.04343758
14.466609	0.10461356	-0.05502187	0.09253722	-0.01926758	0.00712174	0.05438703
14.483275	0.10431141	-0.05475567	0.09365952	-0.01637581	0.01510200	0.06426487
14.499942	0.10401341	-0.05440327	0.09485297	-0.01320963	0.02290234	0.07112114
14.516608	0.10375056	-0.05395674	0.09607571	-0.01012177	0.03025009	0.07505644
14.533275	0.10363846	-0.05348328	0.09733256	-0.00588151	0.03572191	0.07576608
14.549942	0.10363375	-0.05279365	0.09865244	-0.00157260	0.03965439	0.07472023
14.566608	0.10362906	-0.05198902	0.09996996	0.00246090	0.04110871	0.07268957
14.583275	0.10371935	-0.05126275	0.10111924	0.00638715	0.03935500	0.06937207
14.599941	0.10377686	-0.05055624	0.10223154	0.01016476	0.03470002	0.06467018
14.616608	0.10401876	-0.05011680	0.10325682	0.01348680	0.02954031	0.06039532
14.633275	0.10431273	-0.04967395	0.10425766	0.01563235	0.02570179	0.05672418
14.649941	0.10463040	-0.04934112	0.10514896	0.01700147	0.02373466	0.05133552
14.666608	0.10493664	-0.04895587	0.10601441	0.01724008	0.02303673	0.04411000
14.683274	0.10514186	-0.04853263	0.10675003	0.01759745	0.02196395	0.03663655
14.699941	0.10546116	-0.04815301	0.10724953	0.01905378	0.02044371	0.02938714
14.716608	0.10574590	-0.04780372	0.10760564	0.02114416	0.01813266	0.02046254
14.733274	0.10615483	-0.04756326	0.10790543	0.02176055	0.01507739	0.01012035
14.749941	0.10659987	-0.04734693	0.10811640	0.02072801	0.01152898	0.00008266
14.766607	0.10696861	-0.04713896	0.10802443	0.01994722	0.00857206	-0.00938825
14.783274	0.10722242	-0.04704511	0.10766551	0.01868404	0.00579965	-0.01897861
14.799941	0.10743800	-0.04697888	0.10721601	0.01632637	0.00210713	-0.02762720
14.816607	0.10777389	-0.04695660	0.10673303	0.01370905	-0.00176719	-0.03341096
14.833274	0.10806950	-0.04700623	0.10615429	0.01186957	-0.00465410	-0.03754061
14.849940	0.10821327	-0.04713193	0.10545059	0.00969563	-0.00698757	-0.04216975
14.866607	0.10827706	-0.04732473	0.10471313	0.00667724	-0.00932481	-0.04739240
14.883274	0.10835437	-0.04746043	0.10390528	0.00432448	-0.01170655	-0.05161880
14.899940	0.10845684	-0.04763788	0.10300528	0.00311912	-0.01365352	-0.05449786
14.916607	0.10851442	-0.04787902	0.10200714	0.00162990	-0.01663239	-0.05645525
14.933273	0.10851452	-0.04820401	0.10102930	-0.00012722	-0.02042015	-0.05690702
14.949940	0.10849264	-0.04855099	0.10008017	-0.00060983	-0.02300715	-0.05527101
14.966607	0.10840803	-0.04902254	0.09917040	-0.00028610	-0.02432721	-0.05298774
14.983274	0.10841028	-0.04945199	0.09830672	-0.00128985	-0.02464863	-0.05117482
14.999940	0.10847587	-0.04986633	0.09751286	-0.00374322	-0.02465226	-0.04947529
15.016606	0.10847510	-0.05024476	0.09668465	-0.00729903	-0.02384149	-0.04733332
15.033273	0.10827948	-0.05060607	0.09589352	-0.01140301	-0.02295069	-0.04511840
15.049939	0.10796839	-0.05105748	0.09512062	-0.01385646	-0.02311880	-0.04272061
15.066607	0.10762347	-0.05138933	0.09447141	-0.01405751	-0.02318885	-0.03893350
15.083273	0.10740269	-0.05177578	0.09383690	-0.01221133	-0.02248160	-0.03403402
15.099939	0.10729743	-0.05218673	0.09327409	-0.00970196	-0.02101394	-0.02879586
15.116606	0.10716670	-0.05251017	0.09284370	-0.00726353	-0.01950976	-0.02416203
15.133272	0.10706612	-0.05288182	0.09250705	-0.00584105	-0.01838829	-0.01995937
15.149940	0.10690709	-0.05306504	0.09227252	-0.00452543	-0.01701883	-0.01657321
15.166606	0.10688661	-0.05335823	0.09199563	-0.00273538	-0.01409926	-0.01365697
15.183272	0.10683616	-0.05365979	0.09176848	-0.00091415	-0.00944786	-0.01110711
15.199939	0.10688279	-0.05383487	0.09157375	-0.00048492	-0.00457149	-0.00827908
15.216605	0.10689142	-0.05386511	0.09149248	-0.00204262	-0.00029024	-0.00463827
15.233273	0.10689341	-0.05364877	0.09144361	-0.00589332	0.00165877	0.00065923
15.249939	0.10676568	-0.05355501	0.09146815	-0.01267468	0.00173746	0.00813268
15.266605	0.10655343	-0.05356868	0.09156717	-0.01976297	0.00024533	0.01661009
15.283272	0.10611308	-0.05370054	0.09193948	-0.02519670	-0.00141442	0.02554952
15.299938	0.10553865	-0.05374919	0.09251179	-0.02821349	-0.00109662	0.03488227
15.316606	0.10499372	-0.05372560	0.09320744	-0.02863173	0.00290207	0.04491727
15.333272	0.10453062	-0.05366100	0.09397426	-0.02562421	0.01089298	0.05416679
15.349938	0.10415940	-0.05354979	0.09488820	-0.02062239	0.02001526	0.06151589
15.366605	0.10382260	-0.05313665	0.09608374	-0.01501935	0.02767852	0.06660790
15.383271	0.10361375	-0.05246577	0.09734563	-0.00870440	0.03348057	0.07002803
15.399939	0.10350383	-0.05170634	0.09856650	-0.00065141	0.03598054	0.07066412
15.416605	0.10353993	-0.05112147	0.09966480	0.00812880	0.03357478	0.06792644
15.433271	0.10373975	-0.05060022	0.10079376	0.01372522	0.02818760	0.06340022
15.449938	0.10414404	-0.05021275	0.10186979	0.01499532	0.02306636	0.05916977
15.466604	0.10456815	-0.04987134	0.10283273	0.01298206	0.01968198	0.05528185
15.483272	0.10472611	-0.04960213	0.10364674	0.00992682	0.01701787	0.05016049
15.499938	0.10473066	-0.04934230	0.10444991	0.00707860	0.01486246	0.04412579
15.516604	0.10468116	-0.04907718	0.10519461	0.00650368	0.01354798	0.03913221
15.533271	0.10486464	-0.04888340	0.10580974	0.00904981	0.01304069	0.03639008
15.549937	0.10508493	-0.04870167	0.10627273	0.01235993	0.01240916	0.03397411
15.566605	0.10536788	-0.04849428	0.10677990	0.01335548	0.01164782	0.02998841
15.583271	0.10561611	-0.04827701	0.10739029	0.01260692	0.01137641	0.02437937
15.599937	0.10580490	-0.04807561	0.10787985	0.01300359	0.01162653	0.01839064
15.616604	0.10592719	-0.04793217	0.10808232	0.01509643	0.01178856	0.01188577
15.633270	0.10614762	-0.04774489	0.10804866	0.01810212	0.01123781	0.00473483
15.649938	0.10651373	-0.04751610	0.10805459	0.02095760	0.00934215	-0.00237630
15.666604	0.10700982	-0.04731007	0.10808139	0.02226015	0.00588757	-0.00865463
15.683270	0.10742281	-0.04720502	0.10797881	0.02088659	0.00154388	-0.01533660
15.699937	0.10776077	-0.04728550	0.10760324	0.01750912	-0.00249044	-0.02404059
15.716603	0.10795675	-0.04743315	0.10707293	0.01398725	-0.00591038	-0.03397423
15.733271	0.10813469	-0.04756536	0.10642663	0.01145051	-0.00976002	-0.04385098
15.749937	0.10830013	-0.04766349	0.10567124	0.00895712	-0.01406966	-0.05235019
15.766603	0.10848360	-0.04784524	0.10472836	0.00588676	-0.01789044	-0.05892777
15.783270	0.10861038	-0.04828139	0.10358071	0.00296851	-0.02151796	-0.06318464
15.799936	0.10858852	-0.04877251	0.10242262	0.00034422	-0.02528407	-0.06539620
15.816604	0.10848638	-0.04920231	0.10131744	-0.00293506	-0.02798442	-0.06618318
15.833270	0.10844786	-0.04961150	0.10030498	-0.00652949	-0.02866563	-0.06625333
15.849936	0.10837924	-0.05008259	0.09923463	-0.00976723	-0.02798079	-0.06575614
15.866603	0.10821804	-0.05065776	0.09806609	-0.01320978	-0.02662386	-0.06408083
15.883269	0.10789872	-0.05113609	0.09691368	-0.01677240	-0.02384145	-0.06084030
15.899937	0.10754510	-0.05147908	0.09589911	-0.01885075	-0.02010467	-0.05614888
15.916603	0.10718980	-0.05173705	0.09508452	-0.01750476	-0.01817422	-0.05091785
15.933270	0.10688373	-0.05191165	0.09435264	-0.01351034	-0.01865800	-0.04535488
15.949936	0.10665652	-0.05222198	0.09360696	-0.00965811	-0.01967632	-0.04010384
15.966602	0.10660812	-0.05265872	0.09289467	-0.00865593	-0.02043214	-0.03555673
15.983269	0.10658053	-0.05308369	0.09235163	-0.01083133	-0.02028157	-0.03081748
15.999936	0.10647511	-0.05340566	0.09193277	-0.01413079	-0.01904551	-0.02583615
16.016602	0.10607714	-0.05362551	0.09158076	-0.01630093	-0.01767153	-0.02167800
16.033270	0.10562791	-0.05386260	0.09124568	-0.01630544	-0.01761002	-0.01829266
16.049936	0.10530812	-0.05418978	0.09093170	-0.01482411	-0.01810625	-0.01278666
16.066603	0.10521731	-0.05452627	0.09068984	-0.01200912	-0.01730358	-0.00395680
16.083269	0.10516185	-0.05490918	0.09059878	-0.01084947	-0.01452415	0.00661678
16.099936	0.10494728	-0.05510726	0.09086566	-0.01377137	-0.00908950	0.01767519
16.116602	0.10471304	-0.05521066	0.09135040	-0.01912564	-0.00108840	0.03011198
16.133268	0.10431729	-0.05519138	0.09195007	-0.02209385	0.00991607	0.04311474
16.149935	0.10385686	-0.05496814	0.09264961	-0.02107133	0.02117724	0.05360487
16.166601	0.10338952	-0.05457596	0.09366568	-0.01816448	0.03108316	0.06067133
16.183268	0.10313443	-0.05377792	0.09492229	-0.01364821	0.03794721	0.06537691
16.199936	0.10307094	-0.05304704	0.09614057	-0.00785015	0.04240310	0.06856190
16.216602	0.10297627	-0.05225100	0.09720572	-0.00308612	0.04429677	0.06945958
16.233269	0.10295212	-0.05165252	0.09824257	-0.00137602	0.04374302	0.06822588
16.249935	0.10295952	-0.05089457	0.09943913	0.00028316	0.04154596	0.06596517
16.266602	0.10298245	-0.05014203	0.10066970	0.00333333	0.03832411	0.06339654
16.283268	0.10298773	-0.04943835	0.10173414	0.00667932	0.03501333	0.06010184
16.299934	0.10313606	-0.04896337	0.10259348	0.00977222	0.03099299	0.05543441
16.316601	0.10335707	-0.04856001	0.10339988	0.01269137	0.02718299	0.04986522
16.333267	0.10366267	-0.04816612	0.10426503	0.01457753	0.02543866	0.04512462
16.349934	0.10390025	-0.04769605	0.10506260	0.01447445	0.02600518	0.04275265
16.366602	0.10415725	-0.04730272	0.10567392	0.01500564	0.02700165	0.04199086
16.383268	0.10435253	-0.04680362	0.10623116	0.01663442	0.02562891	0.04004137
16.399935	0.10456364	-0.04637693	0.10692485	0.01756586	0.02050654	0.03480742
16.416601	0.10498006	-0.04590700	0.10771110	0.01958296	0.01952993	0.03606736
16.433268	0.10534588	-0.04576193	0.10823116	0.02033368	0.01081516	0.02725180
16.449934	0.10565767	-0.04576178	0.10840987	0.02108441	0.00210038	0.01843624
