Time	thumb tip right X	thumb tip right Y	thumb tip right Z	thumb tip right v(X)	thumb tip right v(Y)	thumb tip right v(Z)
0.00000000	0.00000000	0.00000000	0.00000000	0.00000000	0.00000000	0.00000000
0.01666660	0.01666660	0.01666660	0.01666660	0.01666660	0.01666660	0.01666660
0.000000	0.08098923	-0.02888531	0.10857453	0.00531683	-0.00913549	-0.01339817
0.016667	0.08108743	-0.02905953	0.10834185	0.00526855	-0.00696338	-0.01043495
0.033333	0.08116476	-0.02916771	0.10816243	0.00522027	-0.00479126	-0.00747173
0.050000	0.08125420	-0.02922824	0.10804372	0.00537271	-0.00502437	-0.00681336
0.066666	0.08132865	-0.02924634	0.10801101	0.00605623	-0.00411157	-0.00555365
0.083333	0.08144332	-0.02933253	0.10794611	0.00736776	-0.00418553	-0.00545150
0.100000	0.08154245	-0.02943458	0.10783789	0.00862576	-0.00536749	-0.00635954
0.116666	0.08173382	-0.02949968	0.10771393	0.00937823	-0.00620657	-0.00751681
0.133333	0.08191222	-0.02961856	0.10755840	0.00949137	-0.00541412	-0.00827811
0.149999	0.08209544	-0.02974178	0.10742921	0.00894319	-0.00374772	-0.00867128
0.166666	0.08222223	-0.02983349	0.10728382	0.00732257	-0.00195963	-0.00827338
0.183333	0.08232613	-0.02981262	0.10713163	0.00501162	-0.00084538	-0.00751226
0.199999	0.08241373	-0.02974300	0.10699413	0.00269310	-0.00104723	-0.00679656
0.216666	0.08243500	-0.02971935	0.10690958	0.00133914	-0.00165166	-0.00518663
0.233332	0.08240821	-0.02981293	0.10682891	0.00034057	-0.00195177	-0.00290991
0.249999	0.08237979	-0.02994836	0.10677220	-0.00041995	-0.00183506	-0.00121404
0.266666	0.08240273	-0.02996683	0.10679347	-0.00094518	-0.00151626	-0.00110083
0.283332	0.08240102	-0.02990380	0.10683259	-0.00128437	-0.00076542	-0.00110113
0.299999	0.08238410	-0.02985778	0.10683343	-0.00164673	-0.00026144	-0.00025440
0.316665	0.08230616	-0.02991832	0.10671709	-0.00243594	-0.00104505	0.00085917
0.333332	0.08226696	-0.02997799	0.10671874	-0.00265208	-0.00171217	0.00227534
0.349999	0.08223391	-0.03000801	0.10681372	-0.00180361	-0.00057477	0.00483131
0.366665	0.08217809	-0.03003263	0.10696614	-0.00040434	0.00157090	0.00762697
0.383332	0.08219060	-0.02997327	0.10710473	0.00045400	0.00261175	0.00924353
0.399998	0.08221214	-0.02987525	0.10725581	0.00052430	0.00306821	0.00977289
0.416665	0.08228111	-0.02978118	0.10742404	-0.00084047	0.00364928	0.01056001
0.433332	0.08227291	-0.02978425	0.10762361	-0.00338783	0.00441701	0.01252314
0.449998	0.08219018	-0.02974355	0.10779051	-0.00569983	0.00568412	0.01477747
0.466665	0.08200995	-0.02964836	0.10806657	-0.00670954	0.00783548	0.01657377
0.483331	0.08183364	-0.02945039	0.10838931	-0.00612515	0.00995648	0.01821641
0.499998	0.08174238	-0.02923892	0.10874411	-0.00501258	0.01042914	0.01935445
0.516665	0.08173271	-0.02902346	0.10905973	-0.00372739	0.01000438	0.01971949
0.533331	0.08172580	-0.02888251	0.10937691	-0.00334432	0.00993375	0.02002605
0.549998	0.08164158	-0.02879417	0.10968772	-0.00464918	0.00962380	0.02055743
0.566664	0.08155711	-0.02863356	0.11005163	-0.00706486	0.00819756	0.02081429
0.583331	0.08142021	-0.02840719	0.11042286	-0.00839106	0.00813355	0.02057944
0.599998	0.08125477	-0.02827156	0.11080032	-0.00804893	0.00969789	0.01985755
0.616664	0.08105090	-0.02823776	0.11109259	-0.00696379	0.01063430	0.01860913
0.633331	0.08095875	-0.02804681	0.11138824	-0.00493540	0.01113842	0.01632548
0.649997	0.08092200	-0.02777418	0.11164488	-0.00239228	0.01242425	0.01359759
0.666664	0.08091874	-0.02750271	0.11190601	-0.00038866	0.01333233	0.01086724
0.683331	0.08094550	-0.02730621	0.11202545	-0.00020396	0.01147463	0.00792361
0.699997	0.08094625	-0.02714679	0.11213169	-0.00129656	0.00759728	0.00535948
0.716664	0.08095483	-0.02698135	0.11215691	-0.00244507	0.00409861	0.00364063
0.733330	0.08085951	-0.02697686	0.11220700	-0.00277330	0.00181156	0.00289672
0.749997	0.08076243	-0.02702868	0.11225877	-0.00210565	-0.00011791	0.00187021
0.766664	0.08071449	-0.02706950	0.11230183	-0.00010058	-0.00111841	0.00036527
0.783330	0.08074254	-0.02706755	0.11233337	0.00276559	-0.00078132	-0.00200298
0.799997	0.08084148	-0.02705513	0.11225386	0.00518309	-0.00016937	-0.00447484
0.816663	0.08097703	-0.02705741	0.11215071	0.00658396	0.00011449	-0.00690705
0.833330	0.08109594	-0.02706983	0.11197661	0.00702078	-0.00092660	-0.00925258
0.849997	0.08121914	-0.02706628	0.11183876	0.00644537	-0.00271782	-0.01141374
0.866663	0.08130874	-0.02708309	0.11164774	0.00570158	-0.00479861	-0.01336252
0.883330	0.08142020	-0.02721472	0.11140220	0.00506649	-0.00704726	-0.01526731
0.899996	0.08146614	-0.02735998	0.11110537	0.00462065	-0.00942547	-0.01717880
0.916663	0.08155905	-0.02757160	0.11079699	0.00425281	-0.01050779	-0.01774288
0.933330	0.08160473	-0.02773846	0.11047810	0.00336149	-0.01043374	-0.01687392
0.949996	0.08169401	-0.02795087	0.11017840	0.00230049	-0.00950633	-0.01532162
0.966663	0.08173228	-0.02806725	0.10995058	0.00122075	-0.00775408	-0.01417590
0.983329	0.08170942	-0.02822224	0.10976239	0.00068136	-0.00604408	-0.01376973
0.999996	0.08169981	-0.02827355	0.10957794	0.00069637	-0.00488002	-0.01360742
1.016663	0.08168071	-0.02832920	0.10931703	0.00152909	-0.00532447	-0.01367969
1.033329	0.08174745	-0.02838348	0.10903662	0.00292425	-0.00612872	-0.01347905
1.049996	0.08181573	-0.02848472	0.10881952	0.00446783	-0.00620907	-0.01253856
1.066662	0.08189542	-0.02870208	0.10862094	0.00518149	-0.00513353	-0.01068507
1.083329	0.08200374	-0.02879765	0.10849186	0.00524787	-0.00314606	-0.00901982
1.099996	0.08210237	-0.02881072	0.10833436	0.00518652	-0.00086037	-0.00814601
1.116662	0.08217262	-0.02873409	0.10823493	0.00456227	0.00051022	-0.00763092
1.133329	0.08225846	-0.02865206	0.10810000	0.00277338	0.00066820	-0.00630243
1.149995	0.08230130	-0.02870013	0.10797513	0.00116796	0.00033271	-0.00477089
1.166662	0.08233237	-0.02874436	0.10788232	0.00049386	-0.00012054	-0.00421202
1.183329	0.08223929	-0.02876694	0.10789704	0.00042107	0.00009862	-0.00435756
1.199995	0.08225220	-0.02872481	0.10785504	0.00052825	0.00072273	-0.00466062
1.216662	0.08227722	-0.02866657	0.10775966	0.00065834	0.00095572	-0.00533989
1.233328	0.08235873	-0.02866001	0.10758245	0.00104405	0.00048489	-0.00640481
1.249995	0.08236475	-0.02867305	0.10748860	0.00083119	-0.00012554	-0.00685993
1.266662	0.08232076	-0.02869513	0.10739337	0.00090421	0.00002929	-0.00628697
1.283328	0.08233339	-0.02871869	0.10730612	0.00093684	0.00040656	-0.00515094
1.299995	0.08233935	-0.02867724	0.10719030	0.00164901	0.00064981	-0.00422234
1.316661	0.08244895	-0.02863816	0.10711848	0.00264683	0.00063917	-0.00340430
1.333328	0.08244593	-0.02863022	0.10709115	0.00361980	-0.00030766	-0.00268829
1.349995	0.08252189	-0.02863833	0.10708386	0.00345384	-0.00238403	-0.00255336
1.366661	0.08257021	-0.02869289	0.10704380	0.00184850	-0.00454477	-0.00346420
1.383328	0.08267724	-0.02878111	0.10698889	-0.00026342	-0.00575384	-0.00453407
1.399994	0.08265118	-0.02893388	0.10687023	-0.00258436	-0.00594946	-0.00438960
1.416661	0.08253618	-0.02906907	0.10675932	-0.00447927	-0.00535955	-0.00300114
1.433328	0.08238282	-0.02913171	0.10668895	-0.00563337	-0.00403487	-0.00081502
1.449994	0.08228949	-0.02916901	0.10673925	-0.00524050	-0.00238296	0.00144631
1.466661	0.08223297	-0.02917930	0.10681435	-0.00382578	-0.00155728	0.00342974
1.483328	0.08219494	-0.02920113	0.10691246	-0.00196204	-0.00101984	0.00530405
1.499994	0.08214661	-0.02921611	0.10695260	-0.00041999	0.00023938	0.00783149
1.516661	0.08214678	-0.02925053	0.10706604	0.00083182	0.00150853	0.01050625
1.533327	0.08219215	-0.02920555	0.10726020	0.00123214	0.00302669	0.01319388
1.549994	0.08225063	-0.02909997	0.10760342	0.00053555	0.00497605	0.01548375
1.566660	0.08229350	-0.02902212	0.10787389	-0.00070501	0.00737551	0.01686610
1.583327	0.08222575	-0.02887972	0.10817882	-0.00237410	0.00906541	0.01702189
1.599994	0.08214056	-0.02874872	0.10839637	-0.00452818	0.01035267	0.01663915
1.616660	0.08206843	-0.02849313	0.10871076	-0.00683538	0.01167404	0.01716431
1.633327	0.08196667	-0.02831216	0.10897718	-0.00854656	0.01217961	0.01813080
1.649993	0.08181996	-0.02808770	0.10929174	-0.00933770	0.01158915	0.01826156
1.666660	0.08157516	-0.02788917	0.10963087	-0.00924431	0.01082315	0.01766651
1.683327	0.08139086	-0.02773567	0.10994756	-0.00829130	0.01019726	0.01690618
1.699993	0.08128645	-0.02758186	0.11018465	-0.00607713	0.00816943	0.01536916
1.716660	0.08123283	-0.02742147	0.11043952	-0.00331850	0.00557994	0.01326544
1.733326	0.08120294	-0.02731007	0.11062799	-0.00125547	0.00356534	0.01096242
1.749993	0.08119241	-0.02731947	0.11084121	-0.00059873	0.00173987	0.00868860
1.766660	0.08120326	-0.02736442	0.11094233	-0.00123721	0.00003267	0.00706556
1.783326	0.08122925	-0.02735260	0.11101904	-0.00197493	-0.00013232	0.00675908
1.799993	0.08115780	-0.02735289	0.11107114	-0.00321196	0.00090659	0.00741895
1.816659	0.08106405	-0.02733634	0.11120670	-0.00504879	0.00196085	0.00821951
1.833326	0.08098941	-0.02728515	0.11141372	-0.00579147	0.00259130	0.00822715
1.849993	0.08086015	-0.02724436	0.11161029	-0.00492292	0.00399647	0.00807009
1.866659	0.08075717	-0.02715229	0.11170424	-0.00361902	0.00567357	0.00780723
1.883326	0.08070315	-0.02710542	0.11175111	-0.00271538	0.00641177	0.00736318
1.899992	0.08071145	-0.02691323	0.11186816	-0.00131894	0.00504136	0.00659886
1.916659	0.08073350	-0.02678791	0.11204825	0.00045568	0.00278630	0.00559396
1.933326	0.08067413	-0.02672306	0.11219477	0.00187021	0.00091806	0.00443930
1.949992	0.08073165	-0.02685735	0.11221287	0.00291215	-0.00071507	0.00290849
1.966659	0.08079706	-0.02693027	0.11216950	0.00414761	-0.00245702	0.00065159
1.983325	0.08092053	-0.02693011	0.11217896	0.00462430	-0.00476525	-0.00183386
1.999992	0.08101024	-0.02689291	0.11220521	0.00367490	-0.00582690	-0.00324362
2.016659	0.08106876	-0.02703619	0.11214241	0.00241731	-0.00596376	-0.00442265
2.033325	0.08107430	-0.02731036	0.11198213	0.00139785	-0.00544484	-0.00659651
2.049992	0.08105703	-0.02742305	0.11186454	0.00097305	-0.00363781	-0.00923019
2.066658	0.08106897	-0.02741060	0.11172539	0.00081215	-0.00120201	-0.01125310
2.083325	0.08110888	-0.02728906	0.11154870	0.00090286	-0.00067757	-0.01284932
2.099992	0.08114042	-0.02723503	0.11127346	0.00116930	-0.00234921	-0.01413470
2.116658	0.08114479	-0.02735704	0.11098757	0.00133649	-0.00497287	-0.01428044
2.133325	0.08114137	-0.02754357	0.11072933	0.00148118	-0.00634063	-0.01272117
2.149992	0.08117816	-0.02770458	0.11053517	0.00237183	-0.00579540	-0.01074590
2.166658	0.08122410	-0.02779478	0.11039958	0.00422044	-0.00426059	-0.00972055
2.183325	0.08129047	-0.02773954	0.11031348	0.00570553	-0.00341851	-0.00957821
2.199991	0.08141109	-0.02779402	0.11013520	0.00555160	-0.00415631	-0.01033519
2.216658	0.08156869	-0.02783294	0.10993759	0.00443822	-0.00616988	-0.01179868
2.233325	0.08166324	-0.02802384	0.10970654	0.00338984	-0.00816964	-0.01335887
2.249991	0.08163936	-0.02819978	0.10948768	0.00253913	-0.00929508	-0.01415631
2.266658	0.08161385	-0.02836378	0.10925689	0.00203595	-0.00932494	-0.01423998
2.283324	0.08165809	-0.02850951	0.10898335	0.00266527	-0.00796596	-0.01374451
2.299991	0.08175626	-0.02863648	0.10874931	0.00437783	-0.00547232	-0.01255264
2.316658	0.08184294	-0.02873785	0.10853828	0.00502655	-0.00213144	-0.01071584
2.333324	0.08192705	-0.02878231	0.10838360	0.00437369	0.00179031	-0.00915840
2.349991	0.08203261	-0.02867017	0.10828374	0.00350093	0.00504547	-0.00863466
2.366657	0.08204612	-0.02854558	0.10816359	0.00307923	0.00676363	-0.00855013
2.383324	0.08208977	-0.02831957	0.10801876	0.00255023	0.00593992	-0.00834152
2.399991	0.08210132	-0.02825590	0.10781813	0.00231718	0.00382306	-0.00700778
2.416657	0.08218152	-0.02819967	0.10768329	0.00225459	0.00167722	-0.00447320
2.433324	0.08220966	-0.02829850	0.10762119	0.00157256	-0.00125925	-0.00241173
2.449990	0.08225776	-0.02828733	0.10768522	0.00003286	-0.00435957	-0.00196875
2.466657	0.08223876	-0.02831596	0.10774022	-0.00164100	-0.00645192	-0.00287668
2.483324	0.08219420	-0.02847176	0.10765525	-0.00261054	-0.00670480	-0.00413896
2.499990	0.08209076	-0.02868426	0.10748359	-0.00312330	-0.00667468	-0.00538329
2.516657	0.08204293	-0.02884578	0.10733017	-0.00292723	-0.00558252	-0.00546275
2.533323	0.08200341	-0.02884272	0.10728905	-0.00164197	-0.00318524	-0.00386240
2.549990	0.08199226	-0.02884524	0.10726877	-0.00020318	-0.00078604	-0.00170027
2.566657	0.08197845	-0.02884261	0.10725652	0.00029847	-0.00079669	-0.00114754
2.583323	0.08203673	-0.02884743	0.10725082	0.00037927	-0.00246411	-0.00200421
2.599990	0.08204260	-0.02886947	0.10724343	0.00038866	-0.00415027	-0.00238878
2.616656	0.08204163	-0.02899385	0.10715171	0.00003513	-0.00533427	-0.00178248
2.633323	0.08201307	-0.02910910	0.10708052	-0.00096269	-0.00631169	-0.00120320
2.649990	0.08201256	-0.02925981	0.10706830	-0.00183374	-0.00734924	-0.00147671
2.666656	0.08199421	-0.02931344	0.10714185	-0.00186068	-0.00779922	-0.00177671
2.683323	0.08192801	-0.02945382	0.10713398	-0.00127417	-0.00681564	-0.00134837
2.699989	0.08187053	-0.02961761	0.10701422	-0.00074476	-0.00500817	-0.00077267
2.716656	0.08188950	-0.02975064	0.10693754	-0.00000954	-0.00342998	-0.00049919
2.733323	0.08192486	-0.02973340	0.10699110	0.00014640	-0.00288152	0.00056453
2.749989	0.08196037	-0.02967997	0.10708658	-0.00061892	-0.00358245	0.00176948
2.766656	0.08194575	-0.02968489	0.10712229	-0.00169852	-0.00461372	0.00182655
2.783322	0.08185510	-0.02989720	0.10712195	-0.00245587	-0.00530570	0.00166901
2.799989	0.08179308	-0.03007725	0.10710108	-0.00342188	-0.00394695	0.00414839
2.816655	0.08174323	-0.03016328	0.10713248	-0.00477502	-0.00006428	0.00938140
2.833322	0.08172788	-0.03008208	0.10728665	-0.00610652	0.00545984	0.01480716
2.849989	0.08159933	-0.02987652	0.10767993	-0.00706038	0.01013827	0.01902390
2.866655	0.08140621	-0.02967655	0.10813651	-0.00777125	0.01256547	0.02189377
2.883322	0.08123337	-0.02940764	0.10852543	-0.00737879	0.01282384	0.02273673
2.899988	0.08113609	-0.02919971	0.10884032	-0.00527194	0.01161175	0.02135237
2.916655	0.08106900	-0.02900880	0.10917377	-0.00313216	0.00930996	0.01943656
2.933322	0.08106799	-0.02885354	0.10952700	-0.00234538	0.00770961	0.01815535
2.949988	0.08106049	-0.02878998	0.10983159	-0.00288760	0.00800338	0.01700755
2.966655	0.08102490	-0.02872568	0.11008132	-0.00394741	0.00897818	0.01559092
2.983321	0.08092009	-0.02855281	0.11031395	-0.00505431	0.00966488	0.01429373
2.999988	0.08078860	-0.02830295	0.11053002	-0.00558189	0.00946436	0.01347689
3.016655	0.08068928	-0.02806970	0.11077246	-0.00558185	0.00786267	0.01287354
3.033321	0.08061033	-0.02798720	0.11097929	-0.00551733	0.00401545	0.01172409
3.049988	0.08055771	-0.02799002	0.11118406	-0.00580727	-0.00064110	0.01024638
3.066654	0.08045918	-0.02803195	0.11134497	-0.00581364	-0.00348872	0.00904441
3.083321	0.08032377	-0.02817271	0.11144546	-0.00521815	-0.00366440	0.00841073
3.099988	0.08019336	-0.02826305	0.11157116	-0.00386348	-0.00228894	0.00784642
3.116654	0.08015326	-0.02830872	0.11170100	-0.00185204	-0.00032838	0.00716022
3.133321	0.08016510	-0.02823558	0.11186705	0.00072182	0.00377962	0.00684502
3.149987	0.08022559	-0.02814387	0.11196842	0.00275784	0.00902492	0.00647082
3.166654	0.08026101	-0.02806467	0.11202253	0.00367259	0.01256257	0.00538634
3.183321	0.08036353	-0.02771628	0.11213207	0.00443505	0.01314251	0.00281108
3.199987	0.08041713	-0.02739285	0.11219884	0.00572624	0.01236441	-0.00066340
3.216654	0.08050824	-0.02713007	0.11223022	0.00702973	0.00949012	-0.00484606
3.233320	0.08063182	-0.02710343	0.11204811	0.00729456	0.00400262	-0.00927214
3.249987	0.08080782	-0.02710126	0.11181369	0.00719263	-0.00135207	-0.01298772
3.266654	0.08096516	-0.02715919	0.11152824	0.00699199	-0.00400742	-0.01527152
3.283320	0.08102019	-0.02727991	0.11127619	0.00677953	-0.00476643	-0.01579272
3.299987	0.08110029	-0.02740586	0.11102585	0.00611576	-0.00591611	-0.01584704
3.316653	0.08120330	-0.02744841	0.11075072	0.00585532	-0.00685910	-0.01574117
3.333320	0.08135740	-0.02755221	0.11049521	0.00535732	-0.00725090	-0.01469801
3.349987	0.08144127	-0.02768847	0.11021404	0.00384846	-0.00735120	-0.01224534
3.366653	0.08151275	-0.02788049	0.10999146	0.00141603	-0.00715266	-0.01019031
3.383320	0.08147590	-0.02800495	0.10989232	-0.00085071	-0.00651989	-0.00966054
3.399987	0.08144747	-0.02806590	0.10983446	-0.00156396	-0.00586169	-0.01015470
3.416653	0.08135481	-0.02811650	0.10967666	-0.00064615	-0.00521031	-0.01129807
3.433320	0.08134043	-0.02820924	0.10939434	0.00147306	-0.00515462	-0.01293180
3.449986	0.08139541	-0.02833852	0.10910030	0.00338768	-0.00602364	-0.01423834
3.466653	0.08151533	-0.02843061	0.10888942	0.00421723	-0.00694202	-0.01352941
3.483320	0.08164944	-0.02852064	0.10869360	0.00337509	-0.00688797	-0.01115062
3.499986	0.08168911	-0.02866659	0.10849304	0.00156265	-0.00608375	-0.00894394
3.516653	0.08166735	-0.02879373	0.10836400	-0.00045609	-0.00554254	-0.00716995
3.533319	0.08160491	-0.02888382	0.10827265	-0.00180521	-0.00443292	-0.00505457
3.549986	0.08156078	-0.02890102	0.10821792	-0.00223895	-0.00321885	-0.00335635
3.566653	0.08154432	-0.02896240	0.10817447	-0.00153319	-0.00330425	-0.00343592
3.583319	0.08151799	-0.02896401	0.10815633	-0.00054557	-0.00507662	-0.00465455
3.599986	0.08149325	-0.02906461	0.10809903	0.00014097	-0.00640226	-0.00549162
3.616652	0.08153214	-0.02920135	0.10793674	0.00066549	-0.00537168	-0.00564145
3.633319	0.08153697	-0.02941822	0.10778429	0.00142962	-0.00337289	-0.00630933
3.649986	0.08158809	-0.02945806	0.10770695	0.00215904	-0.00072945	-0.00664006
3.666652	0.08158954	-0.02933433	0.10767587	0.00258581	0.00255092	-0.00561705
3.683319	0.08165893	-0.02923761	0.10753801	0.00288201	0.00541143	-0.00383144
3.699985	0.08171932	-0.02913608	0.10742296	0.00296247	0.00580708	-0.00241988
3.716652	0.08177637	-0.02907260	0.10738108	0.00279569	0.00465808	-0.00108920
3.733319	0.08182298	-0.02895974	0.10746589	0.00192077	0.00396571	0.00032593
3.749985	0.08184045	-0.02890338	0.10751103	0.00094068	0.00404120	0.00086308
3.766652	0.08185778	-0.02888544	0.10752001	0.00018183	0.00404686	0.00029214
3.783318	0.08183706	-0.02881069	0.10747360	-0.00029836	0.00318845	-0.00021756
3.799985	0.08182041	-0.02872629	0.10744869	-0.00066728	0.00201000	0.00050396
3.816652	0.08181605	-0.02865108	0.10744848	-0.00108917	0.00049378	0.00160430
3.833318	0.08180065	-0.02869076	0.10751952	-0.00186027	-0.00100688	0.00279379
3.849985	0.08178452	-0.02877117	0.10760738	-0.00310806	-0.00184301	0.00430772
3.866651	0.08171986	-0.02884108	0.10765801	-0.00440793	-0.00137111	0.00621046
3.883318	0.08161638	-0.02884557	0.10773850	-0.00534723	0.00014514	0.00844650
3.899985	0.08150066	-0.02880618	0.10788692	-0.00603529	0.00168622	0.01092934
3.916651	0.08138971	-0.02873806	0.10812519	-0.00623240	0.00238385	0.01346486
3.933318	0.08131228	-0.02869769	0.10841596	-0.00557086	0.00411018	0.01624322
3.949984	0.08120010	-0.02864786	0.10867324	-0.00440353	0.00733459	0.01841255
3.966651	0.08111852	-0.02861749	0.10897060	-0.00368224	0.01080510	0.01899857
3.983318	0.08108208	-0.02831440	0.10934471	-0.00336920	0.01271923	0.01798041
3.999984	0.08106537	-0.02800238	0.10969599	-0.00300196	0.01360509	0.01663475
4.016651	0.08101309	-0.02766807	0.10997152	-0.00316524	0.01334032	0.01500173
4.033318	0.08093615	-0.02758765	0.11010133	-0.00361567	0.01124521	0.01247821
4.049984	0.08087000	-0.02744353	0.11030481	-0.00398980	0.00836351	0.00977792
4.066650	0.08079576	-0.02730974	0.11049058	-0.00388501	0.00637547	0.00828795
4.083317	0.08075094	-0.02715243	0.11062711	-0.00398012	0.00550505	0.00766798
4.099984	0.08067235	-0.02710489	0.11069755	-0.00427900	0.00397803	0.00660024
4.116651	0.08062606	-0.02706379	0.11077743	-0.00414895	0.00269238	0.00588911
4.133317	0.08051348	-0.02705958	0.11090096	-0.00311458	0.00254656	0.00558952
4.149983	0.08045042	-0.02702330	0.11100236	-0.00144020	0.00376529	0.00538031
4.166650	0.08042685	-0.02696169	0.11110665	-0.00046730	0.00428705	0.00476750
4.183317	0.08049148	-0.02684093	0.11115168	-0.00029717	0.00389133	0.00405049
4.199983	0.08055127	-0.02671381	0.11121153	-0.00134860	0.00280926	0.00350853
4.216650	0.08048812	-0.02671804	0.11125872	-0.00254595	0.00175020	0.00319035
4.233316	0.08039738	-0.02673367	0.11132365	-0.00338064	0.00060745	0.00306213
4.249983	0.08024987	-0.02678489	0.11137562	-0.00275043	-0.00009975	0.00250776
4.266650	0.08025544	-0.02672675	0.11141787	-0.00098728	-0.00040691	0.00161600
4.283316	0.08025936	-0.02671669	0.11144610	0.00087072	-0.00099565	0.00030130
4.299983	0.08035005	-0.02672311	0.11143257	0.00197255	-0.00239929	-0.00104070
4.316649	0.08037402	-0.02680372	0.11140882	0.00182365	-0.00455389	-0.00248958
4.333316	0.08039916	-0.02690095	0.11133852	0.00101094	-0.00670446	-0.00395504
4.349983	0.08040418	-0.02702884	0.11127884	-0.00002023	-0.00851502	-0.00589947
4.366649	0.08039632	-0.02717444	0.11116818	-0.00014328	-0.00912485	-0.00807259
4.383316	0.08037722	-0.02737204	0.11104047	0.00013836	-0.00865775	-0.00979789
4.399982	0.08036359	-0.02754396	0.11081297	0.00129041	-0.00736376	-0.01074110
4.416649	0.08039948	-0.02765248	0.11060024	0.00321356	-0.00550995	-0.01086143
4.433316	0.08044937	-0.02769744	0.11040448	0.00577407	-0.00322340	-0.01050611
4.449982	0.08058683	-0.02771738	0.11027367	0.00762145	-0.00136516	-0.00995122
4.466649	0.08073615	-0.02773754	0.11013786	0.00856198	0.00014986	-0.00981722
4.483315	0.08095071	-0.02772458	0.10996916	0.00819169	0.00129882	-0.01019121
4.499982	0.08105720	-0.02770904	0.10977587	0.00622264	0.00172755	-0.01062703
4.516649	0.08118292	-0.02762704	0.10958094	0.00308634	0.00140055	-0.00997484
4.533315	0.08117674	-0.02758975	0.10939951	-0.00090544	0.00181978	-0.00742155
4.549982	0.08115120	-0.02759354	0.10926955	-0.00469381	0.00266404	-0.00349575
4.566648	0.08102905	-0.02762106	0.10922243	-0.00699698	0.00165849	0.00014328
4.583315	0.08083460	-0.02750446	0.10931936	-0.00655996	-0.00213095	0.00220903
4.599982	0.08066363	-0.02743405	0.10944818	-0.00410588	-0.00720325	0.00263498
4.616648	0.08059894	-0.02757437	0.10951710	-0.00008769	-0.01173533	0.00175570
4.633315	0.08069104	-0.02799804	0.10947666	0.00341745	-0.01553998	0.00000924
4.649981	0.08084270	-0.02840697	0.10941909	0.00467343	-0.01675675	-0.00175350
4.666648	0.08099287	-0.02864960	0.10939276	0.00217204	-0.01468661	-0.00274723
4.683315	0.08101480	-0.02881168	0.10937550	-0.00250743	-0.01111893	-0.00296892
4.699981	0.08093417	-0.02890791	0.10931593	-0.00592182	-0.00885198	-0.00280266
4.716648	0.08066433	-0.02907429	0.10923960	-0.00689919	-0.00826320	-0.00285872
4.733315	0.08047888	-0.02921132	0.10917128	-0.00557056	-0.00827090	-0.00326434
4.749981	0.08043145	-0.02936138	0.10916891	-0.00297521	-0.00883103	-0.00401927
4.766648	0.08048654	-0.02949644	0.10911389	0.00006534	-0.00962555	-0.00505964
4.783314	0.08056936	-0.02961628	0.10902406	0.00239481	-0.01014605	-0.00648322
4.799981	0.08054490	-0.02984360	0.10885327	0.00369677	-0.01001141	-0.00821437
4.816648	0.08059231	-0.03003927	0.10870457	0.00345980	-0.00949998	-0.00944920
4.833314	0.08068869	-0.03020828	0.10854903	0.00205600	-0.00813145	-0.00976358
4.849981	0.08080587	-0.03030517	0.10837729	-0.00002697	-0.00508931	-0.00913087
4.866647	0.08079511	-0.03036643	0.10820965	-0.00219532	-0.00150534	-0.00789873
4.883314	0.08064349	-0.03040895	0.10806540	-0.00362636	0.00148295	-0.00579389
4.899981	0.08048726	-0.03030764	0.10798898	-0.00468748	0.00328987	-0.00324869
4.916647	0.08044453	-0.03020488	0.10797007	-0.00493592	0.00476955	-0.00084591
4.933314	0.08045816	-0.03008928	0.10800206	-0.00410693	0.00576210	0.00096422
4.949980	0.08038337	-0.03004597	0.10804000	-0.00292243	0.00620171	0.00211899
4.966647	0.08025907	-0.02994783	0.10807899	-0.00191000	0.00657501	0.00241918
4.983314	0.08019765	-0.02982210	0.10811776	-0.00087798	0.00667871	0.00195973
4.999980	0.08024509	-0.02966084	0.10817188	0.00097406	0.00639536	0.00121929
5.016647	0.08034162	-0.02954505	0.10818354	0.00285358	0.00530898	0.00006855
5.033313	0.08037078	-0.02948854	0.10817544	0.00348141	0.00383764	-0.00151545
5.049980	0.08043298	-0.02945887	0.10813580	0.00293129	0.00229020	-0.00297521
5.066647	0.08046954	-0.02943683	0.10806256	0.00233707	0.00133706	-0.00343689
5.083313	0.08052441	-0.02940753	0.10797912	0.00143648	0.00128724	-0.00253667
5.099980	0.08054496	-0.02940165	0.10790648	-0.00062250	0.00155341	0.00011276
5.116646	0.08054644	-0.02938713	0.10791730	-0.00327205	0.00195996	0.00472916
5.133313	0.08046938	-0.02933551	0.10801896	-0.00577143	0.00341806	0.01130824
5.149980	0.08031407	-0.02929397	0.10825109	-0.00774424	0.00564217	0.01793407
5.166646	0.08013760	-0.02919883	0.10862622	-0.00881959	0.00700352	0.02223769
5.183313	0.07998428	-0.02902402	0.10914378	-0.00862073	0.00731095	0.02387038
5.199979	0.07984089	-0.02884357	0.10961162	-0.00764768	0.00715018	0.02292713
5.216646	0.07973710	-0.02873798	0.10995944	-0.00693521	0.00663976	0.02007135
5.233313	0.07962959	-0.02868745	0.11021977	-0.00560606	0.00533742	0.01576180
5.249979	0.07954644	-0.02862489	0.11042582	-0.00337375	0.00430496	0.01219017
5.266646	0.07943489	-0.02850843	0.11065424	-0.00106741	0.00440416	0.00957936
5.283312	0.07947706	-0.02846301	0.11074188	0.00100319	0.00466128	0.00706359
5.299979	0.07954202	-0.02837625	0.11088303	0.00256715	0.00384760	0.00404002
5.316646	0.07964035	-0.02831189	0.11089654	0.00287288	0.00208158	0.00190311
5.333312	0.07968734	-0.02824842	0.11091894	0.00149508	0.00016826	0.00107620
5.349979	0.07968867	-0.02826719	0.11085597	-0.00003044	-0.00147218	0.00072353
5.366645	0.07966200	-0.02836225	0.11088926	-0.00120551	-0.00203412	0.00105478
5.383312	0.07959934	-0.02844042	0.11093103	-0.00147805	-0.00141738	0.00168436
5.399979	0.07958731	-0.02846531	0.11098626	-0.00085697	0.00115715	0.00205763
5.416645	0.07956254	-0.02840009	0.11101235	0.00085932	0.00445424	0.00126787
5.433312	0.07959195	-0.02830449	0.11103542	0.00274507	0.00679050	-0.00022620
5.449978	0.07964256	-0.02811423	0.11102496	0.00433059	0.00692689	-0.00230209
5.466645	0.07976804	-0.02797079	0.11098642	0.00555357	0.00504028	-0.00500491
5.483312	0.07986933	-0.02785862	0.11087669	0.00620103	0.00226730	-0.00764988
5.499978	0.07999199	-0.02790442	0.11072337	0.00630188	-0.00034193	-0.00935685
5.516645	0.08007319	-0.02798452	0.11049242	0.00646493	-0.00138786	-0.01012050
5.533311	0.08018151	-0.02805174	0.11031562	0.00652562	-0.00234940	-0.01093355
5.549978	0.08027849	-0.02805654	0.11015891	0.00592923	-0.00372208	-0.01189047
5.566645	0.08043218	-0.02799952	0.11001868	0.00499914	-0.00596774	-0.01342183
5.583311	0.08050150	-0.02816558	0.10975464	0.00425028	-0.00828422	-0.01530970
5.599978	0.08054338	-0.02836374	0.10946602	0.00344069	-0.01089344	-0.01656707
5.616644	0.08054718	-0.02867141	0.10909794	0.00281611	-0.01227231	-0.01657645
5.633311	0.08062106	-0.02881997	0.10884119	0.00311175	-0.01077387	-0.01541472
5.649978	0.08066946	-0.02901780	0.10860693	0.00366674	-0.00799823	-0.01408136
5.666644	0.08075430	-0.02912436	0.10843287	0.00361228	-0.00605199	-0.01270724
5.683311	0.08081541	-0.02916754	0.10822587	0.00268006	-0.00549024	-0.01208824
5.699977	0.08087189	-0.02921740	0.10799114	0.00191626	-0.00396928	-0.01105499
5.716644	0.08087858	-0.02931140	0.10781568	0.00135769	-0.00219920	-0.00876471
5.733311	0.08086049	-0.02942397	0.10762831	0.00144479	-0.00010050	-0.00561761
5.749977	0.08088923	-0.02937142	0.10759894	0.00226856	0.00190625	-0.00328177
5.766644	0.08092342	-0.02927944	0.10761829	0.00360662	0.00351590	-0.00231569
5.783310	0.08102365	-0.02912483	0.10764371	0.00464799	0.00373558	-0.00233860
5.799977	0.08111723	-0.02909917	0.10758185	0.00524556	0.00266530	-0.00329336
5.816644	0.08121680	-0.02908475	0.10744864	0.00530398	0.00152775	-0.00381699
5.833310	0.08129561	-0.02911975	0.10736725	0.00446802	0.00081353	-0.00313790
5.849977	0.08137585	-0.02909101	0.10731102	0.00323599	0.00060932	-0.00138082
5.866643	0.08143332	-0.02904872	0.10734420	0.00213046	0.00075665	-0.00015166
5.883310	0.08144137	-0.02902691	0.10738308	0.00099603	0.00041646	-0.00008076
5.899977	0.08143307	-0.02904819	0.10740574	-0.00059739	-0.00116992	-0.00102550
5.916643	0.08143271	-0.02904340	0.10735569	-0.00230418	-0.00402843	-0.00333877
5.933310	0.08139466	-0.02912947	0.10728022	-0.00368682	-0.00696342	-0.00578924
5.949976	0.08131240	-0.02923635	0.10717139	-0.00458097	-0.00996613	-0.00755708
5.966643	0.08118662	-0.02951583	0.10699473	-0.00427136	-0.01156779	-0.00791791
5.983310	0.08108855	-0.02971718	0.10684730	-0.00233700	-0.01061373	-0.00701065
5.999976	0.08104571	-0.02999778	0.10669048	0.00022847	-0.00748987	-0.00494158
6.016643	0.08110989	-0.03003804	0.10666031	0.00274607	-0.00350670	-0.00261904
6.033309	0.08122579	-0.03004029	0.10665217	0.00467660	0.00040968	-0.00114300
6.049976	0.08131069	-0.02993531	0.10669672	0.00589541	0.00379765	-0.00093978
6.066643	0.08140723	-0.02988267	0.10668793	0.00575951	0.00498324	-0.00165560
6.083309	0.08148550	-0.02978183	0.10662724	0.00461606	0.00440703	-0.00236274
6.099976	0.08161852	-0.02967495	0.10654347	0.00323047	0.00295119	-0.00290943
6.116642	0.08165066	-0.02961930	0.10649101	0.00163992	0.00162517	-0.00268825
6.133309	0.08164604	-0.02964598	0.10646939	-0.00019625	0.00023536	-0.00219186
6.149976	0.08160438	-0.02968045	0.10644790	-0.00153613	-0.00065157	-0.00187878
6.166642	0.08155759	-0.02971314	0.10642649	-0.00145019	-0.00120258	-0.00235529
6.183309	0.08152787	-0.02969307	0.10637358	-0.00051834	-0.00229926	-0.00356489
6.199975	0.08151966	-0.02970283	0.10632849	0.00070006	-0.00383933	-0.00467630
6.216642	0.08155819	-0.02977454	0.10622209	0.00152078	-0.00494820	-0.00479111
6.233309	0.08161350	-0.02994439	0.10610403	0.00174132	-0.00507156	-0.00377023
6.249975	0.08165590	-0.03007798	0.10601577	0.00145622	-0.00387496	-0.00207522
6.266642	0.08166769	-0.03012666	0.10601499	0.00096571	-0.00145008	0.00022054
6.283309	0.08165690	-0.03007972	0.10607824	0.00057418	0.00164376	0.00252747
6.299975	0.08165790	-0.03001162	0.10614154	0.00019565	0.00381796	0.00439459
6.316642	0.08167595	-0.02993367	0.10622238	-0.00057653	0.00466025	0.00644400
6.333308	0.08168810	-0.02983551	0.10631042	-0.00239902	0.00623831	0.00972036
6.349975	0.08165641	-0.02976101	0.10645922	-0.00533676	0.00968984	0.01409972
6.366642	0.08154533	-0.02965156	0.10673741	-0.00850189	0.01355291	0.01770366
6.383308	0.08134250	-0.02935776	0.10712666	-0.01057976	0.01588637	0.01941208
6.399975	0.08109725	-0.02896354	0.10756796	-0.01090028	0.01577121	0.01902249
6.416641	0.08087768	-0.02858544	0.10786669	-0.00933539	0.01360051	0.01711554
6.433308	0.08074980	-0.02842621	0.10808342	-0.00645450	0.00972551	0.01465513
6.449975	0.08068454	-0.02841388	0.10824339	-0.00339055	0.00571065	0.01299629
6.466641	0.08068169	-0.02837156	0.10845915	-0.00101265	0.00351207	0.01291262
6.483308	0.08068829	-0.02833152	0.10869763	0.00031073	0.00363782	0.01375144
6.499974	0.08070463	-0.02822105	0.10894130	0.00078176	0.00457562	0.01446037
6.516641	0.08072714	-0.02814829	0.10918467	0.00072036	0.00528964	0.01446648
6.533308	0.08073603	-0.02806180	0.10943219	0.00056446	0.00573262	0.01401110
6.549974	0.08074586	-0.02796378	0.10966373	-0.00007220	0.00537524	0.01279884
6.566641	0.08073889	-0.02786617	0.10988999	-0.00105784	0.00435924	0.01112514
6.583307	0.08073618	-0.02775093	0.11006510	-0.00236162	0.00285812	0.00955675
6.599974	0.08067379	-0.02774039	0.11018217	-0.00376081	0.00113824	0.00799871
6.616641	0.08060506	-0.02775621	0.11028976	-0.00470733	-0.00051285	0.00677916
6.633307	0.08048186	-0.02779866	0.11040045	-0.00447882	-0.00095314	0.00635824
6.649974	0.08038892	-0.02783715	0.11049598	-0.00356832	-0.00006198	0.00628504
6.666640	0.08032991	-0.02783576	0.11060774	-0.00262284	0.00069715	0.00552835
6.683307	0.08035149	-0.02778329	0.11070692	-0.00223306	0.00013841	0.00412369
6.699974	0.08033394	-0.02772622	0.11079744	-0.00236535	-0.00103636	0.00299593
6.716640	0.08030261	-0.02774221	0.11079951	-0.00314893	-0.00180755	0.00243508
6.733307	0.08018158	-0.02788628	0.11078977	-0.00385495	-0.00273549	0.00205655
6.749973	0.08012801	-0.02795293	0.11082652	-0.00344267	-0.00302723	0.00179381
6.766640	0.08003178	-0.02796745	0.11089993	-0.00166581	-0.00136376	0.00171006
6.783307	0.08003911	-0.02797893	0.11095056	0.00074841	0.00144872	0.00087332
6.799973	0.08005776	-0.02794767	0.11094704	0.00302662	0.00284717	-0.00126146
6.816639	0.08016618	-0.02788211	0.11090769	0.00508862	0.00306440	-0.00449134
6.833306	0.08026666	-0.02774553	0.11082134	0.00645484	0.00305151	-0.00767875
6.849973	0.08039062	-0.02772979	0.11066788	0.00693551	0.00308013	-0.01013026
6.866640	0.08050998	-0.02771490	0.11043352	0.00629182	0.00165344	-0.01247482
6.883306	0.08063839	-0.02770759	0.11020028	0.00514282	-0.00071541	-0.01449334
6.899972	0.08071335	-0.02764247	0.10997175	0.00431297	-0.00224346	-0.01518062
6.916639	0.08075485	-0.02773154	0.10968989	0.00383837	-0.00377008	-0.01440434
6.933306	0.08076549	-0.02784785	0.10941774	0.00317757	-0.00502334	-0.01282276
6.949973	0.08086158	-0.02796765	0.10919110	0.00218932	-0.00531879	-0.01099047
6.966639	0.08092251	-0.02807397	0.10906448	0.00081137	-0.00426614	-0.00902712
6.983305	0.08095013	-0.02808834	0.10897861	-0.00105381	-0.00346762	-0.00793896
6.999972	0.08087230	-0.02814117	0.10885219	-0.00300491	-0.00286171	-0.00821288
7.016639	0.08077199	-0.02815109	0.10872847	-0.00340702	-0.00196358	-0.00960175
7.033306	0.08068097	-0.02824577	0.10852254	-0.00214876	-0.00069977	-0.01086925
7.049972	0.08064005	-0.02826633	0.10833655	0.00000495	-0.00012504	-0.01214114
7.066638	0.08070689	-0.02821671	0.10810550	0.00162848	-0.00007219	-0.01300221
7.083305	0.08077993	-0.02814466	0.10791501	0.00237127	-0.00008620	-0.01297915
7.099972	0.08085393	-0.02818196	0.10765374	0.00169852	-0.00102721	-0.01190220
7.116639	0.08084621	-0.02823279	0.10745358	0.00008594	-0.00273996	-0.00995398
7.133305	0.08083443	-0.02831583	0.10727011	-0.00169039	-0.00378320	-0.00754862
7.149971	0.08077115	-0.02835525	0.10721142	-0.00243926	-0.00342522	-0.00501676
7.166638	0.08072673	-0.02844681	0.10716256	-0.00182793	-0.00254111	-0.00365508
7.183305	0.08065081	-0.02847741	0.10714860	-0.00023823	-0.00214143	-0.00391187
7.199972	0.08067770	-0.02849434	0.10709318	0.00218091	-0.00216056	-0.00531538
7.216638	0.08072548	-0.02848751	0.10698033	0.00425311	-0.00227829	-0.00673859
7.233305	0.08085999	-0.02855125	0.10681985	0.00510318	-0.00358277	-0.00781360
7.249971	0.08099262	-0.02861759	0.10666537	0.00431644	-0.00511563	-0.00791974
7.266638	0.08106221	-0.02871260	0.10653260	0.00301549	-0.00582164	-0.00730402
7.283305	0.08107687	-0.02886179	0.10643069	0.00168075	-0.00534619	-0.00657699
7.299971	0.08102997	-0.02895252	0.10634147	0.00105095	-0.00460023	-0.00595702
7.316638	0.08105760	-0.02902782	0.10624605	0.00138313	-0.00278084	-0.00449805
7.333304	0.08109295	-0.02901968	0.10614353	0.00284174	-0.00049139	-0.00299678
7.349971	0.08116259	-0.02905206	0.10607912	0.00420408	0.00082720	-0.00251078
7.366638	0.08123334	-0.02897590	0.10613456	0.00425549	0.00042871	-0.00303400
7.383304	0.08134454	-0.02894462	0.10611387	0.00326203	-0.00105766	-0.00393511
7.399971	0.08141263	-0.02894037	0.10602959	0.00183132	-0.00293041	-0.00528110
7.416637	0.08141980	-0.02906520	0.10584189	0.00009336	-0.00508936	-0.00693674
7.433304	0.08136571	-0.02919511	0.10571367	-0.00227959	-0.00624496	-0.00717900
7.449970	0.08132572	-0.02932573	0.10561623	-0.00421038	-0.00620057	-0.00572181
7.466637	0.08125480	-0.02941881	0.10551038	-0.00456398	-0.00536342	-0.00347686
7.483304	0.08113497	-0.02947615	0.10547920	-0.00322127	-0.00396344	-0.00102386
7.499970	0.08103526	-0.02954031	0.10546179	-0.00184149	-0.00163275	0.00273277
7.516637	0.08103034	-0.02959662	0.10552545	-0.00115827	0.00077752	0.00738776
7.533303	0.08112798	-0.02956292	0.10566515	-0.00131142	0.00258338	0.01195592
7.549970	0.08112872	-0.02945125	0.10593933	-0.00254073	0.00346453	0.01569136
7.566637	0.08104498	-0.02932937	0.10627985	-0.00479298	0.00361593	0.01819618
7.583303	0.08087853	-0.02928013	0.10663208	-0.00641065	0.00338235	0.01924940
7.599970	0.08074076	-0.02929870	0.10693724	-0.00610354	0.00360210	0.01908414
7.616636	0.08063468	-0.02926751	0.10724770	-0.00501866	0.00409039	0.01862884
7.633303	0.08059831	-0.02917400	0.10753338	-0.00422837	0.00421130	0.01778137
7.649970	0.08057923	-0.02900094	0.10785516	-0.00417812	0.00291190	0.01660234
7.666636	0.08050206	-0.02893784	0.10815096	-0.00476392	0.00123865	0.01559014
7.683303	0.08039430	-0.02897124	0.10837399	-0.00561225	0.00041077	0.01470836
7.699969	0.08026856	-0.02911881	0.10858090	-0.00589831	0.00096590	0.01380606
7.716636	0.08016483	-0.02909515	0.10880179	-0.00485720	0.00330065	0.01325315
7.733303	0.08009239	-0.02897440	0.10903919	-0.00288558	0.00638472	0.01309549
7.749969	0.08003835	-0.02875955	0.10927651	-0.00084628	0.00827925	0.01304173
7.766636	0.08007224	-0.02858226	0.10946685	0.00061017	0.00723025	0.01255074
7.783302	0.08011217	-0.02847525	0.10967264	0.00101142	0.00432632	0.01140100
7.799969	0.08016475	-0.02843028	0.10987286	0.00000354	0.00091344	0.01019668
7.816636	0.08016548	-0.02848349	0.11004450	-0.00259549	-0.00143357	0.00908501
7.833302	0.08009593	-0.02854287	0.11016863	-0.00574781	-0.00198209	0.00828206
7.849969	0.07997589	-0.02862037	0.11027666	-0.00732179	-0.00073987	0.00751331
7.866635	0.07976462	-0.02862960	0.11038403	-0.00580708	0.00130089	0.00683601
7.883302	0.07959523	-0.02856054	0.11054379	-0.00237611	0.00292243	0.00651280
7.899969	0.07959020	-0.02845546	0.11062886	0.00066754	0.00329963	0.00605645
7.916636	0.07975206	-0.02836420	0.11073089	0.00270509	0.00220894	0.00492377
7.933302	0.07991844	-0.02834419	0.11079600	0.00324295	-0.00074037	0.00333616
7.949968	0.07990672	-0.02839610	0.11085811	0.00208751	-0.00413261	0.00186999
7.966635	0.07986404	-0.02847102	0.11087907	0.00002760	-0.00632038	0.00049640
7.983302	0.07981883	-0.02867951	0.11085121	-0.00116271	-0.00658952	-0.00022471
7.999969	0.07984937	-0.02879905	0.11082441	-0.00138485	-0.00516738	-0.00014108
8.016635	0.07984384	-0.02891327	0.11080208	-0.00186489	-0.00235705	0.00085872
8.033301	0.07980952	-0.02887927	0.11083635	-0.00266490	0.00105655	0.00228756
8.049968	0.07972707	-0.02881253	0.11090045	-0.00329000	0.00372692	0.00341864
8.066635	0.07963877	-0.02871580	0.11098391	-0.00263807	0.00541168	0.00392282
8.083302	0.07959205	-0.02860338	0.11106596	-0.00087656	0.00650157	0.00335963
8.099968	0.07958402	-0.02851261	0.11111281	0.00182741	0.00712006	0.00164025
8.116634	0.07965954	-0.02839553	0.11115124	0.00444321	0.00636725	-0.00073932
8.133301	0.07975397	-0.02822910	0.11111547	0.00585257	0.00417928	-0.00370616
8.149968	0.07991382	-0.02814791	0.11102279	0.00617622	0.00089678	-0.00717978
8.166635	0.08002842	-0.02814797	0.11088765	0.00555097	-0.00275267	-0.01050767
8.183301	0.08009382	-0.02830022	0.11066136	0.00486730	-0.00600397	-0.01299398
8.199967	0.08015525	-0.02846812	0.11041045	0.00446336	-0.00749895	-0.01404496
8.216634	0.08018011	-0.02860262	0.11012775	0.00461267	-0.00700700	-0.01353400
8.233301	0.08030611	-0.02873029	0.10988264	0.00533415	-0.00481115	-0.01196587
8.249968	0.08039425	-0.02876274	0.10972766	0.00638733	-0.00151923	-0.01029063
8.266634	0.08051131	-0.02880791	0.10959319	0.00686078	0.00105153	-0.00941161
8.283300	0.08063354	-0.02873597	0.10948756	0.00569681	0.00168359	-0.00951108
8.299967	0.08075035	-0.02860544	0.10931644	0.00387834	0.00136927	-0.00977986
8.316634	0.08084101	-0.02859801	0.10910199	0.00226744	0.00095851	-0.00960693
8.333301	0.08079097	-0.02864017	0.10891836	0.00141163	0.00141214	-0.00788308
8.349967	0.08076537	-0.02870480	0.10878588	0.00107903	0.00309713	-0.00484644
8.366633	0.08077571	-0.02865789	0.10873160	0.00190143	0.00537703	-0.00200615
8.383300	0.08086002	-0.02841831	0.10878996	0.00310683	0.00627088	-0.00094910
8.399966	0.08093838	-0.02825690	0.10881536	0.00330256	0.00561510	-0.00105501
8.416634	0.08101911	-0.02811762	0.10882862	0.00272610	0.00342671	-0.00248541
8.433300	0.08103289	-0.02822330	0.10868373	0.00260756	0.00092476	-0.00461401
8.449966	0.08104106	-0.02824158	0.10862384	0.00356758	-0.00049596	-0.00659603
8.466633	0.08105939	-0.02827130	0.10846526	0.00465887	0.00026459	-0.00715445
8.483299	0.08119785	-0.02822186	0.10837588	0.00529999	0.00180808	-0.00691908
8.499967	0.08135838	-0.02818429	0.10820144	0.00478799	0.00113936	-0.00728312
8.516633	0.08145731	-0.02809582	0.10813805	0.00238054	-0.00088877	-0.00728439
8.533299	0.08146848	-0.02811555	0.10800756	-0.00117138	-0.00164152	-0.00597785
8.549966	0.08138321	-0.02823823	0.10787807	-0.00371089	-0.00061140	-0.00358888
8.566632	0.08124418	-0.02837502	0.10778075	-0.00413781	0.00092914	-0.00176807
8.583300	0.08114113	-0.02826199	0.10782568	-0.00285682	0.00278116	0.00015516
8.599966	0.08110851	-0.02810338	0.10790686	-0.00142407	0.00369419	0.00155178
8.616632	0.08117063	-0.02794791	0.10794310	-0.00066459	0.00212082	0.00142217
8.633299	0.08121151	-0.02796911	0.10795236	-0.00057951	-0.00208180	-0.00052244
8.649965	0.08116305	-0.02809140	0.10792592	-0.00114926	-0.00618530	-0.00246328
8.666633	0.08109347	-0.02825475	0.10787454	-0.00190736	-0.00834881	-0.00339044
8.683299	0.08104332	-0.02845732	0.10776846	-0.00169207	-0.00808403	-0.00378811
8.699965	0.08104108	-0.02857672	0.10769378	-0.00065092	-0.00646989	-0.00362405
8.716632	0.08104540	-0.02867039	0.10765266	0.00005830	-0.00411753	-0.00235108
8.733298	0.08106610	-0.02869928	0.10761149	-0.00044484	-0.00219159	-0.00014145
8.749966	0.08107377	-0.02870606	0.10761319	-0.00169527	-0.00084943	0.00215297
8.766632	0.08104388	-0.02870053	0.10766172	-0.00340638	0.00021959	0.00473639
8.783298	0.08094569	-0.02871298	0.10778259	-0.00512051	0.00093076	0.00747017
8.799965	0.08084597	-0.02868391	0.10793009	-0.00647995	0.00250731	0.01058326
8.816631	0.08069737	-0.02865513	0.10812861	-0.00717188	0.00509693	0.01380490
8.833299	0.08059851	-0.02857488	0.10834976	-0.00749606	0.00760353	0.01624490
8.849965	0.08045576	-0.02839053	0.10868989	-0.00707514	0.00880151	0.01752622
8.866632	0.08035068	-0.02817620	0.10903522	-0.00594380	0.00902000	0.01755252
8.883298	0.08021098	-0.02798441	0.10935412	-0.00445397	0.00849440	0.01653913
8.899964	0.08017167	-0.02791467	0.10959195	-0.00270215	0.00719860	0.01441622
8.916632	0.08014409	-0.02783333	0.10978253	-0.00127506	0.00567604	0.01221256
8.933298	0.08017362	-0.02773576	0.10998625	-0.00047047	0.00468192	0.01007416
8.949965	0.08017435	-0.02763680	0.11013662	-0.00040576	0.00443982	0.00800605
8.966631	0.08015854	-0.02756529	0.11028916	-0.00048526	0.00426327	0.00595810
8.983297	0.08012747	-0.02753570	0.11033783	-0.00093509	0.00428616	0.00452736
8.999965	0.08011420	-0.02746803	0.11037347	-0.00183527	0.00461595	0.00369133
9.016631	0.08011286	-0.02738483	0.11040346	-0.00241381	0.00530727	0.00335184
9.033298	0.08006938	-0.02726531	0.11049013	-0.00284028	0.00580149	0.00397330
9.049964	0.07996363	-0.02715974	0.11056589	-0.00325797	0.00511361	0.00433197
9.066630	0.07992425	-0.02706337	0.11064098	-0.00327391	0.00355901	0.00394402
9.083298	0.07984613	-0.02700157	0.11072757	-0.00248247	0.00212565	0.00319344
9.099964	0.07984904	-0.02702029	0.11075417	-0.00120253	0.00153137	0.00313987
9.116631	0.07980732	-0.02703436	0.11078880	-0.00021763	0.00151994	0.00330967
9.133297	0.07982404	-0.02701685	0.11081359	0.00078734	0.00141989	0.00274104
9.149963	0.07985865	-0.02693657	0.11092097	0.00149817	0.00097696	0.00172705
9.166631	0.07987447	-0.02687605	0.11098287	0.00214369	0.00036310	0.00070811
9.183297	0.07994521	-0.02691686	0.11094414	0.00222330	0.00023510	-0.00043929
9.199964	0.07995708	-0.02697834	0.11088447	0.00228685	-0.00016118	-0.00249007
9.216630	0.08001918	-0.02700325	0.11083055	0.00259345	-0.00068114	-0.00443133
9.233296	0.08003301	-0.02691571	0.11081149	0.00341197	-0.00082300	-0.00577352
9.249964	0.08008773	-0.02692589	0.11067901	0.00459662	-0.00067282	-0.00658057
9.266630	0.08017652	-0.02697216	0.11052368	0.00510289	-0.00090495	-0.00769756
9.283297	0.08030159	-0.02705408	0.11035512	0.00481786	-0.00152710	-0.00849396
9.299963	0.08042493	-0.02704772	0.11025930	0.00375686	-0.00134168	-0.00848643
9.316629	0.08045701	-0.02702917	0.11010827	0.00292600	-0.00088673	-0.00836040
9.333297	0.08044848	-0.02705072	0.10998465	0.00259788	-0.00218163	-0.00904906
9.349963	0.08044604	-0.02706867	0.10980605	0.00294474	-0.00583585	-0.01032729
9.366630	0.08053273	-0.02714844	0.10966101	0.00344512	-0.00963207	-0.01117267
9.383296	0.08064294	-0.02737234	0.10943184	0.00351192	-0.01243753	-0.01134586
9.399962	0.08073371	-0.02768398	0.10922403	0.00299857	-0.01382672	-0.01083483
9.416630	0.08073565	-0.02797656	0.10902411	0.00219696	-0.01326346	-0.01019568
9.433296	0.08072993	-0.02817663	0.10889278	0.00172087	-0.01059757	-0.00909313
9.449963	0.08074148	-0.02829277	0.10877456	0.00103992	-0.00721609	-0.00807803
9.466629	0.08080565	-0.02838587	0.10862935	-0.00001505	-0.00472697	-0.00715687
9.483295	0.08085299	-0.02841766	0.10851039	-0.00151288	-0.00335352	-0.00588233
9.499963	0.08078010	-0.02846521	0.10839058	-0.00269328	-0.00247547	-0.00386586
9.516629	0.08067338	-0.02850343	0.10834277	-0.00354034	-0.00201779	-0.00204057
9.533296	0.08055250	-0.02854032	0.10836013	-0.00387503	-0.00240271	-0.00129555
9.549962	0.08055533	-0.02856421	0.10839416	-0.00335277	-0.00330316	-0.00166860
9.566628	0.08052780	-0.02859659	0.10837866	-0.00220899	-0.00441517	-0.00287661
9.583296	0.08048103	-0.02870072	0.10827695	-0.00127107	-0.00524421	-0.00436330
9.599962	0.08042896	-0.02882354	0.10815638	-0.00050921	-0.00501407	-0.00526982
9.616629	0.08042607	-0.02894755	0.10806040	0.00081074	-0.00389512	-0.00489010
9.633295	0.08046739	-0.02900496	0.10798179	0.00231535	-0.00230054	-0.00358378
9.649961	0.08054283	-0.02896821	0.10794422	0.00380551	-0.00084892	-0.00248422
9.666629	0.08060633	-0.02896599	0.10791908	0.00485418	-0.00022166	-0.00219182
9.683295	0.08068846	-0.02894582	0.10791304	0.00533833	-0.00079030	-0.00265409
9.699962	0.08078948	-0.02898813	0.10787000	0.00489837	-0.00196850	-0.00344583
9.716628	0.08089690	-0.02903075	0.10778744	0.00380857	-0.00238476	-0.00442935
9.733294	0.08097966	-0.02908877	0.10768620	0.00269604	-0.00284084	-0.00571279
9.749961	0.08096908	-0.02915955	0.10759673	0.00145864	-0.00398769	-0.00682685
9.766628	0.08095779	-0.02915050	0.10749067	0.00083074	-0.00494561	-0.00741783
9.783295	0.08096857	-0.02927051	0.10734458	0.00143745	-0.00414650	-0.00756814
9.799961	0.08097704	-0.02940573	0.10718796	0.00217357	-0.00260793	-0.00739626
9.816628	0.08106612	-0.02949791	0.10706141	0.00188616	-0.00094365	-0.00654644
9.833294	0.08112542	-0.02942042	0.10697052	0.00067875	0.00086575	-0.00512542
9.849961	0.08113995	-0.02931898	0.10690129	-0.00069242	0.00175995	-0.00391403
9.866628	0.08107789	-0.02925890	0.10685632	-0.00204240	0.00014389	-0.00332595
9.883294	0.08097481	-0.02929939	0.10681759	-0.00266713	-0.00246423	-0.00269839
9.899961	0.08095495	-0.02936957	0.10676597	-0.00229788	-0.00383264	-0.00178003
9.916627	0.08091472	-0.02954926	0.10671169	-0.00120268	-0.00368433	-0.00048250
9.933294	0.08093149	-0.02957259	0.10671785	0.00010893	-0.00072196	0.00178207
9.949961	0.08092229	-0.02960011	0.10675481	0.00082434	0.00441371	0.00464005
9.966627	0.08093483	-0.02950153	0.10686207	0.00021882	0.00913286	0.00694322
9.983294	0.08099706	-0.02923493	0.10703236	-0.00181583	0.01102523	0.00861525
9.999960	0.08097625	-0.02895849	0.10720703	-0.00365419	0.01165097	0.01040988
10.016627	0.08087257	-0.02870624	0.10736532	-0.00502987	0.01107948	0.01257082
10.033294	0.08067988	-0.02866776	0.10754488	-0.00579356	0.00896070	0.01447326
10.049960	0.08057997	-0.02852650	0.10781446	-0.00610510	0.00660775	0.01687247
10.066627	0.08052945	-0.02840057	0.10817174	-0.00585067	0.00578571	0.01892802
10.083293	0.08049148	-0.02830459	0.10848847	-0.00524832	0.00620192	0.01971789
10.099960	0.08035433	-0.02822417	0.10888562	-0.00495030	0.00556836	0.01859430
10.116627	0.08023160	-0.02815798	0.10914558	-0.00419302	0.00416753	0.01645702
10.133293	0.08014967	-0.02802300	0.10945271	-0.00268878	0.00376794	0.01467621
10.149960	0.08014598	-0.02799159	0.10960627	-0.00094235	0.00492460	0.01349428
10.166626	0.08019378	-0.02799540	0.10980266	0.00022020	0.00670345	0.01250391
10.183293	0.08020943	-0.02786804	0.11003108	0.00062488	0.00775166	0.01063210
10.199960	0.08020561	-0.02767772	0.11025254	0.00062648	0.00788720	0.00870242
10.216626	0.08019354	-0.02740209	0.11041155	0.00093747	0.00777820	0.00727723
10.233293	0.08019616	-0.02734291	0.11041745	0.00122525	0.00694733	0.00621094
10.249959	0.08025304	-0.02734005	0.11045334	0.00102472	0.00459477	0.00523361
10.266626	0.08030495	-0.02724779	0.11060276	0.00000618	0.00191715	0.00487426
10.283293	0.08030152	-0.02717534	0.11072085	-0.00129965	0.00054194	0.00493666
10.299959	0.08024886	-0.02714637	0.11082985	-0.00227486	-0.00032224	0.00370318
10.316626	0.08013440	-0.02725124	0.11081851	-0.00272815	-0.00149325	0.00164454
10.333292	0.08010586	-0.02732782	0.11084646	-0.00265450	-0.00269076	-0.00011951
10.349959	0.08008660	-0.02731817	0.11080693	-0.00205726	-0.00272380	-0.00086904
10.366626	0.08007944	-0.02735177	0.11079725	-0.00146490	-0.00247975	-0.00133806
10.383292	0.08004139	-0.02739296	0.11075632	-0.00104737	-0.00296150	-0.00240196
10.399959	0.08000027	-0.02745124	0.11075447	-0.00011094	-0.00294369	-0.00333270
10.416625	0.07999387	-0.02755365	0.11067630	0.00148886	-0.00137418	-0.00400623
10.433292	0.08003663	-0.02757258	0.11057899	0.00343328	0.00078301	-0.00422610
10.449959	0.08012737	-0.02755196	0.11047661	0.00503300	0.00288033	-0.00443483
10.466625	0.08024967	-0.02740557	0.11041959	0.00560372	0.00344646	-0.00495276
10.483292	0.08035474	-0.02731217	0.11038734	0.00505438	0.00223164	-0.00618337
10.499958	0.08045191	-0.02725129	0.11029571	0.00351196	-0.00155594	-0.00800453
10.516625	0.08048276	-0.02735036	0.11011634	0.00187390	-0.00615847	-0.00988584
10.533292	0.08049837	-0.02746542	0.10989399	-0.00038725	-0.01150590	-0.01133961
10.549958	0.08045730	-0.02777828	0.10966655	-0.00227974	-0.01603559	-0.01175203
10.566625	0.08044697	-0.02798183	0.10950480	-0.00277766	-0.01798207	-0.01088910
10.583291	0.08030567	-0.02847605	0.10931528	-0.00173074	-0.01720551	-0.00995711
10.599958	0.08028426	-0.02873273	0.10916833	-0.00004258	-0.01515265	-0.01009204
10.616625	0.08027301	-0.02901018	0.10902949	0.00219856	-0.01192440	-0.01070381
10.633291	0.08041412	-0.02906142	0.10884825	0.00430463	-0.00668561	-0.01054772
10.649958	0.08049628	-0.02918930	0.10863007	0.00472495	-0.00253564	-0.01033947
10.666624	0.08061664	-0.02921290	0.10842083	0.00398228	-0.00093362	-0.01064025
10.683291	0.08065104	-0.02913536	0.10830639	0.00295465	-0.00163288	-0.01109985
10.699958	0.08066354	-0.02909344	0.10815738	0.00269746	-0.00219274	-0.01118366
10.716624	0.08067942	-0.02919023	0.10794351	0.00221231	-0.00302818	-0.01072500
10.733291	0.08073783	-0.02933768	0.10769399	0.00093725	-0.00436282	-0.00989292
10.749957	0.08081926	-0.02943721	0.10750706	-0.00126336	-0.00427795	-0.00777821
10.766624	0.08079751	-0.02942275	0.10744598	-0.00295260	-0.00233439	-0.00513511
10.783291	0.08065309	-0.02949883	0.10739902	-0.00336503	0.00030384	-0.00319590
10.799957	0.08049162	-0.02945253	0.10741811	-0.00204188	0.00226525	-0.00270856
10.816624	0.08046719	-0.02944615	0.10734595	0.00038229	0.00334895	-0.00324679
10.833290	0.08057322	-0.02929284	0.10728651	0.00355077	0.00356017	-0.00430012
10.849957	0.08073369	-0.02921289	0.10718741	0.00568854	0.00238112	-0.00550410
10.866624	0.08079678	-0.02917599	0.10710184	0.00592294	0.00035466	-0.00622174
10.883290	0.08091445	-0.02921709	0.10699497	0.00498457	-0.00227871	-0.00672466
10.899957	0.08094579	-0.02930825	0.10686234	0.00402258	-0.00363868	-0.00664892
10.916623	0.08105088	-0.02938341	0.10674087	0.00288473	-0.00324030	-0.00574625
10.933290	0.08108170	-0.02947167	0.10662796	0.00105694	-0.00195974	-0.00404967
10.949957	0.08111306	-0.02948068	0.10657458	-0.00049323	-0.00195124	-0.00289412
10.966623	0.08106430	-0.02943227	0.10658225	-0.00212756	-0.00347085	-0.00267618
10.983290	0.08097610	-0.02944829	0.10658827	-0.00323573	-0.00533806	-0.00265272
10.999956	0.08093873	-0.02960549	0.10651050	-0.00383140	-0.00731257	-0.00318618
11.016623	0.08085215	-0.02984009	0.10640365	-0.00333314	-0.00851873	-0.00448929
11.033290	0.08081846	-0.03000320	0.10634216	-0.00337393	-0.00855016	-0.00504324
11.049956	0.08074366	-0.03010875	0.10626800	-0.00418303	-0.00713116	-0.00422073
11.066623	0.08073063	-0.03016036	0.10617195	-0.00516983	-0.00573901	-0.00317467
11.083289	0.08060373	-0.03028408	0.10611822	-0.00623817	-0.00510097	-0.00230701
11.099956	0.08048365	-0.03034818	0.10610110	-0.00739399	-0.00446759	-0.00065394
11.116623	0.08032257	-0.03046677	0.10611560	-0.00877209	-0.00237091	0.00245993
11.133289	0.08019757	-0.03049277	0.10613088	-0.00891689	0.00163231	0.00639411
11.149956	0.08004298	-0.03048450	0.10623588	-0.00824641	0.00583639	0.01054615
11.166622	0.07985740	-0.03031011	0.10648658	-0.00766005	0.00866355	0.01425704
11.183289	0.07976426	-0.03004449	0.10680424	-0.00759735	0.00975934	0.01688647
11.199956	0.07966699	-0.02983135	0.10715814	-0.00737417	0.00948952	0.01814537
11.216622	0.07956579	-0.02972928	0.10743614	-0.00708032	0.00790611	0.01853682
11.233289	0.07941095	-0.02965925	0.10771003	-0.00643684	0.00701949	0.01863461
11.249955	0.07926339	-0.02958371	0.10801319	-0.00518767	0.00833966	0.01917564
11.266622	0.07918773	-0.02943592	0.10835904	-0.00364499	0.01093708	0.01971119
11.283289	0.07918536	-0.02921783	0.10871717	-0.00240021	0.01321398	0.01943797
11.299955	0.07918973	-0.02892057	0.10907143	-0.00205603	0.01418209	0.01825366
11.316622	0.07917138	-0.02865196	0.10933998	-0.00247692	0.01351451	0.01669674
11.333288	0.07908073	-0.02842229	0.10959984	-0.00293807	0.01110044	0.01453648
11.349955	0.07900871	-0.02827754	0.10980199	-0.00314487	0.00771923	0.01177204
11.366622	0.07894913	-0.02816860	0.11004137	-0.00304708	0.00522335	0.00989534
11.383288	0.07894224	-0.02814321	0.11015809	-0.00280158	0.00362635	0.00935536
11.399955	0.07890213	-0.02812451	0.11023633	-0.00322880	0.00223193	0.00920806
11.416621	0.07884444	-0.02805698	0.11038478	-0.00362040	0.00148250	0.00899348
11.433288	0.07876434	-0.02802895	0.11058881	-0.00364577	0.00258441	0.00984125
11.449955	0.07865550	-0.02802509	0.11079214	-0.00323841	0.00459385	0.01065124
11.466621	0.07864154	-0.02799571	0.11092845	-0.00248802	0.00597782	0.00998330
11.483288	0.07860651	-0.02781847	0.11110383	-0.00151106	0.00656261	0.00800982
11.499954	0.07860965	-0.02761001	0.11125758	-0.00037488	0.00690558	0.00647208
11.516621	0.07859086	-0.02749922	0.11134915	0.00073903	0.00615902	0.00548529
11.533288	0.07858133	-0.02747200	0.11137336	0.00198343	0.00420417	0.00380041
11.549954	0.07865375	-0.02742538	0.11143646	0.00357681	0.00270467	0.00184011
11.566621	0.07872122	-0.02738978	0.11149588	0.00518648	0.00226901	-0.00008401
11.583287	0.07883324	-0.02732896	0.11149137	0.00633831	0.00202467	-0.00222870
11.599954	0.07896328	-0.02730551	0.11142117	0.00690195	0.00128819	-0.00475416
11.616621	0.07906190	-0.02728203	0.11128162	0.00714897	-0.00018646	-0.00703252
11.633287	0.07921455	-0.02728969	0.11114872	0.00662370	-0.00196399	-0.00892181
11.649954	0.07930011	-0.02732856	0.11099661	0.00622461	-0.00341840	-0.01053777
11.666620	0.07942850	-0.02742874	0.11082847	0.00586315	-0.00405857	-0.01144920
11.683287	0.07947249	-0.02752471	0.11060611	0.00535725	-0.00390457	-0.01212497
11.699954	0.07959069	-0.02761211	0.11035684	0.00503278	-0.00363974	-0.01335164
11.716620	0.07966055	-0.02761646	0.11017063	0.00482584	-0.00361139	-0.01542057
11.733287	0.07975107	-0.02764872	0.10994066	0.00532532	-0.00458062	-0.01755494
11.749953	0.07982133	-0.02772252	0.10963981	0.00609899	-0.00584920	-0.01867551
11.766620	0.07990044	-0.02785573	0.10922388	0.00738084	-0.00732183	-0.01900274
11.783287	0.08005945	-0.02805409	0.10883725	0.00844434	-0.00823948	-0.01806404
11.799953	0.08021937	-0.02815306	0.10860141	0.00907410	-0.00834107	-0.01562441
11.816620	0.08041753	-0.02831870	0.10837682	0.00839449	-0.00771788	-0.01238589
11.833286	0.08054873	-0.02840489	0.10823079	0.00717900	-0.00719373	-0.01035180
11.849953	0.08065426	-0.02854616	0.10804682	0.00531210	-0.00768059	-0.00988368
11.866620	0.08068774	-0.02865265	0.10792248	0.00347146	-0.00840663	-0.00971325
11.883286	0.08077207	-0.02877575	0.10775352	0.00255388	-0.00896309	-0.00920512
11.899953	0.08075142	-0.02898334	0.10756728	0.00212283	-0.00894520	-0.00858228
11.916619	0.08081444	-0.02913707	0.10742752	0.00176963	-0.00895742	-0.00826101
11.933286	0.08082750	-0.02929466	0.10731839	0.00168671	-0.00751678	-0.00773358
11.949953	0.08087263	-0.02938972	0.10721497	0.00225917	-0.00504177	-0.00737148
11.966619	0.08089029	-0.02949740	0.10708738	0.00325126	-0.00253945	-0.00704831
11.983286	0.08093046	-0.02948850	0.10694131	0.00472670	-0.00094723	-0.00665373
11.999952	0.08102379	-0.02947093	0.10682406	0.00530532	0.00016151	-0.00579549
12.016619	0.08116888	-0.02940446	0.10674980	0.00473430	0.00122473	-0.00512785
12.033286	0.08129755	-0.02945075	0.10668436	0.00270971	0.00222458	-0.00428514
12.049953	0.08131856	-0.02941221	0.10664974	0.00045322	0.00327012	-0.00342426
12.066619	0.08125621	-0.02937110	0.10652772	-0.00111673	0.00448487	-0.00266486
12.083285	0.08114254	-0.02921643	0.10652416	-0.00165102	0.00562195	-0.00147440
12.099952	0.08114247	-0.02911083	0.10647825	-0.00108764	0.00577461	0.00028309
12.116619	0.08116478	-0.02900129	0.10652223	-0.00061177	0.00480685	0.00203845
12.133286	0.08120200	-0.02894992	0.10657886	-0.00174374	0.00150205	0.00211679
12.149952	0.08118834	-0.02890436	0.10664251	-0.00370746	-0.00252208	0.00126042
12.166618	0.08107188	-0.02893732	0.10671068	-0.00550190	-0.00584539	0.00019841
12.183285	0.08090095	-0.02915915	0.10661978	-0.00662445	-0.00708413	0.00032406
12.199952	0.08079142	-0.02935454	0.10658696	-0.00674213	-0.00608895	0.00180294
12.216619	0.08067608	-0.02951779	0.10657610	-0.00575582	-0.00339077	0.00495555
12.233285	0.08063672	-0.02945849	0.10673648	-0.00467887	-0.00034930	0.00931125
12.249951	0.08052688	-0.02935399	0.10696021	-0.00340273	0.00172504	0.01287804
12.266618	0.08049265	-0.02929789	0.10722414	-0.00169982	0.00230959	0.01437975
12.283284	0.08042602	-0.02929755	0.10751515	0.00004280	0.00197518	0.01412189
12.299952	0.08048398	-0.02932409	0.10774317	0.00101705	0.00218035	0.01330601
12.316618	0.08054504	-0.02928986	0.10792059	0.00070840	0.00259128	0.01189862
12.333284	0.08060557	-0.02918417	0.10811064	-0.00049919	0.00343789	0.01057003
12.349951	0.08055097	-0.02909767	0.10827693	-0.00291229	0.00416621	0.01000695
12.366617	0.08045953	-0.02905636	0.10844758	-0.00513153	0.00433089	0.01008567
12.383285	0.08033942	-0.02899528	0.10859066	-0.00604353	0.00398828	0.01015436
12.399951	0.08020853	-0.02893802	0.10875689	-0.00605940	0.00351277	0.01043585
12.416617	0.08011731	-0.02882723	0.10895763	-0.00642593	0.00249821	0.01059797
12.433284	0.08005384	-0.02879593	0.10912674	-0.00708084	0.00118543	0.01059283
12.449950	0.07994159	-0.02878558	0.10933457	-0.00711168	-0.00015773	0.01018014
12.466618	0.07978160	-0.02885727	0.10946524	-0.00631126	-0.00028366	0.01032826
12.483284	0.07960133	-0.02887641	0.10963995	-0.00487315	0.00077598	0.01025204
12.499950	0.07956073	-0.02888603	0.10978131	-0.00273236	0.00157961	0.00942059
12.516617	0.07957658	-0.02875653	0.11001897	-0.00072770	0.00172551	0.00861540
12.533283	0.07962318	-0.02869932	0.11013468	0.00062712	0.00182003	0.00854492
12.549951	0.07964151	-0.02869486	0.11023588	0.00042148	0.00171264	0.00889655
12.566617	0.07960137	-0.02875485	0.11032201	-0.00097275	0.00118099	0.00921343
12.583283	0.07962662	-0.02870999	0.11053459	-0.00242618	0.00089744	0.01020555
12.599950	0.07955109	-0.02865573	0.11075097	-0.00279964	0.00182928	0.01138025
12.616616	0.07948457	-0.02859561	0.11095302	-0.00255221	0.00370052	0.01173140
12.633284	0.07939991	-0.02862025	0.11112140	-0.00258816	0.00430370	0.01049344
12.649950	0.07939190	-0.02850484	0.11131164	-0.00260850	0.00370796	0.00865876
12.666616	0.07940714	-0.02837070	0.11146223	-0.00166860	0.00332758	0.00679391
12.683283	0.07934210	-0.02830572	0.11155459	0.00060007	0.00394799	0.00468822
12.699949	0.07928311	-0.02832413	0.11158878	0.00295182	0.00405808	0.00203607
12.716617	0.07935469	-0.02831707	0.11161102	0.00530700	0.00358280	-0.00049204
12.733283	0.07954264	-0.02815978	0.11159143	0.00722538	0.00335221	-0.00260656
12.749949	0.07974733	-0.02805242	0.11152400	0.00754706	0.00325675	-0.00480982
12.766616	0.07987195	-0.02802355	0.11141969	0.00555540	0.00160943	-0.00698707
12.783282	0.07991540	-0.02804889	0.11128887	0.00269008	-0.00134030	-0.00839188
12.799950	0.07992418	-0.02808570	0.11111210	0.00134290	-0.00345927	-0.00909876
12.816616	0.07987820	-0.02815241	0.11094445	0.00206184	-0.00407238	-0.00969593
12.833282	0.07989506	-0.02826588	0.11078963	0.00262530	-0.00627413	-0.01063321
12.849949	0.07999559	-0.02835720	0.11064104	0.00274480	-0.00970732	-0.01177848
12.866615	0.08013692	-0.02842681	0.11044393	0.00278496	-0.01239344	-0.01364527
12.883283	0.08013086	-0.02878091	0.11017745	0.00301403	-0.01296438	-0.01598093
12.899949	0.08012684	-0.02905659	0.10989901	0.00367121	-0.01221268	-0.01728799
12.916615	0.08011590	-0.02937646	0.10955203	0.00544729	-0.01124926	-0.01745283
12.933282	0.08028989	-0.02937196	0.10923937	0.00758293	-0.00916182	-0.01638795
12.949948	0.08048023	-0.02943577	0.10899519	0.00845972	-0.00767724	-0.01430707
12.966616	0.08070222	-0.02962379	0.10875014	0.00731229	-0.00785035	-0.01184319
12.983282	0.08078769	-0.02975544	0.10862124	0.00485806	-0.00963267	-0.01068824
12.999949	0.08081491	-0.02999775	0.10845277	0.00315310	-0.00958240	-0.01077440
13.016615	0.08077806	-0.03009293	0.10833444	0.00263007	-0.00836665	-0.01136073
13.033281	0.08081733	-0.03028249	0.10808723	0.00376755	-0.00670804	-0.01208400
13.049949	0.08092202	-0.03034360	0.10784744	0.00474265	-0.00540388	-0.01286810
13.066615	0.08104467	-0.03041770	0.10762576	0.00513664	-0.00401949	-0.01317126
13.083282	0.08118534	-0.03045887	0.10743411	0.00447148	-0.00160438	-0.01212382
13.099948	0.08118289	-0.03052877	0.10722226	0.00387674	0.00048322	-0.01082555
13.116614	0.08124462	-0.03049512	0.10703525	0.00345082	0.00266625	-0.00936136
13.133282	0.08123951	-0.03040244	0.10688814	0.00463283	0.00456494	-0.00907104
13.149948	0.08138172	-0.03027778	0.10678215	0.00754032	0.00605922	-0.00947092
13.166615	0.08146311	-0.03016181	0.10669111	0.01043302	0.00673211	-0.00945017
13.183281	0.08171806	-0.03007733	0.10643694	0.01155389	0.00576802	-0.00835165
13.199947	0.08196532	-0.02996057	0.10625198	0.01004067	0.00324502	-0.00666118
13.216615	0.08221253	-0.02985682	0.10612226	0.00751308	0.00076217	-0.00437317
13.233281	0.08226975	-0.02990007	0.10617372	0.00393072	-0.00116812	-0.00145801
13.249948	0.08221611	-0.03000097	0.10620562	0.00054240	-0.00266994	0.00076566
13.266614	0.08219185	-0.03009807	0.10620647	-0.00145991	-0.00284959	0.00137467
13.283280	0.08215193	-0.03011976	0.10622182	-0.00154500	-0.00174566	0.00100095
13.299948	0.08215149	-0.03010906	0.10624139	-0.00155301	0.00017119	0.00185353
13.316614	0.08213236	-0.03008949	0.10626153	-0.00263800	0.00135812	0.00353319
13.333281	0.08210029	-0.03008377	0.10630969	-0.00420434	0.00061614	0.00437481
13.349947	0.08202542	-0.03000556	0.10642936	-0.00539804	-0.00167747	0.00399163
13.366613	0.08186670	-0.03003348	0.10656901	-0.00601793	-0.00454618	0.00342322
13.383281	0.08174396	-0.03013282	0.10659473	-0.00648795	-0.00682242	0.00347087
13.399947	0.08165410	-0.03036043	0.10656768	-0.00616102	-0.00772062	0.00363668
13.416614	0.08158295	-0.03055548	0.10658701	-0.00514092	-0.00675081	0.00451120
13.433280	0.08148122	-0.03063424	0.10673697	-0.00385010	-0.00417699	0.00669948
13.449946	0.08140197	-0.03064283	0.10688692	-0.00249256	-0.00088434	0.00925567
13.466614	0.08136013	-0.03060676	0.10705960	-0.00079666	0.00182126	0.01084034
13.483280	0.08139962	-0.03056411	0.10722815	0.00107736	0.00353207	0.01149886
13.499947	0.08142970	-0.03051250	0.10744699	0.00204136	0.00366416	0.01163186
13.516613	0.08150345	-0.03040079	0.10765979	0.00146572	0.00334996	0.01171266
13.533279	0.08153600	-0.03032536	0.10786609	0.00039071	0.00389874	0.01138707
13.549946	0.08152970	-0.03032535	0.10801495	-0.00001252	0.00491151	0.01077943
13.566613	0.08146105	-0.03026944	0.10821505	-0.00006877	0.00525516	0.01013562
13.583280	0.08144701	-0.03014723	0.10835075	0.00039105	0.00516936	0.00972431
13.599946	0.08149444	-0.02996140	0.10855176	0.00072252	0.00540080	0.00994791
13.616612	0.08154520	-0.02989889	0.10867007	0.00053317	0.00568753	0.01047362
13.633279	0.08158272	-0.02988460	0.10884688	-0.00050869	0.00618605	0.01124297
13.649946	0.08151478	-0.02980758	0.10905000	-0.00159026	0.00672413	0.01188402
13.666613	0.08146237	-0.02965622	0.10926739	-0.00238360	0.00752305	0.01271536
13.683279	0.08139177	-0.02941953	0.10950734	-0.00316301	0.00754638	0.01323284
13.699945	0.08138866	-0.02931665	0.10969801	-0.00404222	0.00690391	0.01350203
13.716612	0.08134294	-0.02923103	0.10993093	-0.00450866	0.00551799	0.01309095
13.733279	0.08122674	-0.02922186	0.11016319	-0.00440432	0.00382520	0.01221073
13.749946	0.08108705	-0.02910983	0.11038772	-0.00394487	0.00315747	0.01106628
13.766612	0.08103021	-0.02905217	0.11055576	-0.00287951	0.00311465	0.00905555
13.783278	0.08102731	-0.02902402	0.11067493	-0.00124839	0.00272136	0.00647894
13.799945	0.08106233	-0.02898275	0.11077725	-0.00026554	0.00095760	0.00372016
13.816612	0.08103929	-0.02896029	0.11081114	-0.00028655	-0.00087081	0.00142594
13.833279	0.08105133	-0.02894807	0.11081530	-0.00093099	-0.00236941	-0.00024550
13.849945	0.08099692	-0.02905841	0.11075947	-0.00136003	-0.00333805	-0.00104491
13.866611	0.08099736	-0.02915454	0.11072604	-0.00097126	-0.00314270	-0.00115090
13.883278	0.08094210	-0.02923106	0.11070795	-0.00010476	-0.00111848	-0.00063025
13.899945	0.08095213	-0.02923648	0.11072566	0.00082136	0.00166834	0.00016362
13.916612	0.08098935	-0.02915110	0.11072531	0.00180461	0.00388816	0.00063919
13.933278	0.08104433	-0.02902196	0.11075117	0.00233327	0.00497844	0.00052523
13.949944	0.08108702	-0.02892592	0.11075387	0.00236948	0.00490419	-0.00023957
13.966611	0.08114237	-0.02884077	0.11077126	0.00269951	0.00367498	-0.00146356
13.983278	0.08112999	-0.02882878	0.11073259	0.00369725	0.00153980	-0.00359179
13.999945	0.08121320	-0.02877225	0.11066379	0.00515150	-0.00040539	-0.00655911
14.016611	0.08128645	-0.02881050	0.11054544	0.00632113	-0.00122999	-0.00982806
14.033278	0.08147164	-0.02887644	0.11033976	0.00660143	-0.00169632	-0.01235434
14.049944	0.08160875	-0.02893271	0.11008535	0.00555551	-0.00249215	-0.01443146
14.066611	0.08169341	-0.02893200	0.10979684	0.00350965	-0.00333323	-0.01576333
14.083278	0.08171593	-0.02895794	0.10955437	0.00043713	-0.00510263	-0.01630372
14.099944	0.08168168	-0.02904458	0.10926969	-0.00199557	-0.00748756	-0.01598424
14.116611	0.08163837	-0.02921944	0.10901029	-0.00304886	-0.00925237	-0.01484050
14.133277	0.08152987	-0.02945334	0.10872103	-0.00232444	-0.00860735	-0.01285636
14.149944	0.08147568	-0.02964068	0.10851998	-0.00124559	-0.00600817	-0.01018301
14.166611	0.08146855	-0.02973259	0.10838018	-0.00042301	-0.00296589	-0.00784259
14.183277	0.08155373	-0.02965483	0.10831728	-0.00019081	-0.00078733	-0.00649269
14.199944	0.08155299	-0.02959772	0.10825732	-0.00076972	0.00000880	-0.00651902
14.216610	0.08152945	-0.02959029	0.10814090	-0.00133545	-0.00074048	-0.00733073
14.233277	0.08142582	-0.02967113	0.10798355	-0.00036538	-0.00185562	-0.00807117
14.249944	0.08139271	-0.02973874	0.10780972	0.00223787	-0.00235047	-0.00775825
14.266610	0.08144404	-0.02978297	0.10766790	0.00449492	-0.00264770	-0.00687948
14.283277	0.08163961	-0.02976680	0.10758527	0.00551774	-0.00351578	-0.00675934
14.299943	0.08180952	-0.02980900	0.10753243	0.00546223	-0.00515701	-0.00777408
14.316610	0.08186467	-0.02990714	0.10742796	0.00421995	-0.00641729	-0.00861153
14.333277	0.08184350	-0.03010520	0.10721321	0.00248809	-0.00629892	-0.00896394
14.349943	0.08187371	-0.03026585	0.10697078	0.00163209	-0.00484098	-0.00879075
14.366610	0.08190189	-0.03031921	0.10685937	0.00200444	-0.00286320	-0.00779963
14.383276	0.08198233	-0.03027241	0.10677959	0.00242432	-0.00112039	-0.00575586
14.399943	0.08199244	-0.03023617	0.10673767	0.00243538	-0.00013364	-0.00385271
14.416610	0.08205330	-0.03025894	0.10662783	0.00235477	-0.00021622	-0.00311775
14.433276	0.08205955	-0.03031857	0.10659374	0.00247237	-0.00076793	-0.00281026
14.449943	0.08211945	-0.03031500	0.10656819	0.00259762	-0.00085648	-0.00210212
14.466609	0.08216102	-0.03032457	0.10653999	0.00242517	-0.00056724	-0.00096668
14.483276	0.08222569	-0.03030277	0.10651704	0.00235264	-0.00042692	-0.00013728
14.499943	0.08224672	-0.03032656	0.10650744	0.00161187	-0.00094247	0.00082545
14.516609	0.08226958	-0.03034956	0.10654809	0.00011064	-0.00225595	0.00183360
14.533276	0.08228521	-0.03037147	0.10659326	-0.00166417	-0.00310167	0.00288488
14.549942	0.08224559	-0.03044232	0.10665371	-0.00170563	-0.00235097	0.00356050
14.566609	0.08215644	-0.03054887	0.10670882	-0.00072547	-0.00115739	0.00392018
14.583276	0.08207774	-0.03056101	0.10678766	0.00055760	-0.00042120	0.00416046
14.599942	0.08218151	-0.03049404	0.10685343	0.00136700	0.00074348	0.00509912
14.616609	0.08226080	-0.03042691	0.10693973	0.00186042	0.00171164	0.00637217
14.633275	0.08235250	-0.03044976	0.10701634	0.00063397	0.00176893	0.00824797
14.649942	0.08226423	-0.03042339	0.10720675	-0.00200038	0.00109740	0.01029425
14.666609	0.08223828	-0.03042281	0.10736609	-0.00440860	0.00158412	0.01197171
14.683275	0.08209249	-0.03035236	0.10765363	-0.00587220	0.00246544	0.01245303
14.699942	0.08201967	-0.03036209	0.10784443	-0.00651481	0.00307650	0.01209636
14.716608	0.08188168	-0.03023985	0.10807783	-0.00674213	0.00374380	0.01125579
14.733275	0.08177823	-0.03022606	0.10819811	-0.00561959	0.00583495	0.01045801
14.749942	0.08165369	-0.03010245	0.10837818	-0.00445777	0.00912182	0.01065370
14.766608	0.08158386	-0.03001502	0.10851977	-0.00372385	0.01178252	0.01170491
14.783275	0.08159491	-0.02969936	0.10874511	-0.00386810	0.01369054	0.01360411
14.799941	0.08155228	-0.02939469	0.10897585	-0.00451019	0.01395817	0.01477523
14.816608	0.08146561	-0.02912991	0.10926931	-0.00546484	0.01303358	0.01464172
14.833275	0.08130784	-0.02895844	0.10955723	-0.00559627	0.00981521	0.01301961
14.849941	0.08117226	-0.02886965	0.10976924	-0.00449920	0.00571636	0.01073532
14.866608	0.08111571	-0.02872798	0.10989831	-0.00331724	0.00184020	0.00858631
14.883274	0.08112735	-0.02875492	0.10997434	-0.00249513	-0.00095904	0.00700387
14.899940	0.08114482	-0.02881240	0.11006236	-0.00241292	-0.00366664	0.00605485
14.916608	0.08106638	-0.02894521	0.11020944	-0.00320041	-0.00553834	0.00567409
14.933274	0.08097858	-0.02903443	0.11030104	-0.00445591	-0.00452744	0.00529321
14.949941	0.08088555	-0.02914728	0.11038952	-0.00453608	-0.00190115	0.00409728
14.966607	0.08081493	-0.02918995	0.11042830	-0.00349288	0.00068797	0.00262142
14.983274	0.08074106	-0.02908949	0.11047272	-0.00316170	0.00223098	0.00175879
14.999941	0.08073908	-0.02898333	0.11047566	-0.00354712	0.00347495	0.00174717
15.016607	0.08070969	-0.02890470	0.11048640	-0.00442246	0.00398446	0.00253906
15.033274	0.08060908	-0.02891687	0.11051935	-0.00575839	0.00315794	0.00332714
15.049940	0.08048649	-0.02886174	0.11060933	-0.00677171	0.00246049	0.00382712
15.066607	0.08032266	-0.02878379	0.11071605	-0.00553148	0.00291731	0.00321460
15.083274	0.08021004	-0.02876071	0.11077750	-0.00240804	0.00354329	0.00159469
15.099940	0.08016463	-0.02869260	0.11079460	0.00124850	0.00275756	-0.00098791
15.116607	0.08028036	-0.02864006	0.11071926	0.00466568	0.00124053	-0.00413811
15.133273	0.08043034	-0.02857928	0.11064980	0.00745061	0.00027601	-0.00731810
15.149940	0.08058176	-0.02862442	0.11049592	0.00900481	-0.00008458	-0.00972361
15.166607	0.08071093	-0.02870233	0.11030777	0.00981726	-0.00046234	-0.01129546
15.183273	0.08087506	-0.02869131	0.11006334	0.01032915	-0.00209980	-0.01285048
15.199940	0.08105014	-0.02865768	0.10985025	0.01042217	-0.00438072	-0.01397843
15.216606	0.08128636	-0.02866736	0.10964061	0.00981029	-0.00660517	-0.01423435
15.233273	0.08143489	-0.02890332	0.10937542	0.00846777	-0.00858302	-0.01412721
15.249940	0.08157621	-0.02915377	0.10911949	0.00645960	-0.01051922	-0.01417631
15.266606	0.08162547	-0.02933486	0.10888936	0.00492400	-0.01111830	-0.01367928
15.283273	0.08169609	-0.02943860	0.10866939	0.00441825	-0.00941223	-0.01259522
15.299939	0.08172779	-0.02960421	0.10847196	0.00390844	-0.00703668	-0.01124725
15.316606	0.08183709	-0.02976490	0.10827887	0.00289154	-0.00597412	-0.01025148
15.333273	0.08191192	-0.02984361	0.10812319	0.00201550	-0.00589350	-0.00956513
15.349939	0.08193108	-0.02984580	0.10800340	0.00140504	-0.00524681	-0.00962488
15.366606	0.08187490	-0.02994583	0.10783718	0.00100371	-0.00354483	-0.00987690
15.383272	0.08189159	-0.03006752	0.10769245	0.00113342	-0.00252253	-0.01019143
15.399939	0.08191429	-0.03015427	0.10744797	0.00162356	-0.00210760	-0.00993293
15.416606	0.08201498	-0.03005829	0.10730738	0.00181847	-0.00172417	-0.00967555
15.433272	0.08202546	-0.03006598	0.10713294	0.00206579	-0.00088875	-0.00877596
15.449939	0.08204637	-0.03007811	0.10705572	0.00302838	0.00014925	-0.00708892
15.466605	0.08202582	-0.03021259	0.10687753	0.00457844	0.00130546	-0.00533814
15.483272	0.08214137	-0.03015133	0.10681918	0.00608294	0.00293757	-0.00347876
15.499939	0.08230669	-0.03003225	0.10675862	0.00645119	0.00352553	-0.00193861
15.516605	0.08249407	-0.02986728	0.10679379	0.00552694	0.00294977	-0.00047188
15.533272	0.08256321	-0.02981320	0.10680745	0.00319344	-0.00214629	-0.00136473
15.549938	0.08254964	-0.02993092	0.10679318	0.00133019	-0.01007236	-0.00408450
15.566605	0.08250619	-0.03004946	0.10676876	0.00058968	-0.01731459	-0.00713761
15.583272	0.08248333	-0.03056209	0.10653557	0.00097976	-0.02050929	-0.00837568
15.599938	0.08256712	-0.03099847	0.10632855	0.00139855	-0.02063219	-0.00847932
15.616605	0.08261618	-0.03146997	0.10612407	0.00211407	-0.01667246	-0.00740520
15.633271	0.08266521	-0.03160235	0.10611350	0.00374281	-0.00803190	-0.00481298
15.649938	0.08263315	-0.03170647	0.10606837	0.00556508	0.00063632	-0.00225381
15.666605	0.08272945	-0.03157231	0.10603744	0.00658191	0.00494663	-0.00127923
15.683271	0.08294882	-0.03132534	0.10602359	0.00619880	0.00507565	-0.00166044
15.699938	0.08314122	-0.03114078	0.10601628	0.00468934	0.00417210	-0.00135501
15.716604	0.08320115	-0.03121228	0.10597660	0.00127286	0.00120527	-0.00082009
15.733271	0.08309663	-0.03129137	0.10593982	-0.00296180	-0.00210876	-0.00009999
15.749938	0.08300132	-0.03134098	0.10594715	-0.00576115	-0.00316608	0.00099831
15.766604	0.08287062	-0.03136248	0.10598319	-0.00617242	-0.00182201	0.00264765
15.783271	0.08276065	-0.03140174	0.10605022	-0.00524583	-0.00048736	0.00412891
15.799937	0.08267996	-0.03142155	0.10612151	-0.00469802	0.00039295	0.00530036
15.816604	0.08262373	-0.03137972	0.10623359	-0.00445699	0.00166254	0.00704839
15.833271	0.08259562	-0.03134145	0.10633643	-0.00388255	0.00358741	0.00955034
15.849937	0.08248733	-0.03128766	0.10649089	-0.00279037	0.00513202	0.01215388
15.866604	0.08240869	-0.03118583	0.10673492	-0.00190084	0.00574540	0.01401426
15.883270	0.08239610	-0.03104843	0.10703058	-0.00130054	0.00616342	0.01505288
15.899937	0.08243868	-0.03091871	0.10733216	-0.00108041	0.00711018	0.01519910
15.916604	0.08245562	-0.03085046	0.10755125	-0.00231785	0.00795599	0.01489217
15.933270	0.08239684	-0.03074210	0.10776170	-0.00569204	0.00630562	0.01398092
15.949937	0.08228061	-0.03055436	0.10798346	-0.00984416	0.00352901	0.01383649
15.966603	0.08208629	-0.03041040	0.10825197	-0.01247556	0.00165585	0.01498958
15.983270	0.08178195	-0.03053384	0.10845910	-0.01221803	0.00129876	0.01637495
15.999937	0.08151004	-0.03062715	0.10876054	-0.01014095	0.00181475	0.01705862
16.016603	0.08133449	-0.03065178	0.10905749	-0.00678792	0.00420309	0.01774054
16.033270	0.08135734	-0.03039973	0.10940276	-0.00407452	0.00738302	0.01845740
16.049936	0.08135057	-0.03021784	0.10967348	-0.00294616	0.00879242	0.01772232
16.066603	0.08137204	-0.03000852	0.10999063	-0.00318327	0.00912995	0.01608915
16.083269	0.08120172	-0.02995969	0.11027176	-0.00374952	0.01064513	0.01476916
16.099936	0.08111735	-0.02987786	0.11047754	-0.00345366	0.01331490	0.01369601
16.116602	0.08103522	-0.02962770	0.11066832	-0.00242435	0.01427432	0.01162791
16.133270	0.08106719	-0.02919358	0.11087234	-0.00029989	0.01320624	0.00899389
16.149937	0.08110038	-0.02885351	0.11105221	0.00112169	0.00943569	0.00627882
16.166603	0.08109257	-0.02879162	0.11113328	0.00071466	0.00350242	0.00388184
16.183270	0.08115914	-0.02891487	0.11111256	-0.00128899	-0.00243858	0.00225217
16.199936	0.08113530	-0.02907160	0.11108883	-0.00289367	-0.00537040	0.00211039
16.216602	0.08104794	-0.02916367	0.11112063	-0.00404401	-0.00515981	0.00329771
16.233269	0.08090973	-0.02921672	0.11121725	-0.00487292	-0.00298904	0.00498703
16.249935	0.08081257	-0.02924221	0.11135408	-0.00433614	-0.00018925	0.00628913
16.266602	0.08077774	-0.02927101	0.11145490	-0.00207291	0.00199661	0.00676202
16.283268	0.08073995	-0.02919563	0.11156836	0.00087664	0.00301484	0.00587324
16.299936	0.08076324	-0.02908533	0.11166643	0.00313160	0.00321607	0.00389935
16.316603	0.08086693	-0.02899123	0.11176348	0.00516670	0.00291268	0.00101492
16.333269	0.08098840	-0.02898793	0.11175671	0.00717483	0.00153781	-0.00228261
16.349936	0.08111698	-0.02900578	0.11167800	0.00800479	-0.00009730	-0.00563005
16.366602	0.08125682	-0.02900068	0.11150269	0.00783637	-0.00126420	-0.00855297
16.383268	0.08141379	-0.02903104	0.11135068	0.00723994	-0.00125645	-0.01050394
16.399935	0.08152462	-0.02904955	0.11115273	0.00655561	-0.00118833	-0.01154535
16.416601	0.08162425	-0.02911393	0.11096654	0.00603764	-0.00178110	-0.01253468
16.433268	0.08168484	-0.02908630	0.11074018	0.00570765	-0.00229987	-0.01316970
16.449934	0.08178524	-0.02913155	0.11052155	0.00551226	-0.00244961	-0.01289693
16.466602	0.08189631	-0.02919633	0.11025335	0.00490198	-0.00295366	-0.01256888
16.483269	0.08199564	-0.02926095	0.11007573	0.00416560	-0.00442960	-0.01245746
16.499935	0.08206314	-0.02931992	0.10989722	0.00355439	-0.00566713	-0.01251952
16.516602	0.08205966	-0.02939308	0.10971041	0.00344021	-0.00481108	-0.01146150
16.533268	0.08210824	-0.02955596	0.10947347	0.00325916	-0.00633640	-0.01151574
16.549934	0.08217657	-0.02967903	0.10923482	0.00335620	-0.01204135	-0.01320423
16.566601	0.08228936	-0.02963668	0.10915878	0.00322995	-0.01740179	-0.01461501
16.583267	0.08231790	-0.03009347	0.10885841	0.00284885	-0.01873897	-0.01443243
16.599934	0.08235959	-0.03061890	0.10855441	0.00247800	-0.01675404	-0.01315253
16.616600	0.08234089	-0.03113448	0.10823133	0.00279107	-0.01243234	-0.01117364
16.633268	0.08242013	-0.03113409	0.10810175	0.00352030	-0.00567804	-0.00833012
16.649935	0.08247430	-0.03090701	0.10812040	0.00349989	0.00022276	-0.00636074
16.666601	0.08260662	-0.03083876	0.10805275	0.00265245	0.00292650	-0.00532234
16.683268	0.08264039	-0.03084079	0.10795273	0.00128404	0.00177150	-0.00528747
16.699934	0.08262236	-0.03095626	0.10774820	-0.00000440	0.00034477	-0.00507323
16.716600	0.08256737	-0.03091719	0.10767395	-0.00120484	-0.00114709	-0.00490440
16.733267	0.08254174	-0.03084583	0.10766783	-0.00127994	-0.00115248	-0.00403771
16.749933	0.08254366	-0.03084188	0.10766088	-0.00057046	-0.00047974	-0.00290354
16.766600	0.08252912	-0.03099605	0.10754229	0.00019141	-0.00154948	-0.00327290
16.783266	0.08254039	-0.03097904	0.10748901	0.00077222	-0.00225796	-0.00445405
16.799932	0.08255759	-0.03100775	0.10741594	0.00187688	-0.00075564	-0.00492474
16.816601	0.08258147	-0.03100409	0.10736100	0.00323710	0.00121257	-0.00501467
16.833267	0.08264386	-0.03101139	0.10723896	0.00379352	0.00122789	-0.00533419
16.849934	0.08274615	-0.03094193	0.10715286	0.00360256	0.00059002	-0.00489546
16.866600	0.08284427	-0.03087280	0.10704130	0.00294906	0.00000401	-0.00376792
16.883266	0.08286638	-0.03092832	0.10699252	0.00190676	-0.00057810	-0.00226644
16.899933	0.08285958	-0.03098648	0.10698622	0.00035595	-0.00126306	-0.00130263
16.916599	0.08284588	-0.03102841	0.10699435	-0.00137102	-0.00124501	-0.00064384
16.933266	0.08284939	-0.03102119	0.10700838	-0.00271541	-0.00001411	-0.00060469
16.949932	0.08279613	-0.03098628	0.10695907	-0.00391820	0.00031975	-0.00076056
16.966599	0.08269408	-0.03099743	0.10695272	-0.00471382	-0.00094991	-0.00080429
16.983267	0.08258440	-0.03094017	0.10692000	-0.00566019	-0.00331693	0.00014026
16.999933	0.08247704	-0.03106042	0.10693885	-0.00628455	-0.00444771	0.00301448
17.016600	0.08243165	-0.03117185	0.10695682	-0.00621277	-0.00413452	0.00673982
17.033266	0.08227922	-0.03136130	0.10708045	-0.00563747	-0.00346474	0.01009696
17.049932	0.08218065	-0.03132817	0.10735635	-0.00548134	-0.00132304	0.01246055
17.066599	0.08207396	-0.03128213	0.10763188	-0.00555369	0.00198216	0.01436928
17.083265	0.08203969	-0.03125975	0.10788622	-0.00602941	0.00487301	0.01538059
17.099932	0.08194830	-0.03116543	0.10807101	-0.00710807	0.00617525	0.01585352
17.116598	0.08182598	-0.03104684	0.10833883	-0.00803403	0.00755495	0.01640580
17.133265	0.08161565	-0.03086491	0.10864769	-0.00794243	0.00957915	0.01796689
17.149933	0.08145905	-0.03071742	0.10898538	-0.00644828	0.01113387	0.01945146
17.166599	0.08134157	-0.03055361	0.10928801	-0.00466382	0.01130039	0.01961250
17.183266	0.08135623	-0.03028770	0.10966079	-0.00349497	0.01018812	0.01868837
17.199932	0.08135174	-0.03010355	0.10995942	-0.00334648	0.00858145	0.01719463
17.216599	0.08129773	-0.02995770	0.11026723	-0.00356720	0.00674124	0.01548147
17.233265	0.08116993	-0.02994199	0.11046392	-0.00405608	0.00454435	0.01272005
17.249931	0.08106153	-0.02990651	0.11066555	-0.00395244	0.00262742	0.00963658
17.266598	0.08103629	-0.02981861	0.11083947	-0.00370858	0.00173588	0.00720176
17.283264	0.08100808	-0.02980685	0.11089301	-0.00289054	0.00268125	0.00574792
17.299931	0.08098873	-0.02978867	0.11095535	-0.00195236	0.00396520	0.00478966
17.316599	0.08087385	-0.02977846	0.11100055	-0.00163235	0.00491090	0.00486454
17.333265	0.08087833	-0.02961124	0.11110357	-0.00159149	0.00630605	0.00589746
17.349932	0.08088070	-0.02945735	0.11122625	-0.00112281	0.00810177	0.00692866
17.366598	0.08088508	-0.02933994	0.11134046	-0.00073325	0.00905574	0.00747181
17.383265	0.08085427	-0.02919763	0.11149224	-0.00117831	0.00857861	0.00733542
17.399931	0.08081845	-0.02904005	0.11160639	-0.00116449	0.00784696	0.00699664
17.416597	0.08079502	-0.02887379	0.11172660	-0.00046462	0.00771163	0.00687814
17.433264	0.08077731	-0.02877303	0.11182015	0.00085745	0.00781717	0.00730417
17.449930	0.08081180	-0.02870443	0.11191805	0.00222304	0.00736548	0.00780664
17.466597	0.08086550	-0.02854312	0.11207303	0.00349959	0.00589589	0.00712498
17.483265	0.08095229	-0.02840583	0.11224272	0.00357924	0.00390472	0.00597565
17.499931	0.08102629	-0.02830536	0.11236479	0.00191090	0.00138316	0.00431934
17.516598	0.08109856	-0.02837441	0.11235452	0.00008199	-0.00126744	0.00170865
17.533264	0.08104616	-0.02846512	0.11236449	-0.00056211	-0.00211398	-0.00092291
17.549931	0.08094441	-0.02855068	0.11232483	-0.00067968	-0.00090390	-0.00224174
17.566597	0.08091296	-0.02856543	0.11227642	-0.00068676	0.00108595	-0.00257281
17.583263	0.08098685	-0.02844739	0.11220772	-0.00007059	0.00174056	-0.00319471
17.599930	0.08103048	-0.02836413	0.11216200	0.00040770	0.00119229	-0.00367252
17.616596	0.08101287	-0.02832378	0.11212543	-0.00042044	-0.00013113	-0.00413837
17.633263	0.08096103	-0.02843327	0.11203387	-0.00191086	-0.00181469	-0.00509871
17.649931	0.08093481	-0.02850508	0.11195419	-0.00191846	-0.00248960	-0.00701538
17.666597	0.08088159	-0.02853674	0.11182718	-0.00081674	-0.00189924	-0.00851337
17.683264	0.08085015	-0.02855348	0.11167212	0.00090640	-0.00137881	-0.00955425
17.699930	0.08090284	-0.02852040	0.11145346	0.00277010	-0.00264299	-0.01094942
17.716597	0.08095230	-0.02855609	0.11129659	0.00500830	-0.00468453	-0.01255450
17.733263	0.08110052	-0.02865260	0.11109248	0.00650416	-0.00758491	-0.01356480
17.749929	0.08118416	-0.02885373	0.11086036	0.00759638	-0.01103167	-0.01447892
17.766596	0.08136640	-0.02903922	0.11055885	0.00881638	-0.01274922	-0.01570700
17.783262	0.08146032	-0.02930745	0.11030900	0.00993710	-0.01155290	-0.01613094
17.799929	0.08166181	-0.02956372	0.11002419	0.01067579	-0.00857347	-0.01546557
17.816597	0.08185695	-0.02969784	0.10976656	0.01038783	-0.00573059	-0.01458554
17.833263	0.08207217	-0.02968753	0.10952382	0.00896253	-0.00300873	-0.01399720
17.849930	0.08223100	-0.02963201	0.10932513	0.00633268	-0.00108460	-0.01273995
17.866596	0.08229632	-0.02967484	0.10910858	0.00370407	-0.00095755	-0.01090650
17.883263	0.08229021	-0.02972059	0.10890693	0.00105899	-0.00216601	-0.00936139
17.899929	0.08228053	-0.02976609	0.10877361	-0.00112888	-0.00296741	-0.00847194
17.916595	0.08226687	-0.02981132	0.10869285	-0.00215598	-0.00272067	-0.00747922
17.933262	0.08222632	-0.02986180	0.10858124	-0.00152160	-0.00206958	-0.00715925
17.949928	0.08214397	-0.02991563	0.10843879	0.00013962	-0.00196421	-0.00738925
17.966595	0.08212523	-0.02992345	0.10831437	0.00218023	-0.00283592	-0.00728856
17.983263	0.08221997	-0.02992122	0.10816047	0.00414675	-0.00416385	-0.00638171
17.999929	0.08236182	-0.03000690	0.10808203	0.00544748	-0.00492971	-0.00548000
18.016596	0.08249242	-0.03014961	0.10799513	0.00569506	-0.00451866	-0.00517490
18.033262	0.08255143	-0.03030837	0.10796190	0.00487434	-0.00544384	-0.00437720
18.049929	0.08259826	-0.03032785	0.10786611	0.00405574	-0.00205262	-0.00543082
18.066595	0.08267004	-0.03028367	0.10775031	0.00323714	0.00133860	-0.00648445
