Time	thumb tip right X	thumb tip right Y	thumb tip right Z	thumb tip right v(X)	thumb tip right v(Y)	thumb tip right v(Z)
0.00000000	0.00000000	0.00000000	0.00000000	0.00000000	0.00000000	0.00000000
0.01666660	0.01666660	0.01666660	0.01666660	0.01666660	0.01666660	0.01666660
0.000000	0.09142936	-0.00798956	0.10366292	-0.00378986	0.01430442	-0.02211129
0.016667	0.09136980	-0.00771737	0.10333525	-0.00112184	0.01107919	-0.02299780
0.033333	0.09133485	-0.00756076	0.10293327	0.00154619	0.00785395	-0.02388431
0.050000	0.09135446	-0.00742250	0.10248657	0.00278981	0.00652687	-0.02054983
0.066666	0.09147136	-0.00741108	0.10206366	0.00397233	0.00390541	-0.01670434
0.083333	0.09158669	-0.00732181	0.10184428	0.00469076	0.00199265	-0.01142406
0.100000	0.09167086	-0.00731787	0.10175569	0.00512129	0.00075302	-0.00490872
0.116666	0.09168428	-0.00729509	0.10176605	0.00516003	-0.00020464	0.00206438
0.133333	0.09177805	-0.00733946	0.10178187	0.00492817	-0.00193273	0.00886332
0.149999	0.09189083	-0.00736225	0.10196379	0.00384705	-0.00280196	0.01640621
0.166666	0.09201746	-0.00741741	0.10228836	0.00178327	-0.00225948	0.02448807
0.183333	0.09203908	-0.00752363	0.10280553	-0.00168101	-0.00055501	0.03148233
0.199999	0.09192967	-0.00752075	0.10346002	-0.00577586	0.00089411	0.03550741
0.216666	0.09179536	-0.00746188	0.10413845	-0.00917818	0.00258518	0.03704980
0.233332	0.09157832	-0.00733353	0.10477976	-0.01042475	0.00420673	0.03603603
0.249999	0.09138673	-0.00729268	0.10532015	-0.00945181	0.00490214	0.03186026
0.266666	0.09119491	-0.00722119	0.10587610	-0.00661037	0.00467375	0.02477171
0.283332	0.09109594	-0.00714441	0.10631088	-0.00227150	0.00506863	0.01631903
0.299999	0.09110516	-0.00704191	0.10652097	0.00274618	0.00555636	0.00646054
0.316665	0.09120670	-0.00696397	0.10648316	0.00761743	0.00533515	-0.00447879
0.333332	0.09139808	-0.00681600	0.10629895	0.01071301	0.00524284	-0.01457775
0.349999	0.09163470	-0.00678603	0.10594954	0.01117878	0.00598491	-0.02242462
0.366665	0.09187935	-0.00668742	0.10551248	0.00913598	0.00633775	-0.02838064
0.383332	0.09203853	-0.00660870	0.10494609	0.00583286	0.00503041	-0.03232604
0.399998	0.09207129	-0.00641055	0.10437451	0.00258365	0.00303214	-0.03283514
0.416665	0.09202179	-0.00635144	0.10373741	0.00044424	0.00122259	-0.02977078
0.433332	0.09198342	-0.00643118	0.10321395	-0.00035599	-0.00066920	-0.02499698
0.449998	0.09198878	-0.00653547	0.10286758	0.00015620	-0.00263067	-0.01955953
0.466665	0.09203842	-0.00655783	0.10267925	0.00063148	-0.00252770	-0.01314247
0.483331	0.09204370	-0.00656825	0.10249870	-0.00033897	-0.00009248	-0.00546625
0.499998	0.09207434	-0.00658200	0.10238076	-0.00260783	0.00157969	0.00297406
0.516665	0.09200177	-0.00656919	0.10241292	-0.00525175	0.00053487	0.01276640
0.533331	0.09188117	-0.00643002	0.10278196	-0.00767294	-0.00166700	0.02404986
0.549998	0.09170004	-0.00646262	0.10329581	-0.00974074	-0.00334550	0.03468717
0.566664	0.09151119	-0.00660529	0.10404248	-0.01129829	-0.00482099	0.04107153
0.583331	0.09133770	-0.00681520	0.10482205	-0.01234913	-0.00672991	0.04145885
0.599998	0.09112885	-0.00688911	0.10564200	-0.01222351	-0.00770285	0.03725272
0.616664	0.09088725	-0.00691934	0.10624377	-0.01067050	-0.00765698	0.03045094
0.633331	0.09066724	-0.00707313	0.10661958	-0.00734168	-0.00754635	0.02260169
0.649997	0.09054623	-0.00725429	0.10685401	-0.00258819	-0.00823841	0.01484899
0.666664	0.09057073	-0.00743961	0.10705492	0.00240368	-0.00782071	0.00862736
0.683331	0.09070865	-0.00753548	0.10717856	0.00677536	-0.00574160	0.00329060
0.699997	0.09088366	-0.00761945	0.10721695	0.00994779	-0.00280051	-0.00249078
0.716664	0.09105560	-0.00763569	0.10710587	0.01185534	-0.00017173	-0.00947114
0.733330	0.09125599	-0.00762593	0.10690607	0.01295970	0.00289589	-0.01703031
0.749997	0.09148601	-0.00753728	0.10655928	0.01403565	0.00614941	-0.02524151
0.766664	0.09174782	-0.00745754	0.10607809	0.01490461	0.00802174	-0.03369237
0.783330	0.09199994	-0.00721419	0.10546330	0.01422683	0.00765889	-0.04012731
0.799997	0.09226885	-0.00705157	0.10465281	0.01175706	0.00630604	-0.04184106
0.816663	0.09248768	-0.00692758	0.10380100	0.00831410	0.00502094	-0.03864848
0.833330	0.09257983	-0.00698697	0.10309820	0.00454871	0.00328619	-0.03188969
0.849997	0.09258638	-0.00695991	0.10269548	0.00101146	0.00218864	-0.02265649
0.866663	0.09253792	-0.00688295	0.10250340	-0.00118562	0.00171539	-0.01270471
0.883330	0.09249673	-0.00682073	0.10236447	-0.00209146	0.00206805	-0.00317877
0.899996	0.09246105	-0.00677684	0.10233566	-0.00336570	0.00112440	0.00567357
0.916663	0.09243911	-0.00683576	0.10243848	-0.00539443	-0.00009797	0.01545368
0.933330	0.09237276	-0.00679251	0.10281285	-0.00707376	-0.00118192	0.02601656
0.949996	0.09217551	-0.00687152	0.10335100	-0.00693250	-0.00150398	0.03487128
0.966663	0.09197114	-0.00684450	0.10410510	-0.00496285	-0.00161875	0.03920779
0.983329	0.09185308	-0.00693267	0.10488220	-0.00142553	-0.00131165	0.03782910
0.999996	0.09194025	-0.00692251	0.10558496	0.00209038	0.00004929	0.03204545
1.016663	0.09208307	-0.00696277	0.10605226	0.00386743	0.00140242	0.02385894
1.033329	0.09222659	-0.00689592	0.10629778	0.00342687	0.00287946	0.01543472
1.049996	0.09222524	-0.00680869	0.10643297	0.00208550	0.00436982	0.00778291
1.066662	0.09218889	-0.00673182	0.10651995	0.00124906	0.00556508	0.00145954
1.083329	0.09215131	-0.00664396	0.10653858	0.00142102	0.00561924	-0.00381143
1.099996	0.09223016	-0.00652233	0.10642944	0.00245065	0.00578136	-0.00819917
1.116662	0.09231263	-0.00643371	0.10619295	0.00344788	0.00648987	-0.01223238
1.133329	0.09239698	-0.00633380	0.10592603	0.00370478	0.00716180	-0.01607674
1.149995	0.09242532	-0.00623178	0.10567151	0.00323532	0.00742830	-0.01939472
1.166662	0.09247193	-0.00606297	0.10535525	0.00283678	0.00731486	-0.02228399
1.183329	0.09250957	-0.00591979	0.10494655	0.00242279	0.00617838	-0.02518787
1.199995	0.09257141	-0.00581077	0.10445449	0.00134603	0.00363595	-0.02749603
1.216662	0.09260841	-0.00576469	0.10395416	-0.00068624	0.00091846	-0.02753958
1.233328	0.09260084	-0.00580476	0.10346563	-0.00247535	-0.00142752	-0.02496100
1.249995	0.09249926	-0.00589133	0.10303695	-0.00372467	-0.00472040	-0.02026633
1.266662	0.09237198	-0.00593425	0.10274455	-0.00437083	-0.00903387	-0.01301938
1.283328	0.09231022	-0.00605599	0.10255773	-0.00438513	-0.01215700	-0.00320425
1.299995	0.09226520	-0.00632655	0.10254239	-0.00394130	-0.01322302	0.00808250
1.316661	0.09223208	-0.00671955	0.10277431	-0.00410424	-0.01218522	0.01878884
1.333328	0.09214713	-0.00694886	0.10323148	-0.00486517	-0.00855589	0.02762526
1.349995	0.09205416	-0.00702162	0.10388317	-0.00528796	-0.00318512	0.03310634
1.366661	0.09193085	-0.00693254	0.10449871	-0.00500308	0.00225324	0.03498341
1.383328	0.09184121	-0.00683136	0.10511672	-0.00444138	0.00516772	0.03265878
1.399994	0.09179153	-0.00674585	0.10561802	-0.00371324	0.00652534	0.02804689
1.416661	0.09176271	-0.00660491	0.10611015	-0.00178587	0.00715146	0.02226004
1.433328	0.09170672	-0.00654650	0.10638198	0.00157420	0.00800610	0.01572146
1.449994	0.09168994	-0.00634052	0.10663886	0.00555626	0.00838332	0.00844385
1.466661	0.09182020	-0.00623064	0.10666396	0.00923790	0.00845047	0.00049759
1.483327	0.09209139	-0.00602318	0.10667082	0.01193629	0.00831535	-0.00715944
1.499994	0.09238131	-0.00593930	0.10644885	0.01288557	0.00696897	-0.01460338
1.516661	0.09260052	-0.00581259	0.10613123	0.01172905	0.00500626	-0.02135744
1.533327	0.09273901	-0.00571697	0.10570391	0.00946660	0.00288302	-0.02694931
1.549994	0.09286532	-0.00570934	0.10518463	0.00726248	0.00201866	-0.03020507
1.566660	0.09297127	-0.00571210	0.10462490	0.00572199	0.00135556	-0.03122271
1.583327	0.09307832	-0.00574246	0.10406448	0.00384612	0.00204276	-0.02850980
1.599994	0.09312699	-0.00566143	0.10354759	0.00197229	0.00336466	-0.02301419
1.616660	0.09316089	-0.00561063	0.10317897	0.00044115	0.00437606	-0.01643355
1.633327	0.09308475	-0.00545922	0.10303187	-0.00093133	0.00378615	-0.00982896
1.649993	0.09308814	-0.00541074	0.10297456	-0.00261140	0.00192300	-0.00282270
1.666660	0.09303837	-0.00535298	0.10298195	-0.00458149	-0.00003661	0.00504391
1.683327	0.09300485	-0.00545173	0.10300393	-0.00651336	-0.00144887	0.01405967
1.699993	0.09284104	-0.00550394	0.10327537	-0.00829704	-0.00149082	0.02430903
1.716660	0.09264205	-0.00555694	0.10380626	-0.00849176	-0.00058714	0.03377559
1.733326	0.09245346	-0.00552106	0.10456953	-0.00688019	0.00039009	0.03906534
1.749993	0.09233014	-0.00546715	0.10541151	-0.00398026	0.00003516	0.03775772
1.766660	0.09234430	-0.00543457	0.10609213	-0.00176069	-0.00084770	0.03118241
1.783326	0.09238590	-0.00548553	0.10652918	-0.00032142	-0.00152040	0.02220759
1.799993	0.09242091	-0.00558391	0.10670586	0.00020623	-0.00238766	0.01276588
1.816659	0.09236048	-0.00563328	0.10679779	0.00049848	-0.00342181	0.00462914
1.833326	0.09234715	-0.00561220	0.10687046	0.00110783	-0.00323840	-0.00053644
1.849993	0.09235486	-0.00568812	0.10679527	0.00223798	-0.00270380	-0.00384887
1.866659	0.09246566	-0.00577583	0.10666964	0.00341529	-0.00269746	-0.00736828
1.883326	0.09253751	-0.00582398	0.10652342	0.00364551	-0.00297546	-0.01179573
1.899992	0.09261663	-0.00585396	0.10633798	0.00337475	-0.00146190	-0.01599657
1.916659	0.09263872	-0.00584331	0.10608342	0.00283336	0.00085266	-0.02060727
1.933326	0.09265680	-0.00591312	0.10561765	0.00230082	0.00312055	-0.02552900
1.949992	0.09271865	-0.00577256	0.10517237	0.00163913	0.00549084	-0.02927233
1.966659	0.09275562	-0.00568313	0.10458296	0.00094939	0.00802626	-0.02955762
1.983325	0.09277906	-0.00547275	0.10405831	0.00025001	0.00828017	-0.02744358
1.999992	0.09274864	-0.00531270	0.10356874	0.00010833	0.00587880	-0.02445756
2.016659	0.09270633	-0.00516204	0.10327025	0.00022788	0.00301922	-0.02059460
2.033325	0.09272319	-0.00520808	0.10297504	-0.00034921	0.00026879	-0.01617967
2.049992	0.09277403	-0.00528491	0.10272819	-0.00183538	-0.00122142	-0.01089577
2.066658	0.09278185	-0.00536372	0.10249841	-0.00396760	-0.00134255	-0.00418724
2.083325	0.09266461	-0.00534563	0.10245761	-0.00598079	-0.00007032	0.00542643
2.099992	0.09246840	-0.00529638	0.10260714	-0.00758766	0.00023412	0.01665487
2.116658	0.09230193	-0.00526670	0.10301100	-0.00799544	-0.00145637	0.02713896
2.133325	0.09221134	-0.00526022	0.10363649	-0.00636271	-0.00411137	0.03439917
2.149991	0.09211282	-0.00539656	0.10434485	-0.00350410	-0.00561074	0.03737107
2.166658	0.09205139	-0.00557819	0.10505007	-0.00148953	-0.00551267	0.03546859
2.183325	0.09205079	-0.00572250	0.10563205	-0.00072651	-0.00359072	0.03024158
2.199991	0.09211789	-0.00573323	0.10608707	-0.00046767	-0.00046257	0.02328755
2.216658	0.09211691	-0.00566551	0.10638031	-0.00054151	0.00205600	0.01545108
2.233324	0.09207071	-0.00556055	0.10659057	-0.00079189	0.00275609	0.00702067
2.249991	0.09200625	-0.00550590	0.10665903	-0.00074897	0.00198511	-0.00105542
2.266658	0.09200184	-0.00549653	0.10658375	0.00023812	0.00087676	-0.00781331
2.283324	0.09204312	-0.00553741	0.10631522	0.00133928	0.00004755	-0.01339016
2.299991	0.09208792	-0.00554132	0.10600927	0.00164636	0.00000363	-0.01728203
2.316657	0.09214208	-0.00553153	0.10569372	0.00125453	0.00126489	-0.01951393
2.333324	0.09213966	-0.00550600	0.10536885	0.00069179	0.00253278	-0.02114591
2.349991	0.09212530	-0.00546579	0.10503588	0.00019077	0.00315966	-0.02322460
2.366657	0.09212336	-0.00535549	0.10462779	0.00044387	0.00282465	-0.02512655
2.383324	0.09212588	-0.00531738	0.10416586	0.00145626	0.00151500	-0.02637933
2.399990	0.09215429	-0.00525402	0.10367161	0.00243996	-0.00024197	-0.02619039
2.416657	0.09221960	-0.00533747	0.10322251	0.00313563	-0.00134050	-0.02347061
2.433324	0.09228868	-0.00539214	0.10282657	0.00306816	-0.00096331	-0.01789994
2.449990	0.09235796	-0.00545280	0.10253930	0.00140839	-0.00030191	-0.01010254
2.466657	0.09239180	-0.00540964	0.10241793	-0.00175346	-0.00031496	-0.00107151
2.483323	0.09235904	-0.00531423	0.10249683	-0.00552478	-0.00151924	0.00958044
2.499990	0.09221140	-0.00534413	0.10275187	-0.00833507	-0.00307886	0.02087549
2.516657	0.09199023	-0.00546604	0.10315876	-0.00925411	-0.00442065	0.03034164
2.533323	0.09176002	-0.00564156	0.10381636	-0.00810019	-0.00314241	0.03648214
2.549990	0.09164987	-0.00572232	0.10457270	-0.00539599	0.00165454	0.03917423
2.566656	0.09161314	-0.00567151	0.10531165	-0.00202873	0.00785139	0.03769383
2.583323	0.09164853	-0.00542449	0.10592033	0.00068229	0.01261703	0.03153326
2.599990	0.09167097	-0.00507441	0.10640514	0.00247982	0.01422365	0.02267150
2.616656	0.09172680	-0.00475989	0.10673133	0.00381322	0.01326421	0.01346716
2.633323	0.09177434	-0.00458027	0.10683990	0.00506940	0.00988760	0.00439918
2.649989	0.09188901	-0.00451403	0.10680716	0.00610086	0.00579400	-0.00399599
2.666656	0.09200413	-0.00443300	0.10667252	0.00663324	0.00267471	-0.01105898
2.683322	0.09215361	-0.00443788	0.10640466	0.00713914	0.00092491	-0.01711260
2.699989	0.09224945	-0.00440882	0.10609904	0.00760741	-0.00043556	-0.02335152
2.716656	0.09235479	-0.00445258	0.10565447	0.00721003	-0.00154959	-0.02897382
2.733322	0.09249453	-0.00447400	0.10514253	0.00564995	-0.00133441	-0.03202518
2.749989	0.09264430	-0.00453495	0.10446683	0.00345947	-0.00064647	-0.03166696
2.766655	0.09268567	-0.00456348	0.10384927	0.00039961	0.00008291	-0.02715457
2.783322	0.09263957	-0.00449208	0.10341015	-0.00293956	-0.00049178	-0.01906943
2.799989	0.09252005	-0.00447818	0.10317555	-0.00520362	-0.00162065	-0.00913687
2.816655	0.09239084	-0.00446398	0.10318988	-0.00562070	-0.00321615	-0.00021193
2.833322	0.09228564	-0.00464365	0.10328889	-0.00466673	-0.00491949	0.00691268
2.849988	0.09222325	-0.00473681	0.10348374	-0.00389324	-0.00577337	0.01268038
2.866655	0.09219924	-0.00485567	0.10369569	-0.00415524	-0.00498055	0.01757074
2.883322	0.09218016	-0.00491181	0.10400528	-0.00487750	-0.00293259	0.02215100
2.899988	0.09205841	-0.00495176	0.10444915	-0.00563899	-0.00166613	0.02607602
2.916655	0.09191279	-0.00495664	0.10494604	-0.00616486	-0.00136186	0.02854984
2.933321	0.09178147	-0.00492803	0.10549829	-0.00641736	-0.00129941	0.02884470
2.949988	0.09170694	-0.00496477	0.10598724	-0.00620610	-0.00032517	0.02722032
2.966655	0.09165314	-0.00503495	0.10641524	-0.00500148	0.00149582	0.02443484
2.983321	0.09152955	-0.00502436	0.10679538	-0.00328825	0.00312588	0.02078709
2.999988	0.09143142	-0.00491831	0.10710295	-0.00156396	0.00448902	0.01675352
3.016654	0.09144328	-0.00471966	0.10739008	0.00050869	0.00481905	0.01213626
3.033321	0.09150030	-0.00466112	0.10754706	0.00324318	0.00455454	0.00709037
3.049988	0.09160871	-0.00461496	0.10763250	0.00604528	0.00453857	0.00196510
3.066654	0.09167413	-0.00465616	0.10758954	0.00866398	0.00480823	-0.00329574
3.083321	0.09183035	-0.00452358	0.10748669	0.01150330	0.00431076	-0.00949923
3.099988	0.09204891	-0.00435359	0.10732779	0.01432607	0.00353502	-0.01622754
3.116654	0.09234242	-0.00424222	0.10703797	0.01608151	0.00294489	-0.02275219
3.133321	0.09268014	-0.00432318	0.10654506	0.01559051	0.00147380	-0.02936174
3.149987	0.09296025	-0.00435832	0.10597542	0.01245496	-0.00047656	-0.03463938
3.166654	0.09316506	-0.00435019	0.10531247	0.00664311	-0.00173136	-0.03619287
3.183321	0.09324173	-0.00429169	0.10464879	0.00009723	-0.00160291	-0.03319646
3.199987	0.09315865	-0.00436689	0.10404105	-0.00437917	-0.00267389	-0.02722315
3.216654	0.09295355	-0.00445942	0.10362735	-0.00629245	-0.00523609	-0.01915194
3.233320	0.09275189	-0.00451521	0.10344463	-0.00704906	-0.00819569	-0.00948224
3.249987	0.09270722	-0.00467446	0.10336594	-0.00772602	-0.00998521	0.00152987
3.266654	0.09268379	-0.00484961	0.10344838	-0.00789929	-0.01111363	0.01265043
3.283320	0.09254903	-0.00514920	0.10369518	-0.00791829	-0.01128950	0.02296509
3.299987	0.09228763	-0.00532102	0.10423175	-0.00775385	-0.01044695	0.03094667
3.316653	0.09210703	-0.00547945	0.10492468	-0.00637281	-0.00710152	0.03623571
3.333320	0.09204062	-0.00555946	0.10565261	-0.00386404	-0.00163951	0.03881265
3.349987	0.09208781	-0.00564327	0.10624596	-0.00151158	0.00317819	0.03754929
3.366653	0.09210970	-0.00548872	0.10685854	-0.00036013	0.00656066	0.03301466
3.383320	0.09207964	-0.00526681	0.10743614	0.00023175	0.00743005	0.02590514
3.399986	0.09203593	-0.00504348	0.10788884	0.00124701	0.00610894	0.01714911
3.416653	0.09203784	-0.00496685	0.10812005	0.00298505	0.00257663	0.00681668
3.433320	0.09213854	-0.00505804	0.10804813	0.00524612	-0.00080706	-0.00315761
3.449986	0.09228469	-0.00510977	0.10787655	0.00761974	-0.00400708	-0.01213164
3.466653	0.09241545	-0.00521908	0.10756047	0.00906031	-0.00620964	-0.01913827
3.483319	0.09257559	-0.00521864	0.10726637	0.00917669	-0.00625052	-0.02398635
3.499986	0.09274482	-0.00543085	0.10677242	0.00900462	-0.00382420	-0.02685476
3.516653	0.09290969	-0.00557288	0.10626402	0.00869151	-0.00107881	-0.02887302
3.533319	0.09303214	-0.00557686	0.10571483	0.00766996	0.00060619	-0.03018011
3.549986	0.09316208	-0.00537807	0.10527351	0.00550406	0.00192229	-0.02970871
3.566652	0.09325825	-0.00526214	0.10476498	0.00243773	0.00140302	-0.02778213
3.583319	0.09331115	-0.00530238	0.10428916	-0.00120190	-0.00036980	-0.02395461
3.599986	0.09323623	-0.00542527	0.10383854	-0.00531161	-0.00241979	-0.01762136
3.616652	0.09309556	-0.00552312	0.10356367	-0.00916134	-0.00343371	-0.00799171
3.633319	0.09288778	-0.00550018	0.10350186	-0.01116835	-0.00327017	0.00401580
3.649985	0.09265737	-0.00551851	0.10368486	-0.01065285	-0.00159164	0.01654002
3.666652	0.09243308	-0.00558564	0.10409893	-0.00790245	0.00142874	0.02681255
3.683319	0.09231897	-0.00564695	0.10470909	-0.00344438	0.00525597	0.03287824
3.699985	0.09229745	-0.00553119	0.10539018	0.00080321	0.00896043	0.03382596
3.716652	0.09241125	-0.00523346	0.10603195	0.00306205	0.01086565	0.03005308
3.733318	0.09255455	-0.00491502	0.10649811	0.00277956	0.01028116	0.02332823
3.749985	0.09261979	-0.00474210	0.10679788	0.00126731	0.00728679	0.01582651
3.766652	0.09257927	-0.00474483	0.10693884	0.00004243	0.00355935	0.00922948
3.783318	0.09246755	-0.00478064	0.10702493	-0.00014022	0.00080944	0.00429125
3.799985	0.09245766	-0.00478944	0.10705612	0.00109144	0.00011182	0.00085932
3.816651	0.09254224	-0.00474190	0.10705412	0.00382499	0.00008040	-0.00225228
3.833318	0.09264619	-0.00473197	0.10699508	0.00679078	0.00025822	-0.00542937
3.849984	0.09277161	-0.00471553	0.10689592	0.00882618	0.00038554	-0.00940125
3.866651	0.09291967	-0.00478958	0.10668974	0.01059808	0.00044802	-0.01507568
3.883318	0.09311762	-0.00473749	0.10646436	0.01203609	0.00139472	-0.02185659
3.899984	0.09334361	-0.00472840	0.10603762	0.01181309	0.00294961	-0.02776962
3.916651	0.09359741	-0.00465039	0.10547376	0.00909787	0.00453743	-0.03073831
3.933317	0.09378207	-0.00454990	0.10479883	0.00446780	0.00404227	-0.03049624
3.949984	0.09381416	-0.00446732	0.10423411	-0.00129249	0.00173409	-0.02643279
3.966651	0.09368783	-0.00435339	0.10388616	-0.00704831	-0.00187869	-0.01877289
3.983317	0.09348805	-0.00448691	0.10363601	-0.01169198	-0.00534705	-0.00824321
3.999984	0.09323750	-0.00463582	0.10356703	-0.01460696	-0.00799995	0.00297678
4.016651	0.09299608	-0.00487571	0.10365160	-0.01592192	-0.00862131	0.01419170
4.033317	0.09269673	-0.00500884	0.10403111	-0.01555386	-0.00689856	0.02438629
4.049984	0.09241561	-0.00509228	0.10458440	-0.01337217	-0.00363676	0.03206236
4.066650	0.09215333	-0.00512406	0.10527313	-0.00988502	0.00089288	0.03629900
4.083317	0.09202806	-0.00510522	0.10592610	-0.00551449	0.00419917	0.03578342
4.099984	0.09201305	-0.00498409	0.10654043	-0.00072439	0.00563008	0.03123255
4.116650	0.09205648	-0.00477945	0.10706755	0.00362193	0.00579865	0.02418919
4.133317	0.09214694	-0.00466873	0.10740352	0.00633276	0.00526805	0.01615520
4.149983	0.09228831	-0.00464422	0.10758990	0.00774152	0.00363292	0.00721320
4.166650	0.09245678	-0.00464096	0.10760862	0.00866122	0.00156965	-0.00181173
4.183317	0.09260580	-0.00459759	0.10752717	0.00954319	-0.00019041	-0.01019620
4.199983	0.09273910	-0.00457194	0.10728064	0.01010474	-0.00132074	-0.01691568
4.216650	0.09290414	-0.00460781	0.10690670	0.01033906	-0.00202201	-0.02232996
4.233316	0.09311346	-0.00472140	0.10642886	0.01055010	-0.00246536	-0.02670913
4.249983	0.09330750	-0.00477190	0.10598662	0.01016383	-0.00205930	-0.02965835
4.266650	0.09347461	-0.00479465	0.10545824	0.00852309	-0.00224359	-0.03178617
4.283316	0.09361161	-0.00476878	0.10493498	0.00533400	-0.00383527	-0.03272312
4.299983	0.09369256	-0.00476878	0.10433540	0.00162114	-0.00691407	-0.03182163
4.316649	0.09370732	-0.00496975	0.10373724	-0.00177012	-0.00939908	-0.02764363
4.333316	0.09358781	-0.00519675	0.10327772	-0.00447789	-0.01082884	-0.02037098
4.349983	0.09347148	-0.00551078	0.10294894	-0.00664624	-0.01156217	-0.01051411
4.366649	0.09333673	-0.00559325	0.10292070	-0.00827852	-0.01161161	0.00040542
4.383316	0.09323624	-0.00572912	0.10302275	-0.00970736	-0.01131293	0.01148146
4.399982	0.09306993	-0.00591846	0.10332882	-0.01072348	-0.01105196	0.02182593
4.416649	0.09285291	-0.00617348	0.10375846	-0.01109608	-0.01033031	0.03100303
4.433315	0.09260061	-0.00641695	0.10436260	-0.00979848	-0.00735307	0.03745906
4.449982	0.09244091	-0.00651198	0.10510869	-0.00605083	-0.00171275	0.03992257
4.466649	0.09232754	-0.00647481	0.10592742	-0.00142240	0.00482700	0.03825784
4.483315	0.09240518	-0.00633297	0.10656057	0.00246582	0.00947405	0.03225269
4.499982	0.09253276	-0.00602313	0.10706677	0.00452949	0.01156438	0.02313910
4.516648	0.09266566	-0.00580760	0.10731581	0.00517721	0.01238708	0.01375375
4.533315	0.09274203	-0.00560645	0.10744975	0.00543328	0.01080475	0.00447495
4.549982	0.09274502	-0.00549498	0.10742671	0.00670242	0.00740864	-0.00568850
4.566648	0.09284095	-0.00530911	0.10735118	0.00952289	0.00453911	-0.01665372
4.583315	0.09302713	-0.00528983	0.10700126	0.01318661	0.00460358	-0.02662986
4.599981	0.09332585	-0.00529208	0.10641724	0.01526213	0.00647442	-0.03432805
4.616648	0.09368565	-0.00529724	0.10559890	0.01302132	0.00684999	-0.03940699
4.633315	0.09395453	-0.00499428	0.10489967	0.00652841	0.00670914	-0.03973008
4.649981	0.09406591	-0.00475884	0.10423455	-0.00219588	0.00550110	-0.03510847
4.666648	0.09386281	-0.00471668	0.10367488	-0.01037274	0.00204550	-0.02765871
4.683314	0.09351961	-0.00477879	0.10325034	-0.01579630	-0.00382409	-0.01990174
4.699981	0.09313812	-0.00495150	0.10299232	-0.01939543	-0.00917064	-0.00978328
4.716648	0.09283849	-0.00505530	0.10292020	-0.02174301	-0.01235258	0.00311909
4.733315	0.09259987	-0.00532458	0.10295792	-0.02336880	-0.01330388	0.01742489
4.749981	0.09213203	-0.00562559	0.10339046	-0.02278948	-0.01266893	0.02960604
4.766647	0.09165355	-0.00586968	0.10408577	-0.01909357	-0.01047630	0.03753182
4.783314	0.09116914	-0.00603185	0.10500666	-0.01194191	-0.00597711	0.04054358
4.799981	0.09109272	-0.00604121	0.10572795	-0.00275661	-0.00067235	0.03828388
4.816648	0.09125209	-0.00602866	0.10627121	0.00543600	0.00292460	0.03110451
4.833314	0.09153963	-0.00589897	0.10669190	0.00968650	0.00413412	0.02190550
4.849980	0.09175976	-0.00574892	0.10703778	0.00955854	0.00429907	0.01398420
4.866647	0.09186991	-0.00572383	0.10718363	0.00827081	0.00411270	0.00694300
4.883314	0.09189823	-0.00569098	0.10722445	0.00759407	0.00302095	0.00016220
4.899981	0.09200366	-0.00567575	0.10712782	0.00862810	0.00283266	-0.00598541
4.916647	0.09218001	-0.00558409	0.10700291	0.01120318	0.00488356	-0.01082484
4.933313	0.09242710	-0.00553730	0.10677188	0.01406090	0.00748328	-0.01599240
4.949980	0.09267864	-0.00541214	0.10648062	0.01541490	0.00859275	-0.02254547
4.966647	0.09296257	-0.00517535	0.10611615	0.01444010	0.00777496	-0.02971516
4.983313	0.09324436	-0.00497964	0.10553935	0.01071901	0.00595814	-0.03558624
4.999980	0.09344589	-0.00489685	0.10482115	0.00426957	0.00198873	-0.03949062
5.016646	0.09349412	-0.00496225	0.10403379	-0.00346606	-0.00325386	-0.03991247
5.033313	0.09332807	-0.00504716	0.10334470	-0.00989799	-0.00794118	-0.03549393
5.049980	0.09299301	-0.00524052	0.10276576	-0.01402209	-0.01119864	-0.02710480
5.066646	0.09266684	-0.00544477	0.10236394	-0.01596718	-0.01330876	-0.01600313
5.083313	0.09243283	-0.00572007	0.10218862	-0.01655746	-0.01468305	-0.00391477
5.099979	0.09222753	-0.00597432	0.10222260	-0.01688986	-0.01498949	0.00825438
5.116646	0.09197006	-0.00623037	0.10251880	-0.01764491	-0.01433048	0.01951531
5.133313	0.09160085	-0.00647547	0.10294165	-0.01752060	-0.01124398	0.02938744
5.149979	0.09123974	-0.00667681	0.10353997	-0.01450861	-0.00644471	0.03646478
5.166646	0.09094582	-0.00681632	0.10422376	-0.00914201	-0.00114546	0.03994630
5.183312	0.09086546	-0.00670698	0.10500991	-0.00307025	0.00371309	0.03978857
5.199979	0.09097426	-0.00655681	0.10571238	0.00177481	0.00837133	0.03676049
5.216646	0.09109147	-0.00634830	0.10630804	0.00463186	0.01215964	0.03192206
5.233312	0.09120762	-0.00619362	0.10672639	0.00505423	0.01365779	0.02551074
5.249979	0.09122127	-0.00593042	0.10711125	0.00521848	0.01388474	0.01829870
5.266645	0.09130339	-0.00562186	0.10740049	0.00617179	0.01312243	0.01078927
5.283312	0.09136833	-0.00540250	0.10755055	0.00816978	0.01179447	0.00341625
5.299979	0.09158552	-0.00521589	0.10751070	0.01076449	0.00966493	-0.00426890
5.316645	0.09176829	-0.00515633	0.10732282	0.01357658	0.00806978	-0.01200096
5.333312	0.09203862	-0.00501918	0.10707781	0.01611325	0.00787401	-0.01914699
5.349978	0.09228571	-0.00490897	0.10672260	0.01785889	0.00892353	-0.02540763
5.366645	0.09264106	-0.00473578	0.10624358	0.01856793	0.01019533	-0.03056252
5.383312	0.09297685	-0.00453964	0.10565094	0.01683033	0.00961026	-0.03382298
5.399978	0.09332095	-0.00434242	0.10498059	0.01187769	0.00714901	-0.03452650
5.416645	0.09351529	-0.00417832	0.10437845	0.00466788	0.00330424	-0.03262831
5.433311	0.09353185	-0.00419713	0.10385362	-0.00223023	-0.00043191	-0.02796274
5.449978	0.09331752	-0.00429104	0.10343055	-0.00806041	-0.00348739	-0.02030712
5.466645	0.09308093	-0.00443343	0.10310268	-0.01290096	-0.00502596	-0.01029138
5.483311	0.09287083	-0.00450179	0.10294844	-0.01748394	-0.00563205	0.00139461
5.499978	0.09264702	-0.00456325	0.10309115	-0.02191008	-0.00626309	0.01446666
5.516644	0.09225947	-0.00462601	0.10347251	-0.02552374	-0.00838320	0.02628669
5.533311	0.09168386	-0.00480239	0.10407464	-0.02623896	-0.01101544	0.03465212
5.549978	0.09109093	-0.00499812	0.10483624	-0.02182355	-0.01151539	0.03895075
5.566644	0.09068755	-0.00534219	0.10550635	-0.01199530	-0.00852141	0.03995576
5.583311	0.09059125	-0.00550440	0.10620064	0.00020173	-0.00309234	0.03697798
5.599977	0.09081502	-0.00551677	0.10675929	0.01031224	0.00234386	0.03042837
5.616644	0.09118918	-0.00527001	0.10734039	0.01550494	0.00584519	0.02193534
5.633311	0.09156779	-0.00504424	0.10763879	0.01605625	0.00629569	0.01263027
5.649977	0.09180532	-0.00495518	0.10771967	0.01402305	0.00448874	0.00271362
5.666644	0.09193657	-0.00499439	0.10761755	0.01161204	0.00198237	-0.00679354
5.683311	0.09207512	-0.00503673	0.10743307	0.01042720	0.00007025	-0.01434030
5.699977	0.09225318	-0.00502227	0.10713153	0.01106472	-0.00095549	-0.02052870
5.716644	0.09246842	-0.00494843	0.10676267	0.01215094	0.00004128	-0.02538106
5.733310	0.09268577	-0.00501273	0.10624472	0.01237673	0.00300047	-0.02856687
5.749977	0.09291258	-0.00504457	0.10570943	0.01161852	0.00618574	-0.02998107
5.766644	0.09310450	-0.00493116	0.10515647	0.00971101	0.00902461	-0.03003449
5.783310	0.09325967	-0.00461833	0.10469428	0.00659509	0.01055619	-0.02919198
5.799977	0.09336711	-0.00433221	0.10424073	0.00273538	0.00915819	-0.02731759
5.816643	0.09337422	-0.00416293	0.10378797	-0.00070490	0.00454331	-0.02405575
5.833310	0.09330499	-0.00421094	0.10333035	-0.00349262	-0.00152445	-0.01948685
5.849977	0.09317646	-0.00431950	0.10301997	-0.00586050	-0.00618374	-0.01314243
5.866643	0.09308637	-0.00450922	0.10285946	-0.00778946	-0.00860687	-0.00477845
5.883310	0.09297035	-0.00466368	0.10287602	-0.00991673	-0.00965443	0.00481261
5.899976	0.09280427	-0.00480665	0.10301445	-0.01285070	-0.00969917	0.01459731
5.916643	0.09257181	-0.00496270	0.10334015	-0.01561279	-0.00935835	0.02337588
5.933310	0.09224062	-0.00514961	0.10381705	-0.01589200	-0.00917450	0.03031169
5.949976	0.09188997	-0.00528426	0.10446838	-0.01270985	-0.00865659	0.03426875
5.966643	0.09162873	-0.00544888	0.10511112	-0.00658515	-0.00697864	0.03426499
5.983309	0.09158676	-0.00553995	0.10574969	0.00042588	-0.00406067	0.03071536
5.999976	0.09174652	-0.00564275	0.10621192	0.00630776	-0.00056718	0.02518273
6.016643	0.09199271	-0.00560132	0.10656216	0.00960175	0.00255477	0.01876548
6.033309	0.09218004	-0.00549461	0.10678620	0.00995901	0.00458376	0.01229537
6.049976	0.09232308	-0.00534259	0.10696467	0.00866551	0.00504294	0.00655255
6.066642	0.09241785	-0.00524950	0.10702148	0.00773023	0.00406467	0.00127718
6.083309	0.09253245	-0.00520992	0.10700570	0.00844877	0.00314673	-0.00369349
6.099976	0.09265871	-0.00522833	0.10687251	0.01214632	0.00426385	-0.01051549
6.116642	0.09284703	-0.00518726	0.10669114	0.01769732	0.00703144	-0.01907751
6.133309	0.09313754	-0.00507772	0.10640063	0.02248270	0.00971275	-0.02768878
6.149975	0.09367323	-0.00476367	0.10579105	0.02470961	0.01063719	-0.03479137
6.166642	0.09420785	-0.00452624	0.10505520	0.02332473	0.00909041	-0.03976942
6.183309	0.09466231	-0.00433809	0.10424724	0.01724380	0.00567206	-0.04079917
6.199975	0.09486221	-0.00436834	0.10358004	0.00642556	0.00042995	-0.03727578
6.216642	0.09488425	-0.00443436	0.10298844	-0.00670432	-0.00531976	-0.03047467
6.233308	0.09467834	-0.00450828	0.10252283	-0.01926702	-0.01095755	-0.02143645
6.249975	0.09421179	-0.00472588	0.10220239	-0.02932393	-0.01539588	-0.00983786
6.266642	0.09355327	-0.00502106	0.10208759	-0.03615006	-0.01895190	0.00412361
6.283308	0.09282561	-0.00548226	0.10223565	-0.03725599	-0.01988666	0.01763232
6.299974	0.09212811	-0.00585554	0.10274958	-0.03174973	-0.01721454	0.02828192
6.316641	0.09156200	-0.00617523	0.10343751	-0.02159321	-0.01069823	0.03572061
6.333308	0.09129097	-0.00627705	0.10415407	-0.01014032	-0.00200398	0.03879257
6.349975	0.09130538	-0.00624021	0.10475889	-0.00086148	0.00508744	0.03726885
6.366641	0.09151043	-0.00599312	0.10540024	0.00464348	0.00883241	0.03243165
6.383307	0.09170040	-0.00571622	0.10592866	0.00684413	0.00886998	0.02589493
6.399974	0.09175005	-0.00555287	0.10637933	0.00726937	0.00699093	0.01822907
6.416641	0.09179007	-0.00552183	0.10656692	0.00791560	0.00524748	0.01026046
6.433308	0.09189978	-0.00556877	0.10663092	0.01085301	0.00492394	0.00277528
6.449974	0.09213293	-0.00549873	0.10655770	0.01542369	0.00614169	-0.00395646
6.466640	0.09245030	-0.00530149	0.10649288	0.01894988	0.00824335	-0.00938185
6.483307	0.09284659	-0.00510796	0.10629871	0.02005403	0.00942080	-0.01452295
6.499974	0.09323944	-0.00492275	0.10601929	0.01885332	0.00850439	-0.01960583
6.516641	0.09354759	-0.00481728	0.10562497	0.01622963	0.00547964	-0.02514562
6.533307	0.09376676	-0.00473302	0.10514500	0.01277672	0.00236294	-0.02939620
6.549973	0.09391851	-0.00470097	0.10463290	0.00902466	0.00039766	-0.03126738
6.566640	0.09405989	-0.00480018	0.10400175	0.00546927	-0.00046425	-0.03066146
6.583307	0.09414653	-0.00480995	0.10347892	0.00135128	-0.00123038	-0.02839506
6.599974	0.09414550	-0.00483664	0.10301971	-0.00421593	-0.00155394	-0.02409725
6.616640	0.09406393	-0.00478436	0.10269006	-0.01176317	-0.00168197	-0.01692242
6.633307	0.09380797	-0.00484438	0.10241342	-0.02084994	-0.00289485	-0.00719505
6.649973	0.09341715	-0.00491367	0.10228074	-0.02959222	-0.00538361	0.00417122
6.666640	0.09279219	-0.00500297	0.10244723	-0.03461941	-0.00824899	0.01482102
6.683307	0.09203982	-0.00515683	0.10289277	-0.03369162	-0.00956504	0.02345411
6.699973	0.09133644	-0.00536853	0.10349560	-0.02670455	-0.00933509	0.02919105
6.716640	0.09092204	-0.00559838	0.10402410	-0.01530873	-0.00758689	0.03136342
6.733306	0.09084820	-0.00571177	0.10450032	-0.00256033	-0.00413689	0.03077154
6.749973	0.09102710	-0.00571855	0.10499925	0.00882499	-0.00021183	0.02852343
6.766640	0.09129192	-0.00566352	0.10549247	0.01677650	0.00265845	0.02474538
6.783306	0.09162302	-0.00553943	0.10597493	0.02094273	0.00370586	0.01887568
6.799973	0.09201808	-0.00548903	0.10625377	0.02246642	0.00333080	0.01139247
6.816639	0.09244942	-0.00542399	0.10634048	0.02292527	0.00236432	0.00373987
6.833306	0.09284463	-0.00542614	0.10626383	0.02244671	0.00152015	-0.00312300
6.849972	0.09318440	-0.00541741	0.10612031	0.02135658	0.00156635	-0.00910308
6.866639	0.09352555	-0.00538832	0.10598893	0.02036639	0.00240190	-0.01443023
6.883306	0.09384084	-0.00536517	0.10574222	0.02002493	0.00389640	-0.01943965
6.899972	0.09418758	-0.00526551	0.10535254	0.01900535	0.00553801	-0.02448684
6.916639	0.09451208	-0.00516720	0.10485605	0.01576855	0.00751977	-0.02842218
6.933305	0.09483476	-0.00502117	0.10429221	0.01023718	0.00846701	-0.03062003
6.949972	0.09498671	-0.00485699	0.10376542	0.00332636	0.00794220	-0.03081185
6.966639	0.09494844	-0.00466916	0.10327528	-0.00344352	0.00565607	-0.02923098
6.983305	0.09475023	-0.00459007	0.10276992	-0.00925522	0.00189449	-0.02608529
6.999972	0.09450541	-0.00456537	0.10235281	-0.01342917	-0.00229656	-0.02078255
7.016638	0.09429254	-0.00471857	0.10196994	-0.01713976	-0.00641865	-0.01248141
7.033305	0.09402537	-0.00485749	0.10180059	-0.02120466	-0.01028462	-0.00188668
7.049972	0.09368559	-0.00505073	0.10185372	-0.02494602	-0.01368719	0.00888843
7.066638	0.09315252	-0.00527066	0.10216958	-0.02661134	-0.01492463	0.01844674
7.083305	0.09258268	-0.00558137	0.10264567	-0.02397852	-0.01378238	0.02568419
7.099971	0.09211664	-0.00592847	0.10312634	-0.01659687	-0.01033243	0.03041291
7.116638	0.09187827	-0.00607104	0.10365749	-0.00628414	-0.00584619	0.03202201
7.133305	0.09195854	-0.00607435	0.10420732	0.00312911	-0.00081765	0.03133913
7.149971	0.09218749	-0.00593867	0.10480297	0.00971463	0.00290773	0.02885871
7.166638	0.09248202	-0.00587686	0.10528472	0.01339895	0.00398092	0.02433243
7.183304	0.09266826	-0.00580323	0.10565794	0.01541136	0.00318779	0.01781668
7.199971	0.09287079	-0.00577717	0.10587975	0.01704148	0.00214890	0.00976894
7.216638	0.09315355	-0.00575278	0.10598684	0.01949847	0.00233957	0.00098966
7.233304	0.09354968	-0.00573668	0.10595152	0.02301300	0.00322367	-0.00842675
7.249971	0.09397850	-0.00569355	0.10574216	0.02558335	0.00487289	-0.01736707
7.266637	0.09444258	-0.00557655	0.10535109	0.02534612	0.00628828	-0.02485643
7.283304	0.09490588	-0.00544875	0.10479533	0.02185547	0.00706800	-0.02980691
7.299971	0.09530972	-0.00527406	0.10421718	0.01537825	0.00622720	-0.03167325
7.316637	0.09553088	-0.00518631	0.10364675	0.00657952	0.00378583	-0.03081680
7.333304	0.09555909	-0.00510665	0.10316167	-0.00328415	0.00200840	-0.02663373
7.349970	0.09536349	-0.00516237	0.10273062	-0.01138312	0.00159801	-0.02005131
7.366637	0.09505724	-0.00521876	0.10236685	-0.01604985	0.00182014	-0.01222686
7.383304	0.09465566	-0.00513760	0.10227185	-0.01757491	0.00049380	-0.00461424
7.399970	0.09437498	-0.00504368	0.10228430	-0.01770928	-0.00212137	0.00330993
7.416637	0.09412101	-0.00498097	0.10248705	-0.01857992	-0.00593730	0.01149599
7.433303	0.09390969	-0.00524077	0.10264330	-0.02094024	-0.01016663	0.01904816
7.449970	0.09354462	-0.00552422	0.10300998	-0.02390215	-0.01296844	0.02510539
7.466637	0.09303777	-0.00582898	0.10352728	-0.02403794	-0.01197695	0.02972734
7.483303	0.09249536	-0.00600590	0.10416533	-0.01908098	-0.00709518	0.03310891
7.499970	0.09209138	-0.00608406	0.10475060	-0.00895336	-0.00157315	0.03373774
7.516636	0.09206459	-0.00603811	0.10529462	0.00282259	0.00264688	0.03179164
7.533303	0.09233911	-0.00588809	0.10580597	0.01237472	0.00454884	0.02824251
7.549970	0.09279439	-0.00575911	0.10628608	0.01656740	0.00455249	0.02387645
7.566636	0.09315132	-0.00569337	0.10665984	0.01559066	0.00300493	0.01831580
7.583303	0.09336232	-0.00569029	0.10693642	0.01211793	0.00124539	0.01146474
7.599969	0.09342197	-0.00571273	0.10705581	0.00939395	0.00042041	0.00408126
7.616636	0.09351390	-0.00571913	0.10706419	0.01030274	0.00090597	-0.00410517
7.633303	0.09365790	-0.00569747	0.10692075	0.01529379	0.00287796	-0.01298347
7.649969	0.09394444	-0.00564992	0.10668442	0.02267955	0.00595613	-0.02145280
7.666636	0.09438979	-0.00554409	0.10621207	0.02808064	0.00858346	-0.02837304
7.683302	0.09499957	-0.00535285	0.10562801	0.02755534	0.00947847	-0.03321058
7.699969	0.09566277	-0.00509797	0.10495750	0.02003331	0.00829880	-0.03537099
7.716636	0.09603635	-0.00493248	0.10435623	0.00750101	0.00537691	-0.03443184
7.733302	0.09597747	-0.00489019	0.10378665	-0.00582172	0.00030716	-0.03224267
7.749969	0.09556585	-0.00497067	0.10329326	-0.01585184	-0.00603478	-0.02944746
7.766635	0.09505142	-0.00508452	0.10284725	-0.02024551	-0.01029646	-0.02436480
7.783302	0.09472430	-0.00534227	0.10238963	-0.02005954	-0.01158551	-0.01608620
7.799969	0.09447566	-0.00564485	0.10207703	-0.01821536	-0.01139186	-0.00626518
7.816635	0.09428311	-0.00582049	0.10208485	-0.01739274	-0.01071282	0.00431793
7.833302	0.09396414	-0.00592858	0.10235888	-0.01761347	-0.00808891	0.01541494
7.849968	0.09359916	-0.00600411	0.10275973	-0.01703634	-0.00467362	0.02451582
7.866635	0.09325627	-0.00616263	0.10320338	-0.01455913	-0.00245724	0.02893739
7.883302	0.09302798	-0.00615379	0.10377698	-0.01027007	-0.00169647	0.02888482
7.899968	0.09293881	-0.00611711	0.10435293	-0.00669348	0.00010515	0.03009931
7.916635	0.09292447	-0.00607355	0.10480567	-0.00284852	-0.00005619	0.02620663
7.933301	0.09291815	-0.00612911	0.10512666	0.00099645	-0.00021752	0.02231394
